Random waveform, supplied seed
Total number of intervals = 20 (6927, 52892, 98921, 61129, 40613, 53226, 38560, 103465, 104758, 94759, 37799, 8296, 69443, 12517, 43591, 20430, 93758, 10485, 16518, 83230)
Average QPS expected = 52565
Timestamp start: 1778624596606
Timestamp end: 1778624896880

#type       avg     std     min      p5     p10     p50     p67     p75     p80     p85     p90     p95     p99    p999   p9999      QPS   target
read      263.3   284.7   101.3   158.6   170.5   232.4   259.8   274.6   288.2   303.7   323.5   362.9   970.8  5040.6  8329.9   6908.6     6927
read      290.5   255.3    80.4   133.3   147.1   258.8   323.3   357.8   382.0   409.8   444.9   499.7   650.8  4444.2  8131.3  52786.7    52892
read      577.5   883.4    80.4   152.0   174.2   313.1   403.1   463.6   507.7   568.1   747.2  3311.4  3714.8  7848.0  9419.9  99107.1    98921
read      314.8   287.0    80.4   133.7   148.2   259.0   325.9   366.1   396.7   435.0   490.6   590.9  1339.5  3456.8  7880.9  61034.7    61129
read      276.7   128.4    86.8   136.5   150.5   260.9   317.2   345.6   366.0   389.0   417.3   460.9   567.0  1366.4  3192.4  40543.5    40613
read      279.4   151.3    80.4   131.4   145.1   253.8   317.7   352.0   376.5   403.9   439.8   495.0   627.1  1803.5  3404.8  53315.6    53226
read      274.6   126.4    80.4   137.2   151.1   261.4   316.5   343.2   362.0   383.0   408.5   448.1   538.4  1320.1  3182.6  38619.2    38560
read      621.6   948.5    80.4   151.0   173.2   324.1   420.0   486.4   536.1   600.5   781.9  3402.1  3739.6  7849.1  9556.2 103675.1   103465
read      614.4   814.2    80.4   172.5   200.1   355.0   456.0   516.7   567.0   655.9  1539.2  2620.1  3714.7  7724.5  9446.7 104789.9   104758
read      534.7   804.3    86.8   162.0   184.9   313.3   391.7   449.1   496.1   558.1   673.4  2906.2  3710.6  7825.3  9418.7  94766.1    94759
read      289.4   275.5    80.4   137.9   151.6   254.7   308.3   337.3   357.9   381.9   412.9   463.9   915.3  3615.4  7983.7  37850.7    37799
read      250.1   153.6    93.8   152.9   165.7   232.9   262.0   277.8   291.1   306.5   325.4   359.3   636.5  1992.4  5708.6   8314.8     8296
read      312.6   381.9    80.4   131.9   145.7   253.2   325.5   367.3   398.8   436.8   488.5   569.1   902.1  6452.0 10510.1  69431.8    69443
read      276.0   168.5    86.8   152.0   167.2   256.3   295.0   315.8   330.8   347.1   371.3   412.5   822.1  2094.2  7213.7  12518.3    12517
read      289.0   231.0    74.4   135.7   149.6   262.6   323.5   354.9   376.4   400.7   432.0   483.3   638.1  3484.0  7716.1  43586.5    43591
read      312.6   317.1    86.8   144.0   160.9   279.8   332.4   359.0   377.7   399.7   428.7   480.4  1238.3  3515.3 12746.1  20473.1    20430
read      589.8   913.7    86.8   152.8   173.9   308.3   396.3   460.7   507.4   568.7   753.5  3339.9  3730.0  7832.4  9489.8  93728.7    93758
read      267.0   225.2    93.8   152.2   166.1   242.4   274.4   294.9   309.1   324.6   345.9   387.8   854.2  3074.4  7948.1  10481.7    10485
read      297.5   222.0    93.8   148.2   164.4   271.4   318.7   342.1   359.5   379.4   405.1   454.2  1045.9  2780.5  7724.2  16518.0    16518
read      384.3   488.5    80.4   137.3   152.5   267.3   342.3   396.0   443.7   510.2   613.8   890.6  2980.8  5901.9  8370.7  83273.1    83230

Total QPS = 52586.2 (15775850 / 300.0s)

Total connections = 64
Misses = 0 (0.0%)
Skipped TXs = 0 (0.0%)

RX 3896634950 bytes :   12.4 MB/s
TX          0 bytes :    0.0 MB/s
Warning! Detected max cpu usage > 95%
CPU Usage Stats (avg/min/max): 99.72%,49.75%,100.00%
