Random waveform, supplied seed
Total number of intervals = 450 (6927, 52892, 98921, 61129, 40613, 53226, 38560, 103465, 104758, 94759, 37799, 8296, 69443, 12517, 43591, 20430, 93758, 10485, 16518, 83230, 5484, 55611, 20774, 96726, 32442, 73039, 74055, 51197, 59442, 35654, 78747, 42212, 52488, 36950, 16762, 79473, 61431, 87172, 108181, 80515, 37149, 13444, 72057, 70041, 90162, 52082, 24258, 72013, 58012, 45398, 50177, 34504, 66010, 73937, 55020, 53235, 97743, 5419, 14764, 7451, 48208, 16149, 78989, 18886, 75954, 44409, 16431, 85707, 58253, 103867, 21604, 90401, 84467, 99700, 32052, 18173, 67789, 51929, 83850, 18614, 29315, 108090, 27024, 49907, 9150, 34328, 51881, 14569, 81517, 78694, 93409, 39093, 18729, 70818, 21942, 91810, 39588, 40957, 62645, 15539, 107672, 32954, 58866, 23739, 54701, 60706, 72350, 58661, 34912, 103268, 38703, 83358, 57408, 86837, 33517, 66204, 73758, 99742, 109462, 94453, 44096, 100467, 8576, 59359, 7614, 60329, 43762, 67038, 26095, 71173, 109276, 13150, 61250, 84472, 82226, 27671, 98736, 106314, 105027, 96867, 89493, 50538, 22083, 48618, 94298, 63579, 64573, 77178, 29824, 64495, 20917, 85651, 61935, 50216, 72251, 71798, 19701, 24952, 81838, 26648, 24837, 29420, 103882, 70314, 61679, 49557, 19325, 9128, 94933, 24327, 71896, 93771, 20452, 42338, 72627, 80603, 49049, 92305, 56889, 78036, 71583, 72609, 107382, 86530, 16550, 84534, 72631, 49291, 62175, 80213, 16566, 53985, 101949, 24076, 52574, 106271, 105451, 86087, 29108, 101115, 74326, 75832, 94901, 15809, 28874, 51882, 32653, 41676, 63019, 99164, 47055, 62394, 98519, 32122, 49464, 24034, 77363, 91698, 38997, 86028, 83012, 15024, 56640, 97362, 107412, 65030, 79278, 47544, 105368, 58181, 56960, 14849, 63672, 48289, 11797, 10781, 49362, 102119, 46213, 97025, 18351, 21426, 43013, 67376, 36043, 6255, 102499, 26263, 56974, 40869, 46514, 11431, 58600, 68058, 54502, 64022, 52142, 101375, 40606, 47485, 48977, 38615, 80279, 75843, 67095, 41325, 55752, 85561, 14194, 88002, 90515, 109283, 26699, 37400, 19307, 11527, 83787, 22209, 75169, 73833, 94641, 61338, 91825, 77235, 37257, 32057, 108618, 72930, 43714, 87369, 56640, 97360, 79788, 11352, 87962, 40663, 59386, 48302, 19398, 82197, 77387, 72753, 7720, 46279, 42102, 90892, 39976, 61084, 16735, 45909, 28976, 84704, 101822, 92571, 12106, 58568, 51319, 21556, 14191, 29072, 16350, 86891, 104441, 8906, 42175, 51797, 76678, 19630, 100132, 40498, 108559, 23964, 70760, 99567, 107548, 53742, 103931, 60359, 9725, 52014, 40053, 86436, 23983, 66595, 26056, 51764, 40202, 76665, 11133, 80405, 79106, 97258, 36307, 28636, 41620, 75736, 44979, 31478, 37586, 108330, 64301, 11203, 7291, 87477, 77485, 42055, 26865, 94592, 66869, 17835, 55977, 82437, 15775, 87559, 105401, 88752, 94531, 101303, 86640, 84818, 20221, 43599, 52779, 89855, 48532, 107423, 46535, 47535, 49633, 30334, 17207, 106074, 48912, 96483, 39228, 92350, 85084, 81993, 101617, 16730, 71079, 108942, 55406, 42279, 21876, 34140, 42897, 18462, 100375, 41347, 101594, 47486, 73393, 51134, 58201, 71020, 72071, 93446, 28724, 59269, 74624, 52368, 9687, 44165, 6895, 55457, 61164, 108384, 33319, 97895, 39720, 68554, 86849, 30264, 100754, 98098, 86028, 93054, 42348, 29490, 18187, 95113, 8570, 62285, 52582, 34260, 59493, 58208, 93458, 18056)
Average QPS expected = 58024
Timestamp start: 1778504230477
Timestamp end: 1778506030898

#type       avg     std     min      p5     p10     p50     p67     p75     p80     p85     p90     p95     p99    p999   p9999      QPS   target
read      243.1   106.2    93.8   160.3   174.4   234.7   258.5   271.7   281.8   293.5   310.2   339.2   438.0   974.4  3144.1   6840.2     6927
read      314.2   195.3    74.4   127.9   143.6   272.7   341.5   393.4   431.6   475.1   530.8   621.5   878.6  1959.0  4229.5  52804.2    52892
read      303.5   288.2    74.4   130.4   146.3   249.8   303.2   334.1   359.0   392.5   443.1   556.0  1642.8  3389.3  7461.9  98829.2    98921
read      258.8   105.2    74.4   127.2   142.0   246.5   297.0   321.8   340.0   362.8   392.8   436.6   528.9   680.5  1924.1  61203.5    61129
read      262.5    99.2    80.4   135.9   152.4   258.6   298.2   317.6   332.8   350.6   374.9   414.1   492.5   673.9  2027.9  40592.5    40613
read      260.2   108.8    74.4   130.1   145.2   251.8   298.3   320.2   336.7   356.6   383.6   424.5   514.7   722.3  3031.8  53066.2    53226
read      263.6   111.0    80.4   138.2   154.8   259.6   298.1   317.1   331.9   348.8   373.4   412.6   500.5   637.3  1658.0  38410.2    38560
read      263.6   131.9    74.4   128.6   143.6   242.6   293.0   319.9   341.1   367.8   402.9   462.7   605.4  1341.5  3663.4 103363.8   103465
read      260.8   114.6    74.4   128.5   143.5   241.7   291.9   318.5   339.0   364.9   398.8   455.3   585.9  1096.2  2134.9 104898.5   104758
read      257.6   149.9    74.4   125.5   140.3   235.7   287.3   314.5   334.7   360.1   394.4   448.4   583.7  1405.5  3948.6  94639.8    94759
read      262.9    91.1    74.4   137.8   154.6   259.3   298.1   317.6   332.5   349.4   373.8   409.4   486.0   601.9  1929.4  37841.8    37799
read      239.5   100.4    86.8   162.1   175.5   231.4   253.2   266.2   274.7   287.1   301.6   326.7   403.7  1073.8  5403.7   8326.8     8296
read      252.8   112.8    74.4   123.3   138.0   237.2   288.4   314.2   333.0   356.0   387.3   433.8   533.4   721.5  2937.5  69349.2    69443
read      244.1    72.6    86.8   160.6   176.2   239.5   262.8   274.7   285.4   296.6   313.2   339.1   399.6   893.8  3076.1  12390.2    12517
read      260.0    96.4    74.4   131.8   148.8   254.6   296.5   317.0   332.5   350.5   375.7   414.6   499.0   681.9  1942.4  43449.0    43591
read      255.3    98.9    86.8   152.5   171.6   251.6   279.2   294.1   305.2   317.3   336.4   368.1   433.4   834.3  3447.6  20417.0    20430
read      255.5   120.7    74.4   125.5   140.1   235.8   286.2   313.1   332.9   357.8   391.6   445.1   573.1  1095.0  3249.8  93632.8    93758
read      245.4    87.0    86.8   164.2   179.6   239.5   262.9   274.9   285.3   295.9   311.6   336.3   401.4   902.9  4009.2  10517.2    10485
read      251.0    73.1    86.8   156.7   175.1   247.3   273.3   287.8   297.2   310.5   326.1   354.8   420.7   594.2  2011.4  16264.8    16518
read      248.7   108.4    74.4   121.5   135.6   230.7   281.8   308.9   327.8   350.3   382.8   432.9   545.3   870.1  2105.6  83279.0    83230
read      236.4   151.2    80.4   161.7   174.4   226.6   247.2   258.9   268.1   278.6   294.1   319.2   399.4  1748.4  8021.4   5488.2     5484
read      254.1   105.2    74.4   125.4   140.5   244.2   291.8   314.7   331.5   351.7   379.4   420.1   506.9   716.8  2643.3  55556.5    55611
read      251.2    99.8    86.8   149.8   168.3   247.6   274.6   289.9   300.4   313.3   330.3   360.6   426.5   760.2  4022.6  20812.2    20774
read      252.0   109.2    74.4   123.8   138.5   233.0   283.3   310.5   330.0   354.3   388.2   440.8   563.9   929.4  1961.5  96219.2    96726
read      260.4   101.5    80.4   140.2   158.2   257.8   291.9   309.7   321.3   338.2   360.6   395.4   466.3   789.0  4392.1  32580.5    32442
read      256.2   107.6    74.4   124.8   139.5   239.8   292.1   318.2   337.4   361.7   394.5   443.1   544.7   849.3  1918.0  73102.0    73039
read      254.6   127.0    74.4   124.0   138.7   237.3   289.2   315.4   334.2   357.2   388.9   435.3   541.7   987.6  4893.6  74193.8    74055
read      258.7    96.8    80.4   129.3   144.5   251.2   297.4   319.6   336.3   356.4   383.5   423.5   505.1   635.5  1139.3  51396.0    51197
read      257.7    98.8    74.4   126.9   141.7   245.9   296.4   320.6   338.8   361.9   391.7   432.9   521.3   682.0  1372.5  59499.0    59442
read      261.2    96.3    74.4   138.8   156.1   257.2   294.5   313.4   326.8   342.9   367.2   402.4   483.5   650.8  3081.4  35648.0    35654
read      257.1   128.0    74.4   125.4   139.9   238.1   290.2   316.8   336.1   360.6   394.0   445.8   566.1  1017.9  4186.6  78677.5    78747
read      262.2    90.2    74.4   135.8   152.1   257.5   298.4   318.7   334.0   351.8   377.9   416.6   496.2   652.2  1470.7  42262.5    42212
read      263.1    97.3    74.4   132.8   148.5   254.5   300.8   323.6   340.3   361.7   389.5   430.1   526.9   711.6  1458.2  52631.8    52488
read      263.0    85.0    80.4   139.2   156.7   260.0   297.8   316.5   330.6   346.3   371.2   405.4   482.8   592.5  1124.8  36808.2    36950
read      251.7    86.2    80.4   156.1   174.3   246.6   272.3   287.3   297.1   310.7   327.3   360.0   431.6   909.5  3024.2  16844.2    16762
read      254.6   111.7    74.4   124.5   139.1   236.7   288.6   315.5   335.0   359.2   392.5   442.5   551.9   781.6  2580.1  79479.0    79473
read      258.1   115.0    74.4   126.1   141.2   244.9   295.2   319.8   337.7   360.0   390.1   434.9   537.9   738.1  3875.2  61278.2    61431
read      256.3   122.9    74.4   124.9   139.5   236.6   288.3   315.1   334.7   359.3   393.3   447.8   576.6  1081.1  2799.4  87121.8    87172
read      261.5   124.0    74.4   128.7   143.9   241.4   291.0   318.0   338.1   363.5   398.4   456.6   591.5  1280.3  3256.6 108011.8   108181
read      255.3   117.4    74.4   125.0   139.5   236.6   288.8   315.5   334.6   358.2   391.2   442.4   560.0   921.2  2678.8  80238.0    80515
read      262.3   115.2    80.4   138.3   155.1   258.6   296.1   315.2   329.0   344.8   369.0   404.1   479.6   617.6  5716.9  36995.0    37149
read      245.0    87.9    86.8   160.2   175.9   239.2   262.8   274.7   285.2   296.0   312.7   340.4   413.3   933.4  2541.8  13476.8    13444
read      256.0   106.7    74.4   125.0   139.5   240.2   292.2   318.3   337.0   360.4   392.8   442.1   546.8   776.6  1825.9  72172.2    72057
read      255.3   124.1    74.4   124.5   138.9   239.6   291.4   317.2   335.5   358.1   389.4   435.3   539.0   752.4  4317.6  69893.0    70041
read      258.8   144.0    74.4   125.0   139.7   237.0   288.4   315.5   335.2   360.3   395.6   452.6   591.3  1654.8  4103.3  90069.0    90162
read      258.7   112.0    74.4   128.6   143.8   250.0   295.9   317.8   334.1   353.4   380.8   423.4   511.8   742.2  3417.7  52065.8    52082
read      255.7    78.8    74.4   148.2   166.2   253.4   283.0   298.5   310.5   323.1   341.6   372.4   442.5   656.5  1986.6  24163.8    24258
read      254.4   110.3    74.4   123.7   138.3   238.3   289.9   315.8   334.2   357.2   389.9   438.1   556.7   816.2  2587.5  71972.2    72013
read      256.8   100.1    74.4   127.4   141.8   246.6   294.9   318.5   335.3   355.7   385.1   429.7   521.6   687.5  1668.9  57990.5    58012
read      258.9   110.5    74.4   131.1   147.3   253.1   295.0   315.2   329.9   346.3   372.1   411.4   501.2   777.6  3692.2  45446.8    45398
read      258.5    94.1    74.4   130.1   145.7   251.5   296.8   318.6   334.6   353.7   381.2   421.3   503.7   641.4  1297.7  50085.8    50177
read      259.5   108.4    80.4   138.9   156.5   256.1   291.6   309.9   322.0   338.5   360.8   395.9   468.5   625.0  5025.3  34548.0    34504
read      256.0   115.1    68.9   124.6   139.3   241.4   292.1   317.3   335.6   358.1   389.0   436.2   540.1   785.1  2793.0  66018.5    66010
read      256.6   116.4    74.4   124.9   139.8   240.1   292.5   318.8   337.8   361.9   394.6   444.3   555.1   757.2  1951.9  73751.0    73937
read      259.3   110.9    74.4   128.7   144.0   249.5   297.0   320.1   336.7   357.1   386.0   429.2   517.2   690.6  2356.8  55196.5    55020
read      260.8   126.3    74.4   129.3   144.7   250.6   297.5   320.4   337.2   357.9   386.5   427.7   511.2   842.3  5007.0  53031.2    53235
read      257.1   122.5    74.4   126.1   140.9   237.2   288.0   315.2   334.9   359.6   393.7   448.0   577.2  1152.2  3155.7  97770.2    97743
read      233.0    95.4    93.8   159.0   171.6   223.6   245.6   258.0   267.5   278.2   294.1   321.0   431.1   966.3  3720.1   5446.5     5419
read      245.3    78.2    93.8   156.6   173.9   241.3   265.3   277.7   288.0   298.8   314.8   342.3   411.3   861.2  3779.0  14777.0    14764
read      234.4    92.9   101.3   160.4   173.7   226.8   248.0   259.9   268.6   278.7   293.6   318.6   396.6  1004.1  3676.1   7544.0     7451
read      261.5    99.0    80.4   131.3   147.3   254.6   298.8   320.4   336.6   356.1   383.3   424.0   511.6   725.7  1900.5  48068.5    48208
read      249.2    79.9    86.8   156.7   175.2   245.7   269.8   283.4   293.1   305.2   319.2   346.4   413.4   875.0  3179.9  16092.5    16149
read      257.0   112.8    74.4   125.0   139.7   239.0   290.7   317.6   337.3   362.2   396.0   449.9   569.2   835.2  2497.5  79174.8    78989
read      252.0    72.7    80.4   154.4   172.8   248.6   274.4   289.1   298.9   312.4   329.6   360.1   431.4   728.2  1919.0  18903.8    18886
read      254.6   111.0    80.4   124.2   138.9   237.5   289.4   315.9   334.7   358.2   391.3   439.8   553.0   820.8  1843.0  75752.5    75954
read      261.2   101.9    74.4   133.1   149.5   256.6   298.2   318.7   333.9   351.0   376.0   416.6   496.9   633.4  3189.3  44292.2    44409
read      249.3    93.3    86.8   155.3   173.8   244.8   269.7   283.5   293.2   305.5   319.8   346.5   420.3   893.7  4012.1  16479.2    16431
read      254.5   123.1    74.4   123.6   138.2   235.2   286.5   313.7   333.2   357.1   391.0   444.4   572.3  1059.0  2708.0  85749.2    85707
read      257.8   100.9    80.4   127.9   142.8   247.3   295.7   319.3   336.4   357.5   387.2   430.7   521.2   693.5  1307.9  58220.5    58253
read      265.9   149.1    80.4   129.9   145.2   243.7   293.8   320.8   341.1   367.5   402.6   461.9   620.2  1839.4  4426.6 104168.2   103867
read      254.6    94.5    80.4   151.4   169.8   251.0   278.9   293.8   305.1   317.6   336.4   367.0   435.0   813.9  3621.1  21665.0    21604
read      256.1   122.5    74.4   125.6   140.1   236.4   287.6   314.6   334.2   358.6   392.7   445.9   575.1  1144.1  3561.5  90535.5    90401
read      254.8   107.2    74.4   124.9   139.3   236.8   288.9   316.1   335.5   359.6   392.9   444.9   556.8   840.4  1785.2  84418.8    84467
read      280.9  3248.2    74.4   126.2   140.8   235.5   285.6   312.4   331.7   355.3   389.0   442.0   562.6   989.3 14114.0  99630.5    99700
read      258.9   130.9    80.4   141.6   158.9   255.9   289.2   306.3   317.8   333.2   352.9   389.3   463.0   617.2  6473.3  32147.2    32052
read      534.3 12270.7    86.8   155.3   173.4   247.3   272.5   286.6   295.8   308.9   324.3   353.7   429.0  2349.4 628671.3  18324.8    18173
read      256.2   110.5    74.4   125.5   140.2   241.2   292.7   318.1   336.0   358.2   389.6   435.0   537.6   888.7  2767.2  67783.5    67789
read      261.5   107.7    80.4   129.8   145.3   252.8   299.5   321.9   338.5   358.8   386.2   428.0   522.5   796.4  3019.1  51950.2    51929
read      256.5   132.5    74.4   124.5   139.1   236.3   288.2   315.5   335.1   359.6   393.8   446.9   568.3  1211.4  4041.4  83750.8    83850
read      250.9    72.8    86.8   155.1   173.0   248.1   273.4   287.8   297.0   310.3   325.5   351.6   419.8   852.1  2067.7  18576.2    18614
read      261.9    88.0    80.4   144.1   162.4   259.8   292.3   309.7   321.1   337.4   359.1   394.7   463.7   599.9  2143.5  29317.2    29315
read      260.2   133.8    80.4   127.7   142.5   239.1   288.7   315.3   334.9   359.6   394.8   453.2   602.7  1541.1  3298.4 108019.5   108090
read      259.6   100.1    80.4   145.7   164.9   257.1   288.0   304.4   316.0   330.7   348.4   382.6   449.3   717.0  4130.7  27046.8    27024
read      260.4    99.2    74.4   130.4   146.2   253.1   298.1   320.5   336.8   356.5   383.8   425.0   512.2   643.4  1932.7  49760.2    49907
read      240.7    93.0    86.8   162.4   177.0   234.4   255.9   268.0   275.6   287.6   301.6   326.8   400.2   959.4  3865.6   9207.2     9150
read      260.8    82.6    80.4   139.4   157.0   259.0   294.6   313.0   326.0   341.9   365.2   399.9   469.3   588.0  1042.0  34324.8    34328
read      259.7   132.9    74.4   128.9   143.9   249.7   296.1   318.7   335.7   356.3   384.2   424.7   510.0   809.7  6240.5  51913.2    51881
read      247.1    86.9    86.8   158.0   175.5   242.7   266.6   279.3   289.3   300.2   315.6   340.9   409.9   930.8  2800.1  14673.0    14569
read      250.3   104.2    74.4   122.5   136.8   233.1   284.7   311.6   330.3   352.8   385.0   435.0   545.3   774.1  1854.4  81457.0    81517
read      252.4   120.5    74.4   122.7   137.2   233.9   286.3   313.1   331.9   354.7   388.0   436.8   555.2   918.4  3220.1  78762.0    78694
read      253.7   125.2    74.4   124.1   138.7   233.5   284.2   311.5   331.0   355.0   389.4   443.5   580.0  1090.8  2935.1  93352.2    93409
read      259.2   101.2    74.4   134.7   151.4   255.6   294.1   313.5   327.2   343.4   368.2   403.7   482.2   628.2  3181.4  39090.5    39093
read      249.7    69.2    80.4   152.7   171.0   247.2   273.0   287.4   296.9   310.2   325.6   353.1   423.0   675.3  1998.6  18765.5    18729
read      253.5   104.1    74.4   124.0   138.5   237.9   289.7   315.9   334.3   356.8   388.6   435.3   535.2   741.8  1908.0  70613.2    70818
read      253.0    83.4    86.8   149.6   168.0   251.0   278.4   292.9   303.8   316.3   334.1   363.6   429.3   700.7  1996.8  21989.8    21942
read      249.1   113.1    74.4   122.3   136.6   230.5   281.0   308.4   327.4   349.6   382.7   433.9   549.7   901.0  1891.0  91487.2    91810
read      260.1    92.2    74.4   135.4   152.5   257.1   296.2   315.7   329.4   344.5   368.9   403.4   478.3   619.5  1733.6  39690.8    39588
read      260.2   149.5    74.4   133.2   150.2   255.2   294.5   314.0   327.9   343.9   368.4   403.9   487.6   691.6  6094.7  40899.8    40957
read      255.6   108.9    74.4   125.3   140.2   242.7   294.2   318.8   336.3   357.5   387.1   431.6   526.5   690.5  1857.7  62545.0    62645
read      246.8    93.4    80.4   157.0   174.8   242.8   266.4   278.6   288.6   299.3   314.9   340.3   407.5   955.5  3937.4  15561.2    15539
read      259.7   153.4    74.4   127.0   141.8   237.6   287.4   314.4   334.1   358.8   393.9   451.9   587.2  1772.3  4975.9 107539.0   107672
read      259.3   104.9    74.4   139.7   156.9   256.8   291.6   309.5   321.1   337.2   358.4   393.5   463.0   669.3  3802.5  33113.2    32954
read      254.3    96.0    74.4   125.8   140.6   244.0   293.2   317.2   333.9   353.4   381.5   423.9   507.8   658.3  1253.5  58817.5    58866
read      253.6    90.1    74.4   148.1   166.4   251.4   279.5   294.5   305.8   317.9   336.3   367.1   433.2   596.8  4139.9  23833.2    23739
read      258.8   128.2    74.4   127.6   142.5   247.1   294.8   317.7   334.6   355.0   384.4   427.3   524.9   972.8  3900.7  54584.2    54701
read      257.0   113.1    74.4   126.1   141.0   244.2   294.6   319.0   336.5   358.0   387.4   431.6   528.0   745.5  3212.5  60985.0    60706
read      253.7   117.6    74.4   123.0   137.8   236.6   288.8   315.0   333.6   356.3   388.0   434.4   546.1   947.6  2544.9  72443.8    72350
read      260.1   103.9    80.4   129.5   144.7   248.3   297.5   321.6   338.7   360.6   390.2   433.6   535.2   739.0  1448.0  58867.5    58661
read      265.8    88.3    80.4   144.5   162.6   263.1   299.3   317.5   331.2   345.9   369.4   402.9   475.6   612.6  1882.4  35127.5    34912
read      254.3   137.6    74.4   124.8   139.5   232.8   282.0   309.1   328.3   351.8   386.0   439.8   590.7  1484.0  3641.0 103273.8   103268
read      262.7    88.5    80.4   139.3   156.2   260.4   297.9   316.6   330.3   345.4   369.2   404.0   481.4   608.8  1928.5  38657.5    38703
read      254.5   127.2    80.4   123.5   138.1   235.3   287.0   313.7   332.4   355.0   388.7   439.8   565.7  1307.0  3619.3  83338.5    83358
read      255.9   104.9    74.4   126.3   141.3   246.1   294.3   317.6   334.0   353.3   381.2   423.2   514.1   711.7  2695.7  57344.2    57408
read      249.1   107.3    74.4   121.9   136.3   231.3   282.5   309.6   328.3   349.9   382.9   433.3   544.2   812.8  2218.1  86869.2    86837
read      258.5   105.5    80.4   138.9   156.7   255.7   290.5   308.5   320.4   336.8   358.5   394.0   465.9   708.0  2699.5  33371.2    33517
read      253.2   114.4    74.4   123.4   138.3   238.8   289.9   315.2   333.1   354.2   383.8   427.9   524.9   773.5  3010.2  66225.2    66204
read      261.3   189.5    74.4   122.3   137.1   236.5   288.5   315.2   334.3   358.3   393.2   451.1   658.0  2152.8  8346.2  73639.0    73758
read      249.2   107.5    74.4   122.6   137.1   231.1   280.8   307.8   326.5   348.3   381.4   433.8   556.9   899.0  1964.8  99550.5    99742
read      253.3   117.4    80.4   125.3   140.0   233.7   283.0   309.9   328.9   351.4   385.1   437.7   576.5  1186.1  2619.1 109524.2   109462
read      248.4   128.1    74.4   120.7   134.8   227.6   278.3   306.0   324.8   346.2   379.0   433.3   578.6  1175.7  3907.2  94534.5    94453
read      255.1    90.6    74.4   129.6   145.7   250.6   292.3   312.5   326.5   343.0   367.7   403.9   487.9   592.4  1646.7  44040.8    44096
read      247.5   117.6    74.4   121.7   136.1   228.2   278.3   305.9   324.7   345.9   377.4   428.9   550.1  1007.4  3511.7 100623.5   100467
read      233.1    58.6    93.8   159.6   173.8   228.0   249.5   261.4   269.7   279.7   293.8   317.9   382.5   887.7  1264.0   8525.8     8576
read      252.6   103.3    74.4   123.8   138.8   241.7   290.8   314.6   331.1   349.9   377.5   420.7   513.1   683.8  2489.1  59163.2    59359
read      231.9    88.3    86.8   157.9   171.8   224.9   245.9   257.5   267.0   277.1   292.7   317.1   393.5   921.6  3910.4   7672.2     7614
read      254.4   114.1    74.4   123.7   138.6   242.2   292.3   316.4   333.2   352.9   382.7   427.2   522.5   712.3  3467.9  60221.0    60329
read      255.1   103.4    74.4   129.3   145.4   249.8   291.6   312.1   326.3   342.8   367.5   405.3   492.2   648.3  2242.9  43773.8    43762
read      250.4   111.3    74.4   121.4   135.8   236.2   287.4   312.7   330.0   350.0   380.6   425.3   523.5   742.5  2998.7  67003.5    67038
read      255.0   131.5    80.4   143.9   162.3   251.7   282.3   298.0   310.2   323.2   342.2   374.9   445.2   603.5  6733.1  26184.8    26095
read      252.1   147.6    74.4   122.1   136.7   235.9   287.8   313.7   331.8   353.5   385.1   430.7   532.2   741.5  4510.5  71155.0    71173
read      256.2   128.8    74.4   125.6   140.6   236.3   286.9   313.9   333.3   357.2   390.9   446.9   584.1  1077.0  2415.5 109026.8   109276
read      239.8    82.8    93.8   154.7   172.1   235.1   258.3   270.5   279.5   290.9   305.9   330.6   396.8   928.2  3166.5  13185.2    13150
read      250.7   102.7    68.9   122.2   136.8   239.6   289.6   313.6   330.2   348.9   376.9   419.9   506.3   682.2  2346.5  61240.5    61250
read      251.6   110.7    74.4   122.9   137.4   234.7   286.4   313.4   332.2   354.6   386.9   435.5   540.1   759.1  1986.4  84190.0    84472
read      248.2   107.5    74.4   121.0   135.2   231.3   282.7   309.5   327.9   348.3   380.4   430.7   539.5   742.1  2130.4  82127.8    82226
read      251.9    78.3    80.4   140.2   158.7   249.9   281.4   297.2   309.6   322.5   341.4   373.0   435.1   622.6  1920.3  27723.0    27671
read      244.4   108.0    74.4   120.0   134.0   226.6   275.9   302.8   321.0   342.9   373.6   425.7   543.1   855.3  1992.6  99099.5    98736
read      252.6   126.3    74.4   123.2   138.1   232.0   282.5   309.9   329.1   351.8   385.5   439.4   578.6  1341.8  3385.7 106172.5   106314
read      255.3   113.8    74.4   125.6   140.4   235.8   286.3   313.7   333.4   357.3   391.3   446.6   575.8   994.9  2606.5 105081.8   105027
read      245.6   108.4    74.4   120.3   134.5   227.1   277.4   304.7   323.4   345.2   377.6   428.9   547.8   828.2  1994.0  96725.5    96867
read      244.4   108.6    74.4   119.7   133.4   226.9   277.9   305.2   323.5   344.3   375.0   425.5   536.0   737.2  1632.0  89416.0    89493
read      253.5    95.7    74.4   126.4   141.9   246.3   291.3   313.5   328.8   345.5   371.6   411.9   498.2   621.9  1944.3  50565.8    50538
read      250.8    81.1    80.4   147.8   166.3   248.5   275.8   290.9   301.5   314.5   331.6   359.9   427.3   777.9  2585.0  22033.2    22083
read      253.0    95.7    74.4   127.1   142.7   247.5   291.1   312.2   326.4   342.6   366.4   403.4   487.8   638.3  2670.4  48628.2    48618
read      249.3   115.6    74.4   121.9   136.1   230.4   281.1   308.5   327.3   348.7   381.6   433.7   562.2   910.3  3240.9  94239.8    94298
read      251.0   100.7    74.4   121.9   136.7   238.4   289.5   314.5   331.8   351.8   380.9   425.1   516.9   662.2  1665.8  63721.0    63579
read      251.3   109.3    74.4   122.2   136.7   238.3   289.1   313.8   330.8   350.0   378.9   424.5   520.3   722.6  3016.4  64506.2    64573
read      248.3   113.5    74.4   120.7   134.7   231.8   283.8   310.3   328.2   348.1   378.2   427.4   537.4   745.5  2752.2  77067.5    77178
read      254.4    77.7    80.4   140.4   158.6   253.3   284.9   301.3   313.2   327.0   344.7   378.4   454.6   577.2  1240.8  29750.2    29824
read      249.7   110.7    74.4   122.5   137.0   237.2   287.2   311.5   328.0   346.1   374.2   419.4   512.8   680.9  3473.3  64359.8    64495
read      248.8    79.8    86.8   148.9   167.1   246.0   272.6   287.2   296.8   310.1   325.6   354.0   426.4   883.0  2188.8  21007.0    20917
read      249.3   118.2    74.4   121.6   135.8   230.9   282.6   309.9   328.5   349.8   382.6   434.1   548.5   836.9  2021.9  85714.5    85651
read      253.6   101.0    74.4   124.0   139.1   241.1   291.5   316.1   333.0   352.9   382.7   427.8   525.6   734.9  1749.8  61995.0    61935
read      257.8   105.8    74.4   129.1   145.0   250.4   295.7   317.8   333.2   350.7   377.2   416.3   496.4   651.8  3172.8  49960.8    50216
read      250.5   110.3    74.4   122.0   136.3   234.9   287.0   312.9   330.4   349.9   379.8   429.0   537.2   749.0  2832.4  72231.5    72251
read      251.8   104.8    74.4   122.5   137.1   236.6   288.6   314.5   332.3   353.3   384.4   432.0   537.2   746.3  1880.6  71625.0    71798
read      245.6    73.7    80.4   149.1   167.4   242.6   268.9   282.9   292.7   304.9   319.3   345.2   418.8   710.0  2383.2  19902.0    19701
read      252.2   100.3    74.4   144.9   163.0   249.8   278.6   293.6   304.7   317.1   334.5   363.5   433.4   876.7  4235.0  24976.5    24952
read      248.8   117.1    74.4   121.6   135.7   231.8   283.5   310.3   328.3   347.6   378.9   429.3   538.0   778.5  3072.4  81673.8    81838
read      250.5    75.5    80.4   142.6   161.0   249.1   278.8   294.1   305.5   317.9   336.2   365.8   432.3   569.3  1995.8  26578.8    26648
read      252.7    84.7    80.4   145.2   163.6   250.7   279.6   294.7   306.4   319.0   337.4   367.8   436.6   590.9  2289.4  24954.2    24837
read      256.7   114.1    80.4   141.5   159.7   254.2   286.0   302.2   313.8   327.3   344.5   378.3   452.7   833.5  4549.9  29488.2    29420
read      256.0   117.1    74.4   124.9   140.0   236.7   287.0   313.8   332.8   356.3   390.9   449.6   591.3  1001.9  2669.5 103736.8   103882
read      257.8   110.6    74.4   123.2   138.3   239.1   290.8   318.2   338.0   363.7   400.7   462.7   585.2   798.7  1439.4  70301.0    70314
read      253.9   109.0    68.9   123.8   138.9   241.5   290.7   314.8   331.5   350.7   379.4   426.6   536.1   807.1  2680.1  61649.2    61679
read      256.5    99.1    74.4   128.4   144.1   249.6   294.2   315.7   330.8   347.3   373.2   414.3   500.3   691.7  2479.2  49584.8    49557
read      245.3    76.7    86.8   149.2   167.2   242.7   269.0   282.9   292.6   304.7   319.3   344.9   410.2   664.3  2838.2  19242.5    19325
read      232.1    76.4    86.8   157.0   171.4   225.8   247.5   259.4   268.1   278.0   293.5   318.3   396.9   906.0  2501.4   9194.0     9128
read      250.8   111.4    74.4   122.7   137.4   232.1   283.1   310.2   329.1   351.2   384.6   436.9   559.9   911.9  2433.6  94767.8    94933
read      253.0    99.1    80.4   145.7   164.3   250.5   279.3   294.4   306.1   318.7   337.2   367.7   434.1   789.7  2482.2  24399.5    24327
read      250.0   105.5    74.4   121.6   135.9   234.9   287.0   313.1   330.9   351.1   381.6   428.8   528.5   707.6  1982.5  72003.5    71896
read      251.0   112.7    74.4   122.6   137.2   232.2   283.1   310.2   329.0   350.6   383.6   436.6   565.6  1004.6  2675.2  93501.0    93771
read      250.9   100.0    80.4   149.6   168.2   247.2   273.7   288.6   298.6   311.7   327.7   356.5   426.6   900.4  3755.9  20506.8    20452
read      257.8    93.7    80.4   132.3   149.1   253.6   294.7   314.6   328.7   344.4   369.5   405.5   485.2   622.8  2782.4  42371.8    42338
read      251.7   106.6    74.4   122.6   137.1   236.0   288.2   314.6   332.6   353.6   384.6   432.6   535.4   742.8  2036.0  72594.8    72627
read      278.2  3498.0    74.4   120.5   134.6   230.7   282.2   308.8   326.8   346.6   377.9   427.5   533.6   738.9 87694.7  80868.8    80603
read      256.3   112.4    74.4   128.5   144.0   249.0   293.1   314.6   329.6   346.0   371.8   412.8   497.6   705.1  3661.8  48962.0    49049
read      245.1   110.0    74.4   120.3   134.3   227.2   277.9   304.9   323.2   344.2   374.8   425.4   538.8   755.9  3008.0  92455.2    92305
read      253.1   107.5    74.4   124.5   139.6   243.0   291.3   315.0   331.4   349.6   377.2   419.6   505.8   656.8  3518.6  57000.8    56889
read      248.7   130.5    74.4   120.8   135.1   231.4   282.9   309.8   328.3   349.4   381.6   430.8   537.1   752.9  3825.3  78128.2    78036
read      249.9   107.6    74.4   121.6   136.0   234.3   286.2   312.4   330.3   350.7   380.8   428.0   529.6   725.3  2909.8  71549.2    71583
read      248.8   105.2    74.4   120.9   135.0   233.0   285.0   311.3   329.4   350.0   381.3   428.0   531.8   745.1  2033.0  72877.2    72609
read      255.3   114.5    74.4   126.1   140.8   235.4   285.9   313.1   332.3   355.7   389.6   444.7   582.0  1088.9  2118.1 107535.2   107382
read      246.7   117.0    74.4   120.0   134.0   228.6   280.2   307.6   326.1   346.8   378.9   428.6   537.7   807.7  3603.1  86467.0    86530
read      246.2    78.0    86.8   153.6   171.4   242.7   267.9   281.3   291.0   302.6   317.6   343.2   412.6   899.2  2450.3  16519.8    16550
read      246.9   104.4    74.4   120.7   134.8   229.8   280.8   307.7   326.2   346.8   378.7   429.1   541.3   748.8  1590.5  84401.8    84534
read      250.7   110.0    68.9   122.4   137.0   235.1   287.0   313.2   331.2   351.7   382.2   429.3   531.7   731.2  2194.9  72721.5    72631
read      257.7   106.6    74.4   130.0   145.8   250.9   294.9   316.2   331.4   348.1   373.8   414.8   500.6   733.0  2676.5  49408.2    49291
read      255.8   109.7    74.4   125.7   140.7   243.4   293.5   317.7   334.7   355.1   384.3   428.6   527.0   744.5  2691.6  62182.2    62175
read      249.8   123.8    68.9   120.7   134.8   231.5   283.5   310.2   328.6   349.9   382.3   432.0   551.3   943.6  3931.2  80228.0    80213
read      245.3    98.5    80.4   152.0   170.1   240.8   266.4   279.6   289.6   300.9   316.9   342.9   413.5   860.7  4195.8  16547.0    16566
read      254.9   105.5    74.4   125.9   141.2   245.9   293.1   315.9   331.9   349.8   377.6   419.6   504.9   683.5  2610.9  53961.0    53985
read      250.2   114.6    74.4   122.6   137.1   230.6   281.0   308.3   327.3   349.7   383.3   438.1   570.8   991.1  2382.4 101888.2   101949
read      253.2   102.5    80.4   145.2   163.6   250.7   279.4   294.5   305.9   318.3   336.6   366.7   436.3   801.9  4501.7  24068.0    24076
read      255.2   110.2    74.4   126.3   141.7   246.6   292.0   314.1   329.6   346.5   373.4   417.7   511.0   740.0  3921.2  52478.2    52574
read      255.0   131.8    74.4   124.2   138.9   233.8   283.8   310.9   330.1   352.9   386.5   441.9   590.3  1643.1  3259.8 106086.0   106271
read      255.6   121.1    74.4   125.3   140.2   235.3   286.1   313.2   332.5   355.9   389.8   444.9   584.1  1184.1  2750.8 105401.5   105451
read      249.0   117.6    74.4   121.1   135.2   230.1   281.9   309.3   328.0   349.3   382.3   432.5   554.7   971.6  3392.4  86054.5    86087
read      257.2    80.3    74.4   142.1   160.5   255.7   287.9   304.8   316.4   331.0   348.7   385.0   458.1   588.2  1907.3  28938.2    29108
read      254.4   123.9    74.4   124.3   139.0   234.3   284.4   311.4   330.4   353.4   387.5   443.4   584.6  1245.2  3178.7 101431.8   101115
read      249.9   101.5    74.4   121.7   136.1   234.4   286.0   312.3   330.5   351.5   382.5   430.8   536.4   705.6  1434.0  74271.5    74326
read      248.7   108.7    74.4   120.4   134.6   232.7   284.5   310.7   328.7   349.1   379.9   428.8   539.0   746.2  2592.5  75876.8    75832
read      249.9   126.4    74.4   121.2   135.6   230.4   281.0   308.2   327.0   348.3   380.9   435.1   567.1  1096.4  4143.7  95033.0    94901
read      244.2    78.4    80.4   152.0   170.3   240.5   265.3   278.5   289.0   300.6   316.9   342.5   412.7   728.0  2012.2  15816.5    15809
read      253.9    86.8    74.4   139.7   158.1   251.2   283.4   300.1   312.6   326.7   344.6   379.8   459.9   683.3  2789.9  28938.0    28874
read      255.8    96.9    74.4   127.2   142.5   248.1   294.4   316.5   332.0   349.1   375.2   419.0   506.8   644.9  1444.4  52129.0    51882
read      256.0    99.7    80.4   137.6   155.2   253.5   287.4   305.1   317.1   332.2   350.7   387.3   464.3   751.4  2824.8  32576.0    32653
read      258.8   102.9    80.4   132.3   149.4   254.6   294.2   313.8   327.5   343.3   367.3   404.7   496.8   760.9  3033.1  41601.2    41676
read      253.3   103.9    74.4   123.3   138.3   241.0   291.4   315.9   333.0   352.9   382.4   428.9   528.3   685.9  1773.9  63018.0    63019
read      254.3   129.8    74.4   124.3   139.1   234.4   284.9   311.9   330.7   353.1   387.0   442.1   583.1  1098.7  4194.1  99041.2    99164
read      257.9   109.3    74.4   129.0   145.1   251.3   294.9   315.9   330.7   346.8   372.8   414.9   502.2   684.0  3517.5  47129.8    47055
read      252.1   109.6    74.4   123.1   138.0   239.8   289.6   314.2   330.9   349.6   378.3   425.1   520.2   697.7  3116.4  62254.2    62394
read      249.7   114.5    74.4   122.1   136.6   230.6   280.8   308.0   326.7   347.8   380.4   434.9   571.1  1038.8  2223.8  98400.0    98519
read      254.0    81.4    80.4   137.0   154.5   252.9   286.1   303.3   315.5   330.4   348.2   382.7   453.5   580.8  1713.1  32049.0    32122
read      256.0   105.7    74.4   127.4   142.7   248.8   293.7   315.7   331.1   347.8   373.3   415.2   505.6   701.6  2571.9  49777.8    49464
read      253.6   103.5    80.4   145.9   164.4   251.0   280.2   295.4   307.3   319.8   338.2   368.8   436.3   587.7  1992.1  23981.8    24034
read      250.0   120.5    74.4   121.3   135.6   233.0   284.4   311.3   329.8   351.2   383.6   432.5   544.0   746.8  2136.0  77286.2    77363
read      246.1   118.1    74.4   120.5   134.4   227.4   278.0   305.5   324.1   345.0   376.3   428.3   547.4   846.6  3316.9  91765.0    91698
read      259.1    98.6    80.4   133.5   150.6   255.7   294.2   313.5   327.0   342.6   366.9   404.4   488.0   686.0  2606.6  39025.8    38997
read      247.1   115.4    68.9   120.4   134.5   229.5   280.3   307.2   325.5   346.1   377.3   429.2   545.9   788.5  3714.7  85966.5    86028
read      248.3   110.7    74.4   121.2   135.4   230.7   282.5   309.7   328.2   348.9   381.3   431.2   542.5   761.5  2713.6  83099.0    83012
read      243.1    73.2    80.4   153.7   171.4   239.4   263.9   276.1   286.5   296.9   313.0   337.5   404.4   894.2  2469.5  15068.8    15024
read      255.3   101.3    74.4   126.0   141.0   245.8   294.1   317.4   333.7   352.6   380.6   423.9   512.0   659.9  1988.3  56606.8    56640
read      251.8   105.9    74.4   123.9   138.7   234.1   284.5   311.3   329.8   351.7   384.9   436.3   561.6   844.6  1591.9  97187.0    97362
read      260.9   127.7    74.4   128.0   142.9   240.2   290.2   317.3   337.0   361.8   396.9   457.2   611.2  1236.1  4094.9 107320.8   107412
read      254.2   106.3    74.4   123.8   138.7   240.4   291.6   316.6   333.8   354.4   385.3   430.8   534.0   796.7  2322.7  64840.5    65030
read      252.0   112.4    74.4   123.2   137.7   235.3   287.6   314.3   332.6   354.1   385.8   434.6   540.7   768.1  1960.4  78928.8    79278
read      258.4   101.0    80.4   129.8   145.8   252.9   296.4   317.3   332.3   348.8   374.0   413.6   499.4   714.4  2485.4  47594.8    47544
read      257.8   112.9    74.4   126.9   141.9   239.2   289.2   316.1   335.3   359.3   393.7   450.7   581.9   929.3  2036.9 104986.2   105368
read      255.0   105.7    74.4   125.5   140.4   244.4   293.0   316.7   333.0   351.5   379.3   425.3   518.1   681.6  2663.6  58084.5    58181
read      256.2   104.0    74.4   126.5   141.6   246.6   295.0   318.6   334.8   353.8   381.5   424.7   509.9   660.7  2126.1  57021.0    56960
read      244.7    73.5    86.8   155.3   172.9   240.8   265.6   278.5   288.8   300.2   316.5   341.7   410.8   809.3  2794.9  14731.0    14849
read      256.7   118.3    80.4   125.6   140.3   243.0   293.5   318.3   335.9   357.2   387.4   432.8   535.8   798.4  2762.1  63707.5    63672
read      258.5    96.7    74.4   129.9   145.9   252.9   296.7   317.8   332.9   350.0   376.2   416.7   502.9   663.5  1423.0  48342.8    48289
read      240.6    79.0    80.4   158.3   174.5   235.4   258.8   270.9   280.2   291.8   307.1   331.1   400.2   883.1  3175.3  11780.0    11797
read      239.6    94.7    86.8   157.8   173.4   232.7   255.9   269.0   278.0   290.3   305.9   331.6   402.3   921.5  3974.9  10801.5    10781
read      257.0   100.4    80.4   129.3   144.9   250.8   295.2   317.1   332.1   348.2   373.5   412.9   497.0   662.9  2088.8  49307.5    49362
read      251.7   132.0    74.4   122.8   137.3   231.3   280.8   308.2   327.0   348.6   382.0   435.6   581.1  1454.6  4425.8 102297.5   102119
read      254.1    98.0    74.4   128.7   144.5   248.6   291.7   312.5   326.7   342.8   367.5   404.0   489.1   622.9  3161.4  46196.0    46213
read      249.7   132.4    74.4   121.8   136.2   229.9   280.3   307.4   326.0   346.9   379.9   432.6   571.6   939.8  4524.7  97284.8    97025
read      247.4    78.9    86.8   150.9   168.9   243.9   270.3   285.0   295.0   307.9   322.2   347.8   420.2   638.3  2473.6  18336.5    18351
read      248.8    72.3    80.4   147.6   165.7   246.7   273.9   288.9   298.8   312.2   328.4   355.7   422.9   614.3  1475.5  21462.0    21426
read      268.5   183.8    80.4   132.5   149.1   257.0   299.4   320.0   335.2   353.1   380.4   426.5   551.3  2391.6  8115.5  43188.0    43013
read      255.2   101.3    74.4   125.0   139.9   241.3   293.4   318.8   336.3   357.6   387.3   433.3   535.5   704.8  1368.2  67335.0    67376
read      260.7   104.8    80.4   138.0   155.2   258.2   294.5   312.9   325.6   340.5   362.0   397.8   473.3   693.4  3830.1  36006.5    36043
read      236.4   101.2    86.8   161.6   174.9   226.7   248.3   261.1   270.3   282.3   298.1   326.2   425.2  1133.1  3626.4   6285.5     6255
read      256.1   116.6    74.4   127.2   141.8   237.1   287.5   314.6   333.7   356.7   389.6   442.7   577.9   940.8  2399.8 102148.8   102499
read      260.2   101.8    86.8   147.0   165.5   258.4   289.2   305.3   316.4   330.2   346.3   380.1   453.1   641.2  3456.2  26335.2    26263
read      261.3   123.2    74.4   128.7   143.9   250.6   299.6   323.0   339.3   359.8   387.9   431.0   534.4   811.5  2507.9  56959.2    56974
read      263.6   104.8    80.4   135.5   152.2   259.2   299.9   319.6   334.0   350.0   374.8   415.0   498.0   702.9  4106.6  40975.8    40869
read      262.2   108.2    74.4   132.0   148.2   256.6   300.3   321.2   336.3   354.1   380.1   421.8   505.0   686.4  2605.5  46533.2    46514
read      241.3   104.1    93.8   158.8   174.7   234.3   257.5   269.8   278.6   290.4   306.1   332.7   408.5   928.0  4608.7  11491.0    11431
read      257.1   104.4    74.4   126.7   141.8   246.7   296.6   320.1   336.6   356.1   383.2   426.7   521.4   711.5  2004.0  58589.0    58600
read      254.7   108.1    74.4   124.8   139.6   240.0   291.9   317.8   335.4   356.3   386.2   432.6   533.3   766.5  1967.2  68072.8    68058
read      258.5   113.8    80.4   127.9   142.9   248.8   297.0   320.2   336.4   355.5   383.0   427.0   516.2   669.2  4126.4  54556.0    54502
read      254.9   118.6    74.4   124.3   139.1   240.9   292.2   317.4   334.6   354.8   383.4   429.6   528.7   793.1  3384.7  64100.5    64022
read      257.6   109.7    74.4   128.0   143.2   248.6   295.9   318.5   334.3   352.5   378.7   421.5   506.1   689.1  3189.6  52223.0    52142
read      263.4   151.2    74.4   127.5   142.2   239.9   290.6   317.7   337.2   361.7   397.2   457.8   640.3  1938.3  3456.5 101431.0   101375
read      261.3    96.8    80.4   135.2   152.0   257.8   297.7   317.9   332.1   347.1   370.8   408.5   491.2   627.7  2027.6  40610.8    40606
read      260.7   105.1    74.4   131.0   147.2   253.9   298.9   320.2   335.3   352.7   377.7   419.3   503.5   698.1  2542.0  47510.0    47485
read      258.4    92.6    80.4   130.3   146.1   252.8   297.8   319.1   334.1   350.8   374.7   415.7   497.5   634.3  1245.0  49050.8    48977
read      259.5    89.9    74.4   136.0   153.2   257.2   295.4   314.5   327.7   342.5   364.6   399.5   473.4   591.4  2112.5  38838.2    38615
read      253.5   116.9    74.4   124.2   138.9   234.8   287.4   314.7   333.4   355.3   386.8   436.6   549.8  1034.4  2860.1  80415.5    80279
read      254.9   102.9    74.4   126.0   140.8   238.4   290.8   317.7   336.0   358.0   388.8   435.8   541.9   741.7  1671.1  75973.2    75843
read      258.3   135.9    80.4   127.3   142.0   241.9   294.5   320.7   338.3   360.1   390.9   436.7   540.5   857.7  3967.3  67013.0    67095
read      265.3    93.4    74.4   138.1   154.8   260.9   302.1   321.8   336.7   354.1   378.6   417.7   499.7   680.7  1714.9  41210.0    41325
read      260.5   104.7    74.4   129.5   144.9   250.6   299.4   322.5   338.7   359.0   387.2   430.5   525.8   674.6  2192.6  55767.8    55752
read      255.9   119.8    74.4   123.7   138.4   236.4   289.2   316.6   335.3   358.1   391.7   446.1   582.6  1097.3  2156.6  85451.8    85561
read      248.5    89.5    86.8   156.8   175.0   243.2   268.6   282.3   292.2   304.6   320.1   349.2   430.7   849.7  3061.6  14281.0    14194
read      251.8   118.9    80.4   122.9   137.4   233.2   285.1   312.6   331.3   352.8   384.5   435.9   554.5   918.1  3829.5  88063.2    88002
read      253.6   122.5    74.4   123.8   138.3   233.9   286.0   313.8   332.9   355.5   388.2   440.4   569.4  1080.7  3190.6  90434.2    90515
read      259.3   122.6    74.4   127.7   142.5   238.9   289.4   316.7   336.4   360.9   394.9   451.9   593.0  1148.9  2743.7 109493.8   109283
read      258.1    96.3    80.4   145.2   163.6   255.5   286.4   302.5   314.2   328.2   345.4   378.6   458.6   810.9  3466.6  26631.8    26699
read      257.9    85.9    80.4   135.5   152.3   255.6   293.2   312.1   325.1   340.7   363.0   398.7   470.2   593.8  1796.2  37319.2    37400
read      251.4    78.3    86.8   152.1   171.2   247.4   273.5   288.3   298.1   311.6   328.1   358.1   430.4   861.2  2605.0  19159.0    19307
read      244.1    74.5    86.8   160.7   176.8   238.6   262.5   274.7   285.0   295.4   311.8   338.2   410.8   855.7  3262.1  11632.8    11527
read      252.5   106.3    74.4   123.6   138.0   235.5   287.5   314.4   332.7   354.2   386.1   436.2   551.9   787.5  1940.5  83671.8    83787
read      252.5    86.8    80.4   148.7   167.4   249.1   277.4   292.6   303.8   316.6   334.8   365.3   443.3   706.3  2581.9  22303.5    22209
read      257.9   113.9    74.4   125.3   140.0   240.9   294.2   320.7   339.0   362.1   393.9   443.5   562.0   912.0  2626.4  75228.2    75169
read      254.1   119.1    74.4   123.8   138.2   237.5   290.3   316.6   334.6   356.0   386.7   435.3   547.1   788.2  3471.4  73995.5    73833
read      256.7   112.3    80.4   126.1   140.9   238.2   289.6   316.7   335.9   359.6   393.0   446.8   573.3   916.7  1955.6  94419.2    94641
read      254.5   108.6    74.4   125.0   140.0   242.7   292.8   317.1   333.8   352.9   380.9   426.1   519.0   678.7  2343.2  61196.2    61338
read      252.6   118.4    74.4   123.4   138.0   233.8   285.1   312.1   330.7   352.3   384.7   437.8   576.4  1001.1  2071.3  91681.2    91825
read      254.1   108.4    74.4   124.2   138.9   238.3   290.6   316.8   334.6   355.7   386.3   434.8   543.6   774.5  2159.5  77404.8    77235
read      257.8   101.5    80.4   135.4   152.6   255.2   291.7   310.2   322.5   338.4   360.1   396.3   475.2   644.2  3174.5  37408.2    37257
read      261.6   116.4    80.4   139.8   157.6   257.9   291.9   309.8   321.6   337.5   358.7   397.1   495.2   796.1  6523.4  31990.2    32057
read      273.9   138.7    74.4   131.5   147.7   250.6   302.5   331.2   352.3   381.0   420.6   488.5   681.5  1393.1  2752.2 108486.8   108618
read      257.2   108.2    74.4   125.1   139.7   241.2   293.5   319.5   337.5   360.1   392.1   443.9   567.3   813.3  1532.2  72801.0    72930
read      260.0    92.0    80.4   131.8   148.4   255.8   297.0   317.4   332.2   348.4   373.4   414.2   501.0   667.5  1467.2  43849.8    43714
read      253.1   121.8    74.4   123.3   137.9   234.2   285.8   312.7   331.5   353.7   386.1   438.3   566.5  1044.1  3144.9  87527.2    87369
read      255.0    97.6    74.4   125.7   140.5   245.3   293.6   317.1   333.6   352.6   380.8   424.5   514.7   679.6  1902.7  56667.8    56640
read      256.5   132.4    74.4   125.2   140.1   236.6   287.4   314.6   333.8   357.2   390.8   445.9   583.0  1066.4  5737.6  97569.5    97360
read      255.8   126.2    74.4   123.2   137.8   235.9   288.6   315.9   334.6   357.2   390.4   444.5   587.2  1219.4  3230.1  80128.0    79788
read      243.5    83.5    86.8   160.0   175.8   237.3   260.6   272.9   283.0   294.3   311.2   338.6   419.3   922.1  2494.0  11275.2    11352
read      254.4   115.7    74.4   124.5   139.1   234.9   287.2   314.8   333.9   356.9   390.5   444.6   571.8   913.2  2193.9  87951.5    87962
read      258.7    91.4    80.4   133.1   150.0   255.2   294.4   314.0   327.8   343.4   367.2   404.1   490.6   675.2  1826.9  40669.8    40663
read      258.2   103.7    74.4   127.2   142.1   247.8   296.8   320.8   337.4   357.8   386.8   431.7   528.2   686.7  1458.1  59401.8    59386
read      262.2   127.8    80.4   131.1   147.1   254.8   299.4   320.2   335.6   353.5   379.6   422.0   507.9   779.4  4126.2  48309.2    48302
read      252.2    80.5    86.8   152.1   171.4   248.5   275.2   290.4   300.9   314.0   331.1   360.2   433.4   814.6  1951.7  19553.5    19398
read      258.1   126.5    74.4   125.3   139.9   239.2   291.6   318.4   337.1   360.5   393.8   448.3   579.9  1044.9  3810.8  82295.0    82197
read      255.8   107.1    74.4   124.7   139.5   239.4   291.9   318.6   336.9   359.3   391.0   441.6   550.9   802.5  1497.4  77479.2    77387
read      257.6   129.5    68.9   124.5   139.2   240.3   292.6   318.5   336.7   359.1   391.2   441.2   563.8  1091.0  4005.5  72593.5    72753
read      235.6    66.4    93.8   161.6   175.6   229.6   251.1   263.4   271.6   282.7   296.1   320.8   397.2   873.8  2032.1   7732.5     7720
read      266.1   158.9    80.4   131.0   147.1   255.4   299.4   320.6   336.3   355.0   383.3   430.9   563.7  1268.0  8197.2  46211.0    46279
read      260.7    98.0    80.4   133.4   149.9   256.0   296.7   316.8   331.1   346.5   371.9   411.7   499.1   724.9  3017.8  42118.2    42102
read      254.5   109.5    80.4   124.9   139.6   236.1   287.8   315.1   334.2   357.1   389.9   442.7   566.5   894.1  1845.4  90806.2    90892
read      260.5    98.8    80.4   134.7   151.6   256.8   296.3   316.1   330.1   345.2   369.3   406.4   487.3   626.9  2287.5  40006.5    39976
read      259.6   138.1    74.4   125.2   140.4   245.3   296.1   320.5   337.6   359.1   390.4   438.4   548.7   925.8  4266.1  61076.0    61084
read      247.8    80.5    86.8   152.6   170.6   243.4   269.9   284.1   293.8   306.6   321.2   348.1   422.7   890.9  2483.7  16820.8    16735
read      261.0    96.1    74.4   132.0   148.2   255.9   299.5   320.2   335.3   352.4   375.6   417.0   500.7   695.0  1939.3  45730.5    45909
read      259.7    87.3    80.4   142.9   161.5   257.1   289.8   307.1   318.9   334.2   353.5   389.5   467.2   667.2  3065.1  28960.0    28976
read      256.2   109.1    74.4   125.1   139.8   238.4   290.7   318.1   337.0   360.2   393.3   446.9   567.2   822.2  2004.4  84664.5    84704
read      263.3   136.9    74.4   128.4   143.3   241.6   292.9   320.1   339.7   364.4   398.7   457.9   619.5  1566.7  3834.7 101768.8   101822
read      256.4   109.9    74.4   125.7   140.4   237.9   289.8   317.3   336.3   359.6   392.6   446.8   575.1   905.2  2025.1  92513.5    92571
read      242.0    76.1    80.4   157.4   174.1   236.3   260.2   272.9   283.2   294.5   311.5   337.3   404.2   888.7  3379.7  12147.2    12106
read      258.7   103.3    74.4   127.7   142.4   248.0   298.0   321.7   338.2   358.5   386.8   431.5   530.2   696.5  1925.2  58594.2    58568
read      260.7   115.4    74.4   129.7   145.1   251.8   298.8   321.2   337.1   355.8   381.5   424.3   516.0   789.1  3659.2  51468.2    51319
read      251.2    71.3    86.8   149.7   167.9   248.5   276.1   291.1   301.6   314.6   331.4   359.2   428.9   720.3  1429.2  21531.0    21556
read      246.4    79.9    93.8   157.8   175.1   241.9   266.5   279.6   289.7   300.9   316.5   342.1   410.1   858.2  2864.7  14331.2    14191
read      258.3    90.9    74.4   143.2   161.6   256.5   288.8   305.6   317.3   331.8   348.9   382.6   455.4   705.3  3654.2  29145.8    29072
read      244.6    66.3    80.4   152.4   170.7   240.9   266.2   279.6   289.8   301.4   317.0   343.5   416.8   781.8  1586.0  16289.2    16350
read      252.4   118.5    74.4   123.3   138.0   234.9   286.3   313.2   332.0   354.0   385.9   436.4   552.9   829.3  1711.9  86988.8    86891
read      263.2   150.2    74.4   127.2   142.1   240.4   291.2   318.4   338.0   362.9   398.9   459.7   627.8  1858.2  4139.4 104075.0   104441
read      235.6    80.7    86.8   158.6   173.2   228.6   251.3   264.3   273.0   285.3   300.3   328.3   407.8   883.8  3986.6   8909.2     8906
read      258.3    99.9    80.4   132.1   148.9   254.4   294.5   314.6   328.8   344.7   368.6   404.5   487.4   649.7  2488.2  42040.5    42175
read      260.1   104.2    74.4   128.5   144.3   252.0   297.8   320.5   336.4   355.5   383.1   426.8   512.3   694.6  2777.5  51770.2    51797
read      269.0   176.9    74.4   125.4   140.5   243.1   295.3   322.6   342.3   369.0   408.1   476.4   739.0  1901.0  7560.2  76704.5    76678
read      250.8    89.4    80.4   149.9   168.4   246.3   273.2   288.3   298.3   312.2   329.8   360.8   434.8   895.0  3651.5  19622.5    19630
read      258.6   121.7    74.4   125.5   140.4   239.1   289.7   316.7   336.1   360.3   394.8   453.5   598.6  1134.8  2118.2 100017.8   100132
read      256.2    99.6    74.4   131.5   148.1   252.9   291.1   310.5   323.7   339.9   362.7   400.1   485.9   649.5  3054.7  40558.0    40498
read      275.9   190.3    74.4   129.3   144.9   246.7   297.2   325.5   345.5   373.3   413.8   485.1   759.3  2724.9  4274.0 108859.8   108559
read      250.9    80.0    86.8   144.3   162.8   247.7   276.6   292.0   303.3   316.5   335.1   366.7   444.3   725.6  2324.0  23969.8    23964
read      255.7   119.6    74.4   123.6   138.4   239.9   291.6   317.7   335.6   357.3   388.7   438.8   547.8   817.3  3622.8  70677.5    70760
read      257.0   112.7    74.4   126.1   140.7   237.5   288.7   315.9   335.3   359.2   393.7   451.3   584.7  1023.2  1868.7  99274.8    99567
read      267.0   148.4    74.4   129.3   144.9   245.2   295.3   322.6   342.4   368.6   404.4   467.1   625.3  1596.7  4006.4 107570.0   107548
read      257.6    97.0    74.4   128.3   143.6   249.1   296.7   319.7   336.1   355.3   381.8   423.7   506.7   639.0  1170.8  54023.2    53742
read      261.6   137.4    74.4   128.0   143.0   241.2   291.4   318.4   337.8   362.5   397.9   457.3   603.7  1237.3  3944.1 104226.0   103931
read      255.9   109.3    74.4   126.0   140.8   244.3   293.8   318.3   335.1   354.8   382.7   427.2   520.2   674.4  2986.5  60280.8    60359
read      237.1    89.8    86.8   156.4   171.5   229.3   252.1   265.3   274.0   286.3   300.9   327.8   417.7  1059.5  3326.8   9756.0     9725
read      256.7    99.4    74.4   127.8   143.0   249.3   295.5   317.7   333.4   351.2   376.4   418.9   504.5   661.3  2042.2  51842.0    52014
read      258.8    93.4    74.4   133.8   150.6   256.1   294.3   313.6   327.1   342.6   366.0   403.1   487.5   682.3  1959.2  40214.5    40053
read      253.2   106.8    74.4   123.5   138.2   235.9   287.6   314.5   333.1   354.9   387.4   441.2   556.9   785.7  1647.7  86309.0    86436
read      252.2    89.7    80.4   144.0   162.8   249.2   278.3   293.5   304.9   317.6   336.2   367.7   447.2   811.7  3205.8  24150.2    23983
read      255.4   105.8    74.4   125.7   140.6   241.9   292.8   317.7   335.1   355.7   385.3   433.7   536.0   708.0  1987.6  66518.5    66595
read      254.9   109.7    80.4   143.8   162.4   250.8   281.1   296.7   309.1   322.1   341.6   375.2   456.6   792.3  5462.3  25939.0    26056
read      254.8    99.6    80.4   127.0   142.3   247.8   293.0   314.9   329.9   346.0   371.3   412.4   500.3   668.2  2640.1  51852.5    51764
read      254.7   100.2    74.4   132.0   148.7   250.4   289.3   308.5   320.9   337.0   358.0   395.0   474.0   884.3  2755.7  40305.2    40202
read      254.8   124.3    74.4   122.8   137.4   237.6   289.5   315.8   333.8   355.1   386.4   436.8   561.6   979.5  4117.2  76499.5    76665
read      233.4    77.3    93.8   152.9   168.1   226.8   249.6   263.0   272.1   284.3   298.7   326.0   400.7   888.4  3274.4  11274.5    11133
read      254.1   114.3    74.4   122.8   137.6   237.2   288.8   314.9   332.8   353.8   385.7   438.4   568.2   897.2  3020.2  80129.0    80405
read      258.9   152.2    74.4   123.2   138.2   238.2   289.7   316.4   335.0   357.9   391.7   449.0   610.5  1658.0  6057.0  79222.2    79106
read      276.5   226.0    74.4   127.2   142.4   244.1   295.1   322.7   342.7   370.1   411.4   490.0   852.4  2706.8  8383.8  97169.0    97258
read      257.5    95.8    80.4   135.5   153.1   254.3   290.7   309.3   321.5   337.8   359.2   397.0   471.5   619.3  3456.5  36326.0    36307
read      255.1    78.3    74.4   141.4   159.8   253.4   285.2   301.6   313.5   327.5   345.1   378.3   452.0   589.1  1873.2  28642.5    28636
read      257.9   100.6    80.4   131.9   148.8   253.8   293.4   313.3   327.1   342.5   366.5   405.5   488.7   634.0  2749.6  41566.2    41620
read      251.0   102.6    74.4   122.0   136.7   235.3   286.8   313.2   331.4   352.5   383.8   433.5   541.4   710.1  1478.7  75821.0    75736
read      256.8    95.9    74.4   129.7   146.0   252.1   293.7   314.7   329.5   345.5   370.2   409.5   491.5   619.0  2993.0  44984.5    44979
read      254.1    96.5    80.4   136.3   154.5   251.1   284.2   301.4   313.9   328.5   346.3   382.9   464.4   875.2  2496.5  31629.8    31478
read      253.6   108.8    74.4   131.7   149.0   250.7   287.8   306.6   319.3   335.3   355.6   391.3   463.0   568.4  3773.6  37440.0    37586
read      256.4   132.2    74.4   125.0   139.9   236.0   285.8   312.9   332.2   355.7   390.8   448.6   587.4  1230.4  3634.8 108553.8   108330
read      251.8   104.9    74.4   122.1   136.6   238.4   289.3   314.7   332.0   352.0   382.3   428.9   528.4   695.4  1985.2  64277.0    64301
read      237.8    97.1    80.4   156.4   172.5   231.0   254.4   267.7   276.3   288.3   302.6   327.0   405.2   922.3  4002.9  11138.8    11203
read      232.8   151.4    93.8   155.7   169.3   223.0   244.8   256.7   266.1   275.5   291.4   316.4   399.5  1417.5  7595.0   7256.2     7291
read      247.1   101.0    74.4   120.9   135.0   230.0   281.2   308.5   326.9   346.9   379.2   430.5   543.3   738.2  1073.2  87520.0    87477
read      251.0   113.5    74.4   121.4   135.8   233.7   285.6   312.5   331.0   352.6   384.5   434.5   549.0   836.5  2700.3  77586.5    77485
read      259.2    98.1    80.4   131.9   148.7   254.8   295.7   316.1   330.6   346.4   370.7   408.9   489.2   656.2  2570.3  42229.0    42055
read      255.4   121.3    80.4   141.9   161.1   253.0   284.3   300.4   312.2   325.3   343.0   374.6   444.2   587.5  4322.5  26722.0    26865
read      249.4   117.3    74.4   121.4   135.9   230.5   281.0   308.3   327.0   347.8   380.9   434.1   563.9   979.0  2428.4  94616.8    94592
read      249.4   101.8    68.9   121.0   135.3   235.9   287.1   312.7   330.1   349.2   377.7   425.0   519.7   704.7  1526.8  66897.5    66869
read      244.5    80.2    86.8   149.1   167.4   240.2   266.6   280.6   290.9   303.3   319.5   345.3   419.1   869.2  2744.6  17822.5    17835
read      253.4    98.0    74.4   124.0   139.2   243.8   292.2   315.5   331.7   349.8   376.7   421.7   509.4   671.2  1789.2  56160.5    55977
read      249.8   111.9    74.4   121.1   135.5   232.3   284.0   310.8   329.2   350.4   382.4   433.9   548.3   803.2  2884.5  82155.8    82437
read      240.2    76.1    86.8   151.5   169.4   236.5   260.5   272.7   282.5   293.5   309.5   334.4   401.8   838.9  3452.1  15747.5    15775
read      248.3   105.4    74.4   121.1   135.5   230.9   281.6   308.6   327.0   347.8   379.7   433.5   549.0   760.0  1929.8  87411.0    87559
read      259.6   140.2    74.4   127.3   142.4   240.4   289.8   316.5   335.7   359.4   393.6   450.8   586.7  1035.1  5671.7 105293.5   105401
read      251.9   114.0    74.4   122.5   137.1   233.0   284.3   311.5   330.2   351.7   384.9   437.4   568.3  1080.8  2601.0  88643.2    88752
read      248.4   110.8    74.4   121.5   135.9   230.6   280.4   307.6   326.1   346.5   378.6   431.4   547.5   860.5  3087.4  94651.5    94531
read      253.8   121.4    74.4   123.3   138.2   233.7   283.6   310.8   329.9   352.1   386.0   443.1   594.1  1280.0  2606.8 101011.0   101303
read      248.6   123.7    74.4   120.4   134.4   231.0   282.1   309.2   327.8   348.5   379.9   431.7   548.6   791.1  5301.3  86605.8    86640
read      250.2   127.6    74.4   120.8   135.0   231.8   282.7   309.6   328.1   348.9   381.8   434.1   558.2   951.6  3760.4  85091.5    84818
read      247.1    70.0    80.4   147.3   165.7   243.8   271.6   286.7   296.5   310.4   326.8   354.5   426.9   603.9  1485.7  20258.5    20221
read      256.4    93.9    74.4   131.1   147.3   252.2   293.0   313.3   327.3   343.1   366.7   403.8   484.5   620.7  2024.5  43317.0    43599
read      257.0   121.1    74.4   127.2   142.4   247.7   294.3   317.1   332.9   350.5   376.1   421.0   506.8   755.2  4223.1  52730.5    52779
read      255.1   113.4    74.4   125.0   139.7   237.3   288.3   315.1   333.9   356.6   390.1   444.4   565.8   796.4  1609.1  90088.5    89855
read      257.8   109.4    80.4   128.6   144.2   250.1   294.2   316.1   331.4   348.0   374.1   419.0   507.1   774.4  3131.5  48809.2    48532
read      257.8   121.9    74.4   126.2   141.4   239.4   288.6   315.4   334.6   358.2   392.6   449.1   579.1  1077.9  2254.6 107368.8   107423
read      254.8    92.4    80.4   128.5   144.0   250.2   293.5   314.3   328.7   344.5   368.0   405.5   486.3   593.7  1941.4  46581.5    46535
read      256.4   123.2    74.4   127.7   142.8   250.1   293.3   314.4   329.1   345.2   369.7   409.1   495.6   824.7  4927.2  47656.2    47535
read      255.8    95.8    74.4   128.0   143.4   249.6   294.7   316.4   331.4   347.6   372.9   414.0   495.8   630.5  1636.9  49613.5    49633
read      253.9    98.8    74.4   137.8   155.2   251.6   284.5   301.7   313.8   328.0   345.5   378.8   454.1   617.5  3715.2  30444.5    30334
read      242.6    83.4    80.4   148.8   166.6   238.5   264.9   278.1   288.6   300.1   316.5   342.8   414.1   828.9  3645.0  17238.8    17207
read      286.0   228.9    74.4   129.5   145.9   251.7   303.4   332.4   354.5   385.4   430.1   509.9   882.2  3234.8  7744.5 106185.8   106074
read      258.6   106.3    74.4   129.3   145.2   252.1   296.1   317.7   333.1   350.5   376.3   418.9   504.3   648.9  2708.9  49015.5    48912
read      253.1   120.7    74.4   123.8   138.8   235.4   284.7   310.7   328.8   349.6   382.6   438.8   575.6   914.7  3276.9  96440.8    96483
read      253.4    92.3    80.4   132.3   149.1   250.1   287.5   306.1   318.5   334.4   354.9   392.3   470.4   667.5  2577.8  39268.0    39228
read      250.7   116.1    74.4   122.7   137.3   232.8   283.1   309.6   328.0   348.5   380.7   435.0   561.4   874.4  3345.5  92471.8    92350
read      252.0   106.8    74.4   122.7   137.4   234.9   286.2   312.9   331.3   352.8   385.8   437.3   556.4   778.6  2017.2  85102.5    85084
read      252.3   116.5    74.4   122.7   137.2   234.8   285.8   312.4   330.7   352.0   385.4   437.0   560.1   850.1  3429.9  82061.0    81993
read      257.1   122.1    74.4   125.8   140.7   237.9   287.8   314.3   333.1   356.1   390.7   447.6   583.9  1190.9  2792.5 101610.5   101617
read      240.8    79.9    80.4   150.6   167.7   236.4   261.3   273.8   284.1   295.1   311.7   337.7   407.6   867.9  3417.4  16755.8    16730
read      255.2   113.7    74.4   124.5   139.1   239.7   290.8   316.5   334.1   355.1   387.1   436.8   546.6   806.9  2761.6  70808.8    71079
read      277.7   138.7    74.4   132.2   149.2   255.0   305.4   333.7   356.0   386.2   427.9   496.3   681.5  1535.1  2910.0 108994.2   108942
read      262.0   136.9    74.4   127.9   143.2   249.0   295.8   319.5   336.2   356.9   388.1   438.3   566.7  1180.5  5511.9  55335.2    55406
read      256.3   104.5    80.4   131.3   148.4   252.5   291.0   310.3   323.2   339.1   360.8   398.4   481.8   808.8  4073.9  42250.5    42279
read      249.3   125.6    80.4   146.5   165.8   246.1   272.8   287.4   296.8   310.1   325.3   351.4   422.7   730.9  4493.0  21820.0    21876
read      253.0    89.6    80.4   137.6   154.9   251.4   284.8   301.5   313.5   327.2   344.5   376.2   454.8   610.2  2520.8  34274.0    34140
read      254.2    92.1    74.4   131.1   148.0   250.6   290.0   309.5   322.5   338.2   359.2   395.5   470.1   632.2  2521.7  42952.0    42897
read      247.4    74.5    80.4   151.8   170.7   244.3   270.0   284.0   293.7   306.3   320.5   346.3   415.9   777.7  3023.4  18400.2    18462
read      244.9   105.3    74.4   122.1   136.6   228.0   276.6   302.9   320.9   341.9   370.9   423.0   531.5   718.6  3041.4 100424.0   100375
read      257.2   111.9    74.4   133.8   150.8   253.5   291.9   311.0   323.8   339.1   360.0   395.7   471.9   753.6  3444.4  41345.2    41347
read      244.7    97.7    74.4   122.4   137.0   228.6   277.2   303.4   321.1   341.7   370.6   421.2   529.7   697.5  1424.5 101546.5   101594
read      252.4    94.5    74.4   129.2   145.4   247.6   289.2   309.5   322.8   339.0   360.9   397.5   474.9   584.9  2040.1  47450.0    47486
read      245.9   102.8    74.4   120.7   135.1   232.5   282.1   307.2   324.0   342.7   370.1   416.0   513.5   678.4  2025.5  73564.8    73393
read      254.6    94.1    74.4   127.9   143.6   248.2   292.9   314.8   329.9   346.0   371.1   411.3   489.3   606.4  1168.6  51127.2    51134
read      252.8   102.7    74.4   125.4   140.6   243.1   290.8   313.9   329.6   346.6   372.7   415.3   498.8   676.8  2561.1  58060.8    58201
read      249.4   105.7    74.4   122.3   137.1   235.2   285.8   311.3   328.6   347.2   375.9   423.4   518.9   674.2  1966.2  71170.8    71020
read      247.0    96.1    68.9   121.4   135.9   234.0   284.0   309.3   326.2   344.9   371.8   418.6   509.2   638.2  1055.6  72123.8    72071
read      244.9   102.5    74.4   120.7   135.1   228.7   277.6   304.0   321.7   342.4   371.6   422.3   533.1   740.6  2229.2  93302.0    93446
read      260.5    80.2    80.4   149.1   167.7   259.2   289.8   305.7   316.6   330.5   346.5   379.2   451.0   578.8  2129.9  28572.0    28724
read      256.5   132.1    74.4   128.5   144.0   244.8   291.8   315.0   330.9   348.1   373.8   417.4   507.6   790.2  4249.7  59063.0    59269
read      247.0    97.3    74.4   122.2   137.3   233.4   282.8   308.1   325.2   344.3   371.5   418.5   509.8   649.5  1020.3  74826.2    74624
read      256.9    94.9    74.4   130.6   146.9   250.1   294.3   315.9   331.0   347.1   372.7   413.8   497.1   622.5  1557.4  52483.2    52368
read      240.3    81.6    80.4   161.4   176.4   233.5   255.7   268.2   276.5   288.5   302.9   328.0   406.4  1007.6  2711.2   9688.0     9687
read      256.2    94.7    74.4   131.4   148.3   252.7   292.7   312.9   326.7   342.5   365.0   400.3   476.4   601.1  1548.1  43935.2    44165
read      238.5   112.6    93.8   162.7   176.5   230.4   251.8   264.2   272.5   283.9   297.0   320.6   396.6  1040.7  5028.6   6983.2     6895
read      255.3    97.7    74.4   127.2   142.4   247.0   293.7   316.2   332.0   349.5   375.1   417.8   501.9   641.3  2478.7  55411.5    55457
read      250.4   103.9    74.4   123.5   138.8   240.6   288.2   311.9   327.8   344.8   370.1   412.4   501.2   627.4  2096.5  61089.5    61164
read      247.7   128.9    74.4   123.1   137.8   229.8   278.0   304.6   322.9   344.1   374.3   427.8   541.9   774.5  3282.8 108194.0   108384
read      255.3    78.1    74.4   138.8   156.8   254.7   288.0   305.2   317.0   331.7   348.8   380.8   453.4   574.9   993.0  33510.2    33319
read      246.3   116.5    74.4   122.1   136.6   228.9   277.7   304.1   322.1   342.8   372.4   424.2   533.5   816.5  3137.7  98277.2    97895
read      257.0   107.0    74.4   134.5   151.6   254.5   292.1   310.8   323.1   338.3   359.0   394.3   468.1   610.4  3018.2  39734.2    39720
read      248.2    95.0    74.4   122.6   137.4   236.1   286.0   310.8   327.3   345.3   371.9   415.8   504.7   634.6  1376.9  68630.2    68554
read      245.2   102.7    74.4   121.5   135.6   229.6   278.9   304.9   322.5   342.5   371.1   421.1   527.6   695.2  1708.9  87163.2    86849
read      254.8    82.4    80.4   140.1   158.6   253.1   285.2   301.5   313.5   327.3   344.4   376.7   449.7   621.3  2468.9  30347.0    30264
read      245.7   115.6    74.4   122.4   137.0   228.5   276.7   303.3   321.5   342.6   372.1   423.6   536.9   734.6  3278.7 100497.5   100754
read      245.8   102.5    74.4   122.3   136.8   229.8   278.2   304.6   322.7   343.1   372.7   422.5   529.7   689.4  1871.8  98004.5    98098
read      246.2   100.1    74.4   121.6   136.0   230.4   280.3   306.7   324.6   344.5   373.4   424.3   527.2   688.0  1467.2  86072.0    86028
read      245.7   108.5    68.9   121.6   136.0   229.0   278.3   305.0   323.1   343.5   372.9   423.7   530.4   721.6  2720.0  93089.5    93054
read      257.6    87.9    74.4   133.4   150.5   254.6   294.3   313.7   327.1   342.6   365.7   401.8   472.7   592.2  1416.6  42263.5    42348
read      256.8    94.2    80.4   142.4   161.0   255.0   286.9   303.3   314.9   328.9   345.4   378.1   448.6   649.5  3602.7  29493.0    29490
read      254.6    95.4    86.8   155.0   174.5   251.0   277.5   291.8   302.0   314.6   331.1   358.1   426.4   877.8  3981.2  18249.0    18187
read      267.2   125.0    74.4   126.9   142.3   245.1   298.0   327.4   348.4   378.8   420.7   489.4   627.7   852.9  2680.6  95214.0    95113
read      242.2    85.5    93.8   161.9   177.2   235.7   259.2   271.5   280.9   292.1   307.3   332.4   404.8   906.3  2682.0   8585.0     8570
read      252.9    96.2    74.4   125.0   140.0   242.0   291.1   315.5   332.1   350.9   378.2   422.1   506.2   625.1  1238.1  62389.8    62285
read      254.9   103.4    74.4   127.5   143.3   247.5   292.9   315.1   330.3   346.5   371.1   411.4   492.4   633.2  2460.9  52422.5    52582
read      255.6    80.6    80.4   138.0   155.5   254.1   289.0   306.8   318.6   333.8   352.3   386.8   455.8   587.6  1787.3  34265.5    34260
read      251.6    97.9    74.4   124.4   139.6   242.0   291.0   314.7   330.7   347.7   373.5   414.5   495.0   617.5  1345.3  59480.5    59493
read      252.6   103.8    74.4   125.5   140.6   243.0   290.9   314.5   330.5   347.8   373.3   414.7   498.1   626.8  2402.3  58252.8    58208
read      247.7   108.8    74.4   122.5   137.0   230.6   280.4   307.1   325.6   346.3   376.8   428.0   534.6   729.2  3155.5  93709.2    93458
read      251.6    86.4    86.8   154.7   173.4   248.5   273.6   287.9   297.0   309.9   324.3   349.5   418.0   904.7  3758.5  18014.5    18056

Total QPS = 58021.6 (104438936 / 1800.0s)

Total connections = 64
Misses = 0 (0.0%)
Skipped TXs = 0 (0.0%)

RX 25796416945 bytes :   13.7 MB/s
TX          0 bytes :    0.0 MB/s
Warning! Detected max cpu usage > 95%
CPU Usage Stats (avg/min/max): 100.00%,49.50%,100.00%
