Random waveform, supplied seed
Total number of intervals = 20 (6927, 52892, 98921, 61129, 40613, 53226, 38560, 103465, 104758, 94759, 37799, 8296, 69443, 12517, 43591, 20430, 93758, 10485, 16518, 83230)
Average QPS expected = 52565
Timestamp start: 1778875171312
Timestamp end: 1778875471590

#type       avg     std     min      p5     p10     p50     p67     p75     p80     p85     p90     p95     p99    p999   p9999      QPS   target
read      244.7    78.7    86.8   156.7   171.2   239.0   264.6   278.0   288.7   300.6   317.7   345.7   418.5   865.9  2545.4   6881.1     6927
read      262.2   107.3    74.4   128.6   143.7   249.5   304.5   330.8   348.2   368.8   394.8   434.4   529.8   680.2  1818.8  52859.1    52892
read      251.3   113.0    74.4   124.2   138.7   231.6   281.2   309.1   329.6   354.6   387.4   436.8   574.7   858.2  2650.4  98740.3    98921
read      257.5   105.6    68.9   127.3   141.9   243.1   297.0   323.1   341.4   363.1   390.9   432.2   522.6   712.9  2092.2  61093.2    61129
read      267.9    96.9    74.4   138.8   155.0   262.4   309.4   331.4   345.8   363.5   385.3   419.5   489.4   637.3  2653.2  40605.0    40613
read      261.3   108.9    74.4   131.2   146.7   249.8   302.3   327.4   344.2   364.2   389.4   427.0   502.7   650.5  2669.9  53172.7    53226
read      268.1    96.7    74.4   139.4   156.3   262.8   308.6   330.4   344.9   362.5   384.0   417.9   489.3   614.5  2322.7  38611.7    38560
read      246.3   109.5    68.9   123.6   138.1   226.6   275.1   302.7   321.2   344.7   377.4   433.2   546.9   782.8  2188.6 103260.8   103465
read      250.6   199.2    74.4   123.4   137.8   226.6   279.7   310.8   333.3   360.9   396.6   449.3   557.7   848.5  2486.3 104641.8   104758
read      250.7   110.4    68.9   122.6   136.8   228.9   285.6   315.2   335.9   360.6   393.3   442.4   545.1   771.4  2264.8  94932.1    94759
read      276.2   108.8    74.4   140.1   156.7   271.9   321.5   344.1   360.0   377.1   399.9   432.7   500.3   629.3  3040.5  37738.3    37799
read      243.1   105.9    93.8   158.3   172.3   235.3   261.5   275.9   286.6   297.3   313.2   338.1   404.6   871.2  5360.9   8289.9     8296
read      255.0   106.4    74.4   125.9   140.7   237.6   291.7   319.4   338.8   361.3   390.1   433.1   537.2   728.7  1702.6  69393.8    69443
read      254.8    74.7    80.4   161.3   177.1   251.3   280.1   294.1   304.4   315.7   331.2   354.9   410.3   654.3  2650.4  12509.1    12517
read      268.8    96.1    74.4   138.1   153.8   262.8   312.3   335.1   350.1   367.5   390.1   424.2   495.3   634.1  1873.7  43540.6    43591
read      268.6    90.6    80.4   155.8   173.4   268.4   301.7   317.3   328.7   341.2   358.2   383.8   443.3   608.8  2846.9  20438.7    20430
read      248.9   108.6    68.9   124.6   139.1   229.2   280.7   309.0   328.5   351.1   381.3   430.2   543.1   834.4  2340.9  93713.9    93758
read      248.9   105.2    86.8   159.4   174.3   242.4   269.3   284.5   294.9   308.1   323.1   348.0   417.8   725.3  3811.8  10481.8    10485
read      261.3    83.2    86.8   157.0   174.1   257.8   289.1   306.2   317.3   331.1   346.3   372.6   435.8   626.7  3070.5  16484.3    16518
read      249.7   113.0    74.4   122.6   136.8   227.8   281.1   311.0   331.9   355.7   386.4   435.8   575.9   928.7  2201.4  83266.8    83230

Total QPS = 52532.7 (15759825 / 300.0s)

Total connections = 64
Misses = 0 (0.0%)
Skipped TXs = 0 (0.0%)

RX 3892676775 bytes :   12.4 MB/s
TX          0 bytes :    0.0 MB/s
Warning! Detected max cpu usage > 95%
CPU Usage Stats (avg/min/max): 99.72%,50.25%,100.00%
