Random waveform, supplied seed
Total number of intervals = 60 (6927, 52892, 98921, 61129, 40613, 53226, 38560, 103465, 104758, 94759, 37799, 8296, 69443, 12517, 43591, 20430, 93758, 10485, 16518, 83230, 5484, 55611, 20774, 96726, 32442, 73039, 74055, 51197, 59442, 35654, 78747, 42212, 52488, 36950, 16762, 79473, 61431, 87172, 108181, 80515, 37149, 13444, 72057, 70041, 90162, 52082, 24258, 72013, 58012, 45398, 50177, 34504, 66010, 73937, 55020, 53235, 97743, 5419, 14764, 7451)
Average QPS expected = 53209
Timestamp start: 1778895339781
Timestamp end: 1778895640079

#type       avg     std     min      p5     p10     p50     p67     p75     p80     p85     p90     p95     p99    p999   p9999      QPS   target
read      229.5    90.1   101.3   153.5   166.1   223.7   246.2   258.7   268.0   278.4   293.0   316.6   374.2  1017.8  4010.0   6817.0     6927
read      270.0   116.7    74.4   128.7   142.9   252.6   309.9   342.4   366.0   391.7   422.8   470.0   568.1   787.4  1831.5  52779.6    52892
read      256.7   143.0    74.4   127.3   141.0   229.4   280.6   309.0   329.5   354.9   387.6   442.3   732.1  1689.0  2835.2  98746.6    98921
read      254.7   102.1    74.4   126.9   141.0   240.6   295.1   320.4   340.2   362.2   387.8   424.1   503.5   639.5  2854.7  61167.0    61129
read      266.6   102.4    80.4   133.7   149.4   259.4   306.9   330.8   349.0   369.5   394.1   430.5   509.4   677.0  2432.7  40601.6    40613
read      267.7   113.4    80.4   126.6   140.6   250.6   307.9   339.9   363.1   389.0   421.5   471.8   576.0   729.6  1364.2  53141.6    53226
read      269.6   120.9    80.4   133.2   148.2   260.4   308.6   335.2   354.5   374.9   400.0   436.6   525.7   910.2  2954.4  38566.4    38560
read      254.3   145.2    74.4   128.0   141.8   230.4   280.0   307.3   326.5   349.8   380.1   429.7   619.4  1801.7  4102.6 103524.2   103465
read      247.9   104.2    74.4   127.6   141.5   229.2   278.0   304.9   323.0   345.6   373.9   419.3   539.3  1007.3  1870.7 104845.8   104758
read      244.0   102.1    74.4   124.6   138.3   225.2   275.3   303.0   321.2   344.6   373.0   415.6   520.1   846.9  1745.1  94378.4    94759
read      266.1   101.0    80.4   135.3   151.1   260.4   306.6   330.3   347.5   366.7   389.8   423.5   496.4   631.6  1758.5  37650.4    37799
read      230.7    66.7    86.8   152.7   165.6   226.0   249.3   262.5   271.5   283.5   297.6   320.5   377.2   660.9  2176.2   8288.6     8296
read      297.0   284.6    74.4   123.3   137.2   244.2   307.8   347.9   379.4   418.4   472.4   567.4  1185.3  3700.0  8745.6  69510.0    69443
read      238.4   104.6    80.4   149.2   162.5   232.0   258.6   272.9   283.6   295.1   311.6   338.4   402.8  1241.6  4033.9  12500.4    12517
read      274.8   179.8    80.4   128.2   142.4   252.7   305.2   335.0   357.0   380.7   409.7   457.3   632.8  2673.9  4349.4  43531.6    43591
read      261.6   137.8    80.4   145.2   161.2   252.3   286.6   304.9   317.4   335.1   357.1   388.3   483.7  1928.2  4122.5  20438.6    20430
read      320.6   311.2    74.4   125.5   140.0   240.5   304.0   349.9   393.6   461.6   561.6   752.1  1530.9  3543.5  7661.0  93720.2    93758
read      225.6    82.5    93.8   145.2   157.7   220.0   245.0   258.2   268.2   279.7   294.4   318.7   381.7   935.3  2098.7  10480.0    10485
read      247.2   101.3    80.4   146.1   161.1   240.8   271.2   287.3   297.8   312.4   330.8   360.7   426.7  1309.6  2703.9  16540.4    16518
read      294.5   249.7    74.4   122.1   136.0   237.6   302.0   345.7   382.5   431.6   499.6   607.0  1083.8  3176.0  6293.8  83382.6    83230
read      220.5   117.5    93.8   151.7   162.1   210.2   231.0   242.6   250.9   261.8   275.0   300.2   382.4  1921.7  4794.1   5526.0     5484
read      274.3   163.8    74.4   124.4   138.7   249.2   307.0   340.8   365.9   394.5   430.5   489.4   646.2  2140.7  4136.5  55615.2    55611
read      256.8    98.1    80.4   145.8   161.8   251.6   284.8   302.5   315.1   331.2   352.0   381.2   453.2  1101.6  2700.8  20739.0    20774
read      279.9   259.8    74.4   126.5   140.8   233.8   286.6   315.3   337.2   364.1   399.7   478.2  1371.5  3296.7  7130.0  96566.0    96726
read      269.1   101.8    74.4   139.6   155.8   263.9   306.8   328.8   345.5   364.4   387.0   420.5   498.4   817.0  2875.8  32546.8    32442
read      280.3   193.3    80.4   123.0   136.6   239.4   303.7   343.4   374.4   413.1   466.1   543.2   783.0  2517.6  4537.9  73214.8    73039
read      281.3   225.1    74.4   121.6   134.8   236.9   301.1   341.0   372.3   411.4   464.6   542.8   807.8  3215.4  5866.0  74206.2    74055
read      270.0   153.2    74.4   125.1   139.1   248.0   305.0   336.9   360.2   385.9   418.0   467.4   592.7  2112.5  3180.2  51025.2    51197
read      277.5   181.1    74.4   124.8   138.7   248.6   309.1   345.6   372.3   403.4   444.5   506.9   659.4  2366.2  5678.6  59487.4    59442
read      267.0   131.5    80.4   132.5   147.5   256.0   302.7   327.9   346.6   367.0   391.7   427.9   518.5  1867.6  3081.4  35638.2    35654
read      281.3   233.8    74.4   120.0   133.2   233.4   297.3   337.9   370.0   410.7   467.7   552.5   853.6  3318.7  7109.1  78835.2    78747
read      266.8   133.9    74.4   128.5   142.8   252.0   304.6   332.5   353.1   375.4   402.0   443.5   542.0  1714.2  2931.1  42237.0    42212
read      276.9   174.9    74.4   125.8   140.2   251.5   309.3   343.2   367.7   395.5   430.4   488.0   659.4  2361.0  4951.2  52553.6    52488
read      284.0   199.3    80.4   137.0   152.4   265.7   317.1   345.3   364.5   385.8   411.9   456.2   636.5  2445.5  8896.3  36984.6    36950
read      261.6   113.5    86.8   154.9   170.1   254.7   286.0   302.3   314.3   329.2   348.4   375.9   447.7  1793.6  2980.3  16789.2    16762
read      302.9   246.7    74.4   126.7   140.6   244.5   310.5   355.7   392.7   442.5   510.2   624.7  1196.0  3013.8  5924.3  79680.8    79473
read      271.1   176.3    74.4   122.3   135.9   241.9   302.2   338.0   364.6   394.0   430.7   489.4   640.5  2246.9  5496.8  61323.0    61431
read      333.4   322.0    80.4   130.8   145.6   250.8   319.2   370.8   418.9   491.4   589.9   771.2  1495.3  3819.5  8148.5  87282.0    87172
read      266.3   185.4    74.4   130.5   145.1   236.4   286.9   314.9   336.3   361.9   394.5   452.0   753.2  2582.1  6364.7 108057.4   108181
read      251.2   107.6    74.4   126.3   139.9   230.5   285.4   314.4   335.7   360.2   389.2   429.8   529.9   859.8  2853.4  80623.4    80515
read      273.6   120.2    80.4   137.9   153.1   264.4   312.3   338.1   356.2   375.3   399.0   434.2   525.2  1526.0  3159.0  37333.6    37149
read      247.2   102.6    93.8   153.2   167.5   242.1   269.9   284.4   294.2   307.3   322.6   352.8   417.9  1047.9  2791.0  13460.8    13444
read      290.0   225.0    74.4   126.0   139.8   244.5   309.8   351.4   383.0   421.9   476.6   557.4   906.6  3011.2  6651.2  72028.4    72057
read      284.6   187.1    74.4   125.0   138.8   244.2   309.5   350.1   381.0   418.3   467.6   544.7   853.3  2269.4  4165.9  70161.6    70041
read      369.9   433.0    74.4   131.1   146.5   257.3   326.3   377.9   427.0   501.4   623.3   995.5  2303.8  4866.4  7944.5  90318.6    90162
read      262.7   101.2    80.4   132.2   147.2   251.9   306.2   332.0   349.9   369.4   392.7   425.3   496.1   641.8  2094.0  51895.8    52082
read      270.4    88.7    86.8   150.4   167.0   269.2   305.0   322.3   337.0   353.1   371.9   399.8   462.8   604.0  2106.4  24291.6    24258
read      292.0   223.0    80.4   125.8   139.7   245.6   311.5   353.5   386.2   426.6   481.1   565.2   935.2  3065.4  5410.2  72075.2    72013
read      281.6   197.8    74.4   127.3   141.1   249.7   312.4   348.9   374.6   403.3   440.3   499.8   675.8  2826.2  5164.6  57921.2    58012
read      273.9   145.7    74.4   130.3   144.7   255.3   311.4   342.4   364.0   388.0   417.3   462.2   577.3  1866.7  3211.8  45406.4    45398
read      278.3   166.0    80.4   129.3   143.5   253.3   311.7   345.7   369.4   395.3   427.9   482.1   638.0  2502.5  3636.3  50195.4    50177
read      281.1   145.0    86.8   140.1   155.5   268.6   317.7   345.3   363.8   383.9   407.3   446.5   563.3  1958.2  4053.2  34487.0    34504
read      282.5   219.9    74.4   123.8   137.8   244.7   307.9   346.4   375.0   409.2   455.7   529.5   803.4  2816.3  7711.2  66196.6    66010
read      300.7   309.7    74.4   126.2   140.0   246.1   311.8   354.4   387.5   428.3   486.4   577.7  1140.3  3800.6 10168.3  73561.0    73937
read      281.8   217.5    74.4   127.3   141.2   250.8   311.1   346.8   372.4   400.6   435.8   494.4   693.0  2892.8  5893.3  55208.0    55020
read      284.3   212.9    74.4   128.8   142.9   255.0   315.5   351.3   376.5   404.5   441.9   500.6   679.2  2705.1  4694.1  53441.0    53235
read      263.8   204.8    68.9   128.8   143.0   232.6   284.8   313.4   334.8   360.6   392.9   446.3   754.3  2476.8  5988.2  97905.6    97743
read      227.0    97.4   101.3   153.2   165.3   220.2   241.2   253.3   262.9   273.1   288.4   313.2   386.7  1067.0  3998.9   5446.0     5419
read      258.3   168.0    93.8   156.8   172.1   250.9   280.5   295.6   307.3   319.5   339.4   367.8   433.7  1452.1  7433.3  14737.8    14764
read      233.1   204.2    93.8   152.3   163.8   220.1   241.7   253.7   263.5   273.7   289.8   315.1   406.2  2555.7 10066.4   7474.2     7451

Total QPS = 53218.1 (15965439 / 300.0s)

Total connections = 64
Misses = 0 (0.0%)
Skipped TXs = 0 (0.0%)

RX 3943463433 bytes :   12.5 MB/s
TX          0 bytes :    0.0 MB/s
Warning! Detected max cpu usage > 95%
CPU Usage Stats (avg/min/max): 99.78%,50.00%,100.00%
