Random waveform, supplied seed
Total number of intervals = 20 (6927, 52892, 98921, 61129, 40613, 53226, 38560, 103465, 104758, 94759, 37799, 8296, 69443, 12517, 43591, 20430, 93758, 10485, 16518, 83230)
Average QPS expected = 52565
Timestamp start: 1778668265009
Timestamp end: 1778668565283

#type       avg     std     min      p5     p10     p50     p67     p75     p80     p85     p90     p95     p99    p999   p9999      QPS   target
read      266.4   142.1   109.4   179.7   196.6   260.6   281.3   292.3   300.1   310.5   320.9   343.3   404.6  1661.4  7508.1   6901.8     6927
read      296.6   135.6    86.8   157.1   172.2   279.0   337.6   366.7   387.0   409.9   438.1   483.0   581.7  1297.3  4051.8  52875.9    52892
read      298.1   138.6    86.8   161.2   177.2   275.2   330.8   361.9   383.2   406.3   435.8   485.9   641.8  1333.8  4059.8  98936.8    98921
read      290.1   112.6    86.8   159.1   174.6   275.7   335.9   362.2   378.9   397.0   419.7   452.8   527.2   726.6  3046.6  61070.4    61129
read      295.0   116.7    86.8   162.7   178.1   290.5   338.7   361.0   375.4   393.2   414.5   447.3   522.7   809.9  3220.3  40592.8    40613
read      298.1   130.4    93.8   157.2   172.2   279.9   339.1   368.7   389.5   413.2   442.8   489.2   591.3  1365.2  3039.7  53137.0    53226
read      297.1   116.1    86.8   162.0   177.3   290.5   339.9   363.5   379.5   398.1   422.1   457.8   539.0  1021.1  3009.3  38549.7    38560
read      305.7   169.2    86.8   162.9   179.8   281.5   336.3   367.1   388.8   413.5   445.0   498.6   678.2  1819.3  6028.8 103294.0   103465
read      307.8   139.0    86.8   165.7   183.3   286.2   340.5   371.1   393.2   418.6   451.0   503.1   661.3  1255.1  3583.1 104724.6   104758
read      293.3   126.3    80.4   160.4   176.1   273.4   328.7   359.2   379.6   401.7   429.8   471.2   592.2   985.0  3733.3  94632.0    94759
read      296.0   113.4    80.4   162.7   177.9   290.4   338.5   361.1   376.0   394.3   417.1   452.1   533.6  1037.2  3166.1  37680.1    37799
read      265.6    88.5   109.4   180.2   196.5   262.2   284.3   295.5   304.8   315.0   328.6   348.7   407.8   962.1  3201.5   8342.0     8296
read      303.9   163.0    93.8   155.4   170.7   275.4   337.7   371.2   395.8   425.4   463.3   524.8   682.6  1759.0  5055.6  69439.9    69443
read      277.9    94.3    93.8   178.2   196.1   274.7   300.9   314.7   324.4   336.9   351.5   375.1   447.1  1048.0  3107.1  12528.3    12517
read      295.2   123.7    86.8   156.1   171.4   284.6   339.8   365.8   383.6   403.0   429.4   467.3   550.0   983.0  3098.2  43595.1    43591
read      288.7    98.9    86.8   173.8   190.9   288.5   320.8   337.3   347.9   361.9   376.8   402.0   462.7   919.3  3643.9  20472.4    20430
read      297.3   143.7    86.8   160.5   176.5   276.0   332.3   362.9   383.5   405.6   433.9   480.0   616.7  1226.2  4741.9  93799.0    93758
read      272.4    95.9   109.4   178.3   195.7   269.3   293.8   307.4   316.4   328.0   342.5   366.7   428.3   939.4  3847.6  10475.7    10485
read      286.5   126.3    93.8   175.4   192.9   282.9   312.8   328.2   338.9   351.2   367.7   394.3   466.7  1354.0  6495.7  16532.9    16518
read      298.1   160.0    86.8   156.9   172.6   271.3   331.5   363.4   384.7   408.3   439.5   495.8   668.8  1940.3  5510.5  83266.7    83230

Total QPS = 52542.4 (15762710 / 300.0s)

Total connections = 64
Misses = 0 (0.0%)
Skipped TXs = 0 (0.0%)

RX 3893389370 bytes :   12.4 MB/s
TX          0 bytes :    0.0 MB/s
Warning! Detected max cpu usage > 95%
CPU Usage Stats (avg/min/max): 99.72%,50.50%,100.00%
