Random waveform, supplied seed
Total number of intervals = 120 (6927, 52892, 98921, 61129, 40613, 53226, 38560, 103465, 104758, 94759, 37799, 8296, 69443, 12517, 43591, 20430, 93758, 10485, 16518, 83230, 5484, 55611, 20774, 96726, 32442, 73039, 74055, 51197, 59442, 35654, 78747, 42212, 52488, 36950, 16762, 79473, 61431, 87172, 108181, 80515, 37149, 13444, 72057, 70041, 90162, 52082, 24258, 72013, 58012, 45398, 50177, 34504, 66010, 73937, 55020, 53235, 97743, 5419, 14764, 7451, 48208, 16149, 78989, 18886, 75954, 44409, 16431, 85707, 58253, 103867, 21604, 90401, 84467, 99700, 32052, 18173, 67789, 51929, 83850, 18614, 29315, 108090, 27024, 49907, 9150, 34328, 51881, 14569, 81517, 78694, 93409, 39093, 18729, 70818, 21942, 91810, 39588, 40957, 62645, 15539, 107672, 32954, 58866, 23739, 54701, 60706, 72350, 58661, 34912, 103268, 38703, 83358, 57408, 86837, 33517, 66204, 73758, 99742, 109462, 94453)
Average QPS expected = 55318
Timestamp start: 1778311493079
Timestamp end: 1778313293389

#type       avg     std     min      p5     p10     p50     p67     p75     p80     p85     p90     p95     p99    p999   p9999      QPS   target
read      247.3   100.6    86.8   160.2   172.6   236.3   263.7   278.6   290.2   304.1   322.4   360.9   452.8  1207.0  3669.3   6907.1     6927
read      302.5   160.1    80.4   137.3   152.9   275.1   339.9   380.9   408.6   441.0   481.9   542.5   705.7  1817.4  3738.6  52918.3    52892
read      277.9   222.5    74.4   131.5   146.5   242.7   294.8   324.1   347.3   375.4   412.0   471.1   920.5  3162.5  7155.7  98938.3    98921
read      260.4   111.5    80.4   130.9   145.1   246.3   298.6   324.4   345.0   368.9   396.7   436.0   521.0   692.8  2850.9  61066.9    61129
read      272.0   103.3    80.4   141.0   156.6   265.5   309.5   333.4   351.7   372.3   397.2   433.3   508.5   671.8  2146.0  40625.9    40613
read      267.8   107.8    80.4   135.1   149.8   255.9   306.9   333.5   353.9   376.8   403.5   444.5   528.1   690.0  2018.5  53295.9    53226
read      271.3   100.3    80.4   142.0   157.7   265.7   308.1   330.1   346.7   367.9   393.3   430.3   506.7   686.9  2816.0  38620.5    38560
read      263.0   122.5    80.4   132.9   148.1   243.3   293.4   320.5   342.3   368.1   400.0   450.1   568.6  1176.6  3102.5 103558.7   103465
read      265.6   129.8    74.4   133.5   148.8   244.1   294.7   322.7   345.1   371.7   404.0   456.3   586.0  1386.6  3805.0 104873.4   104758
read      264.6   125.0    80.4   132.7   147.7   243.4   295.3   323.4   345.9   372.9   405.8   457.2   579.0  1147.0  3231.2  94770.7    94759
read      270.3   108.3    80.4   143.1   158.9   265.8   306.4   327.2   343.8   363.9   388.4   425.0   503.6   671.8  2019.7  37647.3    37799
read      235.5    83.1    93.8   159.4   172.2   228.5   250.3   263.2   272.1   284.1   298.6   326.6   403.0   789.4  3018.7   8306.0     8296
read      260.3   112.0    80.4   130.5   144.7   242.9   296.9   323.8   345.1   370.4   399.9   444.2   536.6   754.9  3354.1  69324.3    69443
read      256.1   561.7    86.8   159.0   174.3   243.6   269.5   284.4   294.8   308.6   326.0   361.4   433.6   734.7 38488.0  12545.5    12517
read      272.1   105.0    74.4   140.7   156.2   264.9   309.9   333.6   351.5   372.6   397.9   434.9   512.6   693.2  2945.6  43545.1    43591
read      265.4    93.8    93.8   154.9   171.9   261.0   291.8   308.6   319.8   337.6   360.3   394.3   466.0   722.6  2875.8  20461.6    20430
read      258.0   119.0    74.4   130.1   144.4   236.6   289.1   316.9   339.1   365.9   398.4   447.4   550.2  1005.0  2922.4  93565.4    93758
read      243.1    84.2    93.8   159.2   173.5   235.7   260.0   273.2   284.1   295.8   313.5   344.8   423.5   773.2  3891.0  10527.8    10485
read      255.1    80.3    86.8   153.4   169.8   249.3   277.8   293.8   305.8   319.2   342.5   377.6   455.4   729.1  2393.9  16539.1    16518
read      267.4   129.5    80.4   132.8   147.6   245.2   299.0   328.8   352.3   380.2   414.4   464.9   587.0  1244.0  3078.2  83240.0    83230
read      237.3   111.0    93.8   159.9   171.8   228.2   250.6   264.2   273.5   286.6   302.9   333.3   422.5  1071.7  3467.2   5454.9     5484
read      266.9   112.9    80.4   134.5   149.3   254.5   305.3   331.2   350.9   373.8   402.1   445.6   535.0   708.3  2465.6  55588.6    55611
read      258.4    85.9    86.8   153.6   170.3   255.5   283.1   297.2   308.8   320.5   341.8   375.1   461.4   725.0  3191.0  20802.2    20774
read      265.4   126.1    74.4   133.3   148.4   245.4   296.6   324.4   346.0   372.2   404.2   456.4   579.8  1166.0  3266.2  96582.3    96726
read      268.8    96.2    80.4   145.0   161.1   265.2   302.2   320.4   336.5   355.1   378.6   415.0   498.1   702.1  2800.9  32515.3    32442
read      260.8   117.3    74.4   130.3   144.4   242.0   296.6   324.7   346.7   372.4   403.1   450.2   545.0   792.7  2007.3  73010.9    73039
read      258.3   110.2    74.4   129.3   143.2   239.6   293.7   320.8   343.0   368.8   399.3   445.4   541.0   786.5  2459.0  73950.3    74055
read      266.7   104.9    80.4   135.0   149.8   256.4   305.5   330.8   350.2   372.3   399.1   438.3   527.2   696.4  2360.6  51208.4    51197
read      265.2   108.7    80.4   132.9   147.5   250.4   303.6   331.1   352.3   376.3   404.6   448.2   533.9   720.6  2784.4  59462.6    59442
read      273.2   130.2    80.4   143.6   159.6   266.8   307.4   328.7   345.4   366.1   391.4   429.5   514.9   843.5  4625.6  35638.6    35654
read      257.8   114.9    74.4   128.7   142.6   237.7   292.4   320.3   342.7   369.1   400.6   448.1   544.1   794.7  2787.8  78792.3    78747
read      266.8   101.1    80.4   138.2   153.2   260.8   304.9   326.8   344.1   365.1   390.6   427.9   506.0   652.5  1893.2  42281.9    42212
read      265.3   106.3    74.4   133.3   148.3   254.7   304.9   329.9   348.8   371.6   398.6   436.7   522.0   700.8  2652.8  52531.7    52488
read      267.7    96.7    80.4   140.7   156.4   263.4   304.3   324.5   341.0   361.0   386.1   422.9   499.0   633.3  1969.0  36996.4    36950
read      258.7    89.8    93.8   158.5   175.1   253.2   281.1   296.2   308.1   320.5   341.7   375.1   451.9   764.4  2922.6  16776.8    16762
read      261.2   114.5    80.4   130.8   145.2   241.8   296.5   324.8   346.7   373.4   404.1   451.2   545.3   788.9  2076.4  79409.9    79473
read      265.4   111.1    80.4   132.7   147.3   250.1   304.5   332.4   353.5   377.4   405.2   448.8   532.8   718.7  2666.1  61467.9    61431
read      259.7   114.9    74.4   130.4   144.7   239.3   293.1   320.8   343.0   369.2   401.0   449.7   549.4   894.7  2874.4  87123.3    87172
read      264.4   123.3    74.4   133.2   148.8   244.5   294.5   321.5   343.1   369.2   401.6   452.2   571.5  1308.3  3259.2 108295.1   108181
read      260.4   118.8    74.4   130.3   144.5   240.6   294.9   322.7   344.3   370.4   401.9   450.4   549.7   867.2  2837.8  80379.3    80515
read      270.0    96.1    80.4   142.5   158.3   265.2   306.7   327.7   343.7   363.9   388.7   425.5   503.0   672.5  1974.5  37188.5    37149
read      249.0    79.6    86.8   157.4   172.6   243.0   269.4   284.4   294.8   308.6   325.9   360.6   432.7   727.6  2608.8  13441.7    13444
read      260.9   118.9    80.4   129.8   144.0   242.1   297.4   325.3   346.4   372.3   402.8   450.0   546.4   765.1  2546.7  71935.5    72057
read      260.7   116.1    74.4   130.1   144.3   242.5   297.7   325.4   346.4   372.5   402.4   447.2   538.3   734.9  2980.5  70108.6    70041
read      256.6   115.4    74.4   129.0   143.1   235.4   289.0   317.2   339.0   365.6   398.0   446.0   549.6   899.3  2357.3  90230.9    90162
read      267.0   107.7    80.4   134.7   149.7   256.1   306.4   331.7   350.5   373.3   400.6   440.5   524.6   694.3  2946.0  52005.5    52082
read      265.0   106.2    80.4   150.2   166.8   260.9   293.5   311.0   323.1   340.7   364.4   399.0   473.2   697.2  2788.0  24258.5    24258
read      257.9   110.5    74.4   128.8   142.6   239.7   294.9   322.0   343.0   368.1   398.1   441.6   536.8   733.5  2925.4  72124.5    72013
read      262.9   108.9    74.4   132.0   146.5   249.9   302.5   328.0   346.4   370.3   398.3   439.0   526.6   707.7  1998.9  58010.6    58012
read      265.9   110.6    80.4   136.2   151.2   258.8   304.6   326.9   343.7   365.1   391.5   429.6   508.8   676.7  2873.5  45379.7    45398
read      265.5   110.5    74.4   134.1   149.1   256.2   305.2   329.1   346.6   369.3   396.2   434.8   515.4   684.9  2809.3  50162.1    50177
read      265.2    97.2    80.4   140.2   155.9   262.2   300.5   319.1   334.3   351.9   376.5   414.0   495.9   674.2  2264.7  34523.6    34504
read      261.8   113.2    80.4   129.7   143.9   244.6   299.4   326.9   346.7   372.4   402.8   448.9   542.9   802.1  2890.4  65999.9    66010
read      256.3   105.9    74.4   128.2   142.0   237.3   293.2   320.9   342.1   368.0   398.5   442.9   533.1   693.0  1436.6  73882.1    73937
read      261.0   111.9    80.4   131.2   145.6   249.5   299.7   323.8   342.4   365.2   393.1   433.2   517.6   685.4  3117.7  55039.5    55020
read      264.3   107.3    80.4   133.8   148.8   253.8   303.6   328.0   345.6   368.9   396.3   434.8   517.2   699.9  2782.7  53227.8    53235
read      255.9   114.4    74.4   129.1   143.4   235.0   286.8   314.5   335.4   361.3   394.3   443.4   557.6   967.7  2498.2  97689.0    97743
read      227.6   109.2    93.8   153.9   165.4   217.6   239.7   252.3   262.4   273.6   290.9   318.7   405.4  1150.2  4002.4   5431.7     5419
read      253.1    82.4    86.8   154.1   170.7   246.6   274.4   290.6   302.2   316.1   337.2   374.0   457.1   737.0  2988.2  14776.5    14764
read      234.4    99.0    86.8   154.7   168.1   226.4   249.8   263.4   272.9   285.9   302.2   332.3   417.1   746.6  3844.4   7506.9     7451
read      279.7   123.8    74.4   134.3   149.7   262.4   317.8   351.2   377.4   403.5   435.9   484.2   579.9   790.6  2785.8  48178.3    48208
read      262.6    85.9    80.4   154.4   171.7   256.9   287.8   304.8   317.0   333.7   356.7   393.9   471.8   714.4  1993.5  16105.6    16149
read      279.3   163.9    74.4   132.7   147.8   250.1   306.2   340.1   368.4   402.2   447.3   513.2   671.1  1470.4  5279.0  79075.6    78989
read      263.8    86.5    86.8   157.7   174.7   259.4   288.5   304.4   315.9   331.0   351.0   388.9   469.3   724.5  2725.9  18880.9    18886
read      264.3   113.2    80.4   132.7   147.1   245.4   300.0   328.2   348.6   374.4   406.0   456.0   562.6   823.8  2825.7  76044.5    75954
read      269.7   100.4    80.4   139.5   154.6   263.3   308.6   331.2   347.0   368.9   395.2   433.6   513.9   668.7  1900.6  44423.5    44409
read      259.4   115.9    86.8   158.3   175.0   253.1   280.6   295.6   307.8   320.6   341.8   378.2   462.4   741.8  4350.2  16385.7    16431
read      261.9   115.3    74.4   131.6   146.0   241.5   295.3   323.6   344.8   371.4   403.6   453.7   561.4   922.1  2496.6  85763.8    85707
read      268.3   109.9    80.4   135.0   149.7   254.5   308.2   334.8   354.4   378.7   407.5   451.4   537.5   689.2  2607.9  58239.1    58253
read      270.1   120.4    80.4   137.0   152.4   250.4   301.3   329.7   350.7   377.1   410.4   462.4   587.1  1074.5  3083.7 104001.5   103867
read      267.2    98.7    86.8   154.8   171.9   262.2   293.4   310.7   322.4   339.3   362.5   399.0   481.9   741.1  3367.6  21587.0    21604
read      259.5   115.6    80.4   130.8   145.1   238.9   292.1   320.1   341.3   368.1   401.0   450.6   554.8   896.2  2453.1  90371.6    90401
read      260.8   117.5    80.4   130.7   145.0   240.1   294.8   323.1   343.9   370.4   402.7   452.3   557.7   887.9  3206.6  84516.2    84467
read      263.2   119.6    74.4   133.2   148.3   243.0   294.1   321.8   342.7   368.8   401.2   452.4   572.1  1040.6  3075.6  99799.4    99700
read      273.0    94.1    80.4   147.2   163.5   269.5   307.8   327.4   341.6   360.8   385.7   422.4   501.3   692.9  2619.6  32046.0    32052
read      259.9    87.7    86.8   155.9   173.0   255.8   284.9   300.5   312.4   326.1   344.8   379.8   456.0   714.9  3125.6  18150.9    18173
read      266.4   110.5    74.4   133.3   148.2   249.1   304.1   332.1   352.7   378.8   409.9   456.0   547.7   759.2  2750.9  67648.6    67789
read      269.1   108.2    80.4   136.7   151.5   258.8   309.7   334.6   352.6   375.2   402.5   443.3   525.6   671.3  2393.6  51915.7    51929
read      261.2   115.3    80.4   131.3   145.7   240.9   295.0   323.2   343.6   370.1   402.5   452.2   554.1   900.8  2831.4  83821.9    83850
read      262.6   115.0    93.8   156.3   173.4   257.2   286.1   301.9   313.7   328.2   347.1   386.4   468.2   790.9  6006.3  18633.5    18614
read      269.5    95.0    86.8   147.8   163.9   266.4   302.4   320.4   334.7   350.7   374.6   410.8   491.9   709.3  2851.9  29325.0    29315
read      276.0   123.0    80.4   139.3   155.6   257.3   307.3   335.1   356.5   382.9   416.7   468.2   603.8  1173.2  2734.5 108109.7   108090
read      268.1   106.0    86.8   149.6   166.1   264.8   298.4   316.0   329.1   344.3   368.4   403.6   488.0   701.3  3396.5  26972.3    27024
read      269.2   109.0    80.4   136.8   151.6   260.0   309.2   333.2   350.2   372.7   399.9   439.8   526.1   702.5  2879.3  49893.3    49907
read      237.2    82.6    93.8   158.4   172.2   230.2   252.9   266.0   274.5   287.3   302.9   330.0   409.9   755.8  3541.2   9213.0     9150
read      274.1   124.0    80.4   144.6   161.0   269.0   308.6   328.8   343.0   363.0   389.1   428.4   516.9   866.7  4721.5  34261.9    34328
read      266.5   109.1    80.4   133.8   148.8   256.8   306.9   331.1   347.4   370.4   398.3   439.2   525.5   707.9  2805.6  51774.5    51881
read      252.5    84.7    86.8   155.9   172.3   247.3   274.0   289.4   300.0   314.0   332.4   364.8   443.3   715.2  3383.2  14554.8    14569
read      262.4   114.9    80.4   130.9   145.3   241.9   297.3   326.4   346.6   373.4   405.9   456.5   562.4   849.0  2684.3  81507.3    81517
read      259.1   112.7    80.4   129.5   143.6   239.5   295.0   323.1   343.1   369.0   400.4   448.4   546.7   766.0  2582.5  78845.7    78694
read      258.3   125.4    74.4   130.1   144.4   237.3   290.3   318.0   338.4   363.6   395.9   444.7   561.0  1004.9  3700.2  93333.4    93409
read      269.0   126.7    80.4   141.2   156.8   265.0   305.6   324.9   338.9   356.5   380.4   418.6   504.3   902.0  4777.4  39135.1    39093
read      259.3    90.2    86.8   156.5   173.6   255.9   283.4   297.7   309.6   321.6   341.1   374.3   456.8   722.7  2968.9  18716.9    18729
read      266.7   111.9    80.4   133.2   147.9   248.8   304.0   331.9   351.7   376.8   408.7   459.4   571.9   798.9  2220.9  70800.3    70818
read      260.5    92.3    86.8   152.8   169.5   258.1   286.5   301.4   312.7   325.5   343.4   378.2   464.3   742.8  3153.2  21956.5    21942
read      260.0   118.4    80.4   131.1   145.6   239.4   292.7   320.7   341.1   366.7   398.9   448.2   557.8   947.4  2998.4  91842.9    91810
read      268.9    94.4    80.4   141.5   157.1   266.3   307.8   327.8   341.8   360.5   384.8   421.6   500.2   639.8  1654.9  39568.1    39588
read      269.6   101.9    80.4   141.4   157.2   266.1   308.4   328.7   342.7   361.9   386.4   422.7   499.7   671.6  2789.1  40915.9    40957
read      262.4   111.2    74.4   131.5   145.9   247.9   302.6   328.8   346.2   370.0   398.9   441.2   531.9   692.6  2286.1  62692.1    62645
read      249.5    93.6    93.8   155.9   172.1   245.3   270.6   284.7   294.4   307.3   322.0   350.2   428.4   731.3  3197.1  15546.1    15539
read      267.9   128.6    74.4   134.9   150.5   247.5   297.8   325.5   345.5   371.4   403.8   457.5   593.8  1316.6  3486.5 107749.9   107672
read      270.3    95.3    80.4   144.4   160.6   267.3   306.1   325.5   339.5   357.5   382.4   420.2   497.8   692.8  2813.5  33067.0    32954
read      266.6   135.5    80.4   132.2   146.8   251.3   305.0   331.0   348.9   373.1   402.7   448.3   545.6  1140.4  3201.4  58856.0    58866
read      265.5    86.2    80.4   150.5   167.2   262.3   295.2   312.7   324.9   340.2   362.7   399.0   474.4   672.9  2032.4  23686.9    23739
read      268.9   122.1    74.4   134.8   149.8   256.5   308.2   333.5   351.5   375.1   404.0   449.1   542.0   799.4  2969.8  54711.7    54701
read      261.4   103.8    74.4   132.2   146.7   247.8   301.6   327.3   344.5   367.5   395.9   436.1   518.7   658.4  2191.6  60604.5    60706
read      256.0   105.9    74.4   129.5   143.4   237.9   293.8   321.3   340.2   363.8   394.0   436.3   521.0   646.0  2020.0  72371.3    72350
read      259.5   114.5    80.4   131.9   146.4   246.6   299.4   324.0   341.1   362.9   390.7   430.8   509.9   639.8  2189.2  58605.0    58661
read      267.4    97.6    80.4   143.2   159.0   264.2   303.2   322.1   336.6   353.5   377.5   415.2   494.2   673.8  2351.3  34924.8    34912
read      259.4   119.5    74.4   133.7   148.6   240.4   291.7   319.3   339.5   364.2   395.8   441.5   537.1   724.9  3023.8 103458.0   103268
read      266.8    97.4    80.4   141.0   156.3   262.5   304.0   324.1   338.6   356.6   381.6   419.8   497.3   667.4  2860.6  38704.7    38703
read      254.6   108.1    74.4   129.5   143.2   234.6   289.5   317.9   337.7   361.8   393.4   438.9   531.4   684.1  2090.7  83361.6    83358
read      261.7   112.6    74.4   132.1   146.8   249.3   301.9   326.9   343.6   366.3   394.6   434.4   515.3   651.5  2360.2  57450.9    57408
read      253.5   106.9    74.4   129.3   143.0   233.4   287.7   316.3   336.2   360.3   392.1   436.5   528.1   682.4  2305.5  86918.9    86837
read      265.6    90.9    80.4   143.6   159.6   263.5   300.9   319.4   333.3   348.3   372.6   407.5   480.0   636.3  2177.6  33450.7    33517
read      256.7   106.8    74.4   130.1   144.0   240.9   295.5   321.6   339.8   362.3   391.3   432.7   515.4   651.4  2281.7  66182.3    66204
read      256.0   106.9    74.4   129.5   143.3   237.4   293.3   320.9   340.0   363.8   394.1   436.6   525.8   673.9  2272.2  73805.1    73758
read      255.3   103.4    74.4   131.6   146.1   236.1   287.7   315.5   335.4   359.4   390.9   436.1   532.2   693.1  1914.4  99770.7    99742
read      261.8   106.8    74.4   135.2   150.4   243.7   293.8   321.1   341.2   366.1   398.0   446.7   544.7   727.8  2003.8 109729.7   109462
read      253.5   110.6    74.4   129.9   143.9   233.5   286.2   314.6   334.5   358.4   390.0   435.3   529.6   703.9  2954.2  94517.0    94453

Total QPS = 55324.6 (99584256 / 1800.0s)

Total connections = 64
Misses = 0 (0.0%)
Skipped TXs = 0 (0.0%)

RX 24597310491 bytes :   13.0 MB/s
TX          0 bytes :    0.0 MB/s
Warning! Detected max cpu usage > 95%
CPU Usage Stats (avg/min/max): 100.00%,50.50%,100.00%
