Random waveform, supplied seed
Total number of intervals = 60 (6927, 52892, 98921, 61129, 40613, 53226, 38560, 103465, 104758, 94759, 37799, 8296, 69443, 12517, 43591, 20430, 93758, 10485, 16518, 83230, 5484, 55611, 20774, 96726, 32442, 73039, 74055, 51197, 59442, 35654, 78747, 42212, 52488, 36950, 16762, 79473, 61431, 87172, 108181, 80515, 37149, 13444, 72057, 70041, 90162, 52082, 24258, 72013, 58012, 45398, 50177, 34504, 66010, 73937, 55020, 53235, 97743, 5419, 14764, 7451)
Average QPS expected = 53209
Timestamp start: 1778671533339
Timestamp end: 1778671833623

#type       avg     std     min      p5     p10     p50     p67     p75     p80     p85     p90     p95     p99    p999   p9999      QPS   target
read      276.2   148.5   118.1   187.6   203.7   265.2   286.6   297.1   306.3   315.7   329.7   354.2   613.9  2061.3  7054.8   6900.0     6927
read      324.6   241.6    93.8   157.7   174.0   293.7   354.2   384.7   405.9   432.6   467.3   529.8   997.2  3460.4  7418.7  52632.0    52892
read      573.2   870.1    93.8   182.0   206.1   326.6   380.3   416.6   448.0   497.7   692.8  3136.7  3704.6  7908.1  9919.2  99097.6    98921
read      319.1   237.7    93.8   154.2   169.7   283.3   346.5   380.2   403.8   434.1   474.9   543.9   872.3  3371.6  7646.2  61229.8    61129
read      305.2   153.7    93.8   158.0   173.7   293.8   346.8   371.9   389.5   408.7   433.9   473.0   607.4  2050.6  4307.9  40592.6    40613
read      311.3   179.9    86.8   154.9   170.5   287.6   349.7   380.2   401.7   428.2   462.1   518.4   717.3  2523.2  5843.3  53256.6    53226
read      305.9   149.1   101.3   159.8   175.5   296.0   347.9   371.8   388.9   407.3   432.3   470.3   604.1  2036.2  3960.6  38626.4    38560
read      557.2   724.3    93.8   185.2   209.7   333.5   393.6   437.3   486.6   628.2  1380.9  1767.5  3581.1  7579.5  9483.5 103308.6   103465
read      575.7   783.3    93.8   190.3   216.9   342.3   401.4   443.9   485.5   570.8  1345.3  2017.6  3673.0  7673.1 10050.7 104502.4   104758
read      576.5   815.0    93.8   183.1   207.8   338.4   400.3   443.5   483.3   550.7  1133.3  2767.6  3656.1  7774.6  9668.4  94947.6    94759
read      301.8   132.2    93.8   159.5   175.0   293.9   344.0   368.0   384.8   402.9   428.3   465.6   585.1  1657.7  3495.4  37834.0    37799
read      267.1   151.0   109.4   178.5   195.3   261.0   283.3   294.4   303.2   313.3   325.7   345.7   426.1  1502.6  7813.1   8326.6     8296
read      337.4   250.2    93.8   158.2   174.6   293.2   359.4   396.6   425.7   462.1   513.0   610.7  1135.9  3285.1  7219.7  69340.6    69443
read      275.6    80.7   101.3   177.7   195.3   273.7   299.0   312.7   321.3   334.2   347.2   371.7   435.3   934.5  2184.8  12551.0    12517
read      306.8   132.1    86.8   159.1   175.0   295.4   351.1   377.5   396.0   418.0   445.8   490.9   613.1  1335.1  3334.4  43672.2    43591
read      297.5   118.0   101.3   173.8   191.8   296.7   330.2   346.5   359.4   372.4   391.9   421.3   498.9  1142.2  3756.9  20470.0    20430
read      442.6   538.6    86.8   169.0   188.6   304.9   369.5   417.7   464.1   542.0   692.7  1164.1  3270.7  5667.9  8140.8  93879.6    93758
read      276.6   125.0   109.4   178.8   196.8   271.0   295.7   309.5   318.4   330.5   344.2   368.8   449.8  1508.6  6862.6  10446.6    10485
read      287.8   112.1    93.8   175.9   193.8   285.8   315.9   331.8   342.4   355.6   370.7   397.2   466.4   992.0  3997.9  16442.8    16518
read      380.7   494.6    86.8   160.9   177.6   296.4   363.2   403.5   436.8   481.0   542.5   672.1  2651.8  6853.0 10004.7  83116.6    83230
read      253.7   115.1   109.4   175.2   190.1   247.2   267.5   278.2   286.8   295.5   309.7   330.9   403.7  1350.8  6109.6   5469.0     5484
read      303.6   145.2    86.8   154.4   169.5   283.0   343.9   374.2   396.0   421.4   454.3   506.0   669.7  1583.4  3050.8  55574.8    55611
read      295.3   111.9   101.3   172.8   190.7   294.1   327.2   343.6   356.1   369.6   388.4   417.0   497.5  1312.5  3690.7  20818.8    20774
read      563.6   847.9    93.8   177.8   200.6   319.6   372.6   407.2   437.9   489.3   688.5  3147.3  3672.0  7754.1  9235.1  96867.6    96726
read      301.8   122.0    93.8   162.6   178.4   296.4   342.3   364.4   379.3   396.5   419.6   456.8   582.6  1411.0  2460.9  32415.4    32442
read      332.1   243.7    86.8   157.5   173.6   288.0   353.3   390.2   418.7   455.2   505.1   596.2  1111.1  3172.3  6088.5  72899.4    73039
read      320.1   227.0    86.8   155.3   171.0   281.5   346.0   382.1   408.5   441.9   487.6   562.3   876.5  3119.3  7367.2  74055.2    74055
read      310.7   188.0    86.8   154.5   169.8   287.3   348.0   378.0   398.7   424.0   456.7   509.0   734.2  2472.3  7123.5  51226.0    51197
read      309.7   171.9    93.8   154.0   169.4   284.3   347.2   379.3   401.6   429.3   465.0   523.8   700.7  2322.3  4301.6  59400.2    59442
read      306.8   138.3    93.8   162.7   178.8   300.5   350.4   373.5   390.4   408.8   433.2   470.5   575.0  1283.5  6365.3  35602.0    35654
read      361.5   326.5    93.8   162.0   178.6   298.3   366.5   407.5   441.8   488.2   552.9   686.0  1476.9  4862.1  7830.5  78554.2    78747
read      307.3   152.0    93.8   158.5   174.4   294.5   349.8   375.5   394.1   415.7   443.4   491.0   636.7  1635.6  5712.0  42105.6    42212
read      363.8   452.5    93.8   159.0   175.6   302.5   366.1   400.3   427.4   461.5   511.3   625.5  1686.2  6563.8 15481.0  52527.4    52488
read      307.5   143.7   101.3   162.8   178.8   300.3   350.1   373.9   391.0   409.9   434.6   473.3   584.4  1349.4  5762.9  36919.6    36950
read      288.9    99.6   101.3   176.1   194.2   287.2   317.0   332.6   342.8   356.0   371.3   398.0   471.7  1163.2  3553.4  16860.2    16762
read      339.0   247.1    93.8   159.1   175.3   290.4   357.2   396.8   428.4   468.4   526.4   626.7  1175.0  3294.9  6632.0  79355.4    79473
read      308.8   160.5    93.8   154.3   169.3   281.9   345.2   378.0   401.8   431.5   470.3   537.5   750.5  1596.8  4923.5  61411.0    61431
read      353.2   274.8    86.8   161.0   177.9   293.7   362.0   405.1   442.7   492.1   560.3   688.0  1338.1  3394.4  7457.0  87046.6    87172
read      587.6   856.6    93.8   191.2   218.7   343.8   397.4   432.7   464.4   516.7   963.9  3079.6  3727.5  7783.5  9434.0 107783.0   108181
read      378.0   394.5    86.8   163.2   180.7   295.8   359.0   399.5   435.4   487.5   568.3   752.9  2226.2  4631.4  8102.6  80423.6    80515
read      303.8   130.9    93.8   161.6   176.9   296.9   346.8   370.1   386.4   403.5   428.7   466.6   577.6  1736.9  3199.0  36874.8    37149
read      283.9   109.7   101.3   178.5   196.6   280.8   308.1   321.2   332.5   343.7   360.6   385.5   459.3  1463.4  3209.3  13529.4    13444
read      332.0   249.1    86.8   157.4   173.6   289.3   354.0   390.6   419.0   455.4   505.0   593.3  1093.6  3238.1  6791.8  72084.6    72057
read      324.6   220.2    93.8   156.4   172.4   286.8   351.3   387.5   414.9   449.8   497.1   576.9   910.7  2965.5  7231.3  70016.2    70041
read      379.7   317.1    93.8   163.9   182.0   299.0   368.1   417.3   462.6   528.0   629.0   844.9  1641.4  3458.0  7548.6  90355.8    90162
read      306.4   159.6    93.8   154.5   169.7   286.0   347.3   377.4   398.4   423.5   455.3   504.5   666.9  2005.1  4872.5  52154.0    52082
read      294.4   102.3   101.3   168.6   185.4   293.5   329.9   347.0   360.1   373.2   392.9   422.6   506.7  1177.6  2374.2  24215.0    24258
read      343.1   313.3    93.8   159.0   175.1   290.2   355.3   393.1   422.9   461.7   516.9   620.0  1257.9  5314.7  8374.2  72070.8    72013
read      319.4   203.6    93.8   156.2   171.5   287.3   350.8   384.1   408.0   438.3   479.0   546.5   863.4  2613.2  5539.0  58043.6    58012
read      312.0   159.0    93.8   159.6   175.1   294.3   352.2   380.9   400.8   425.8   458.4   509.0   682.0  1821.9  5564.3  45326.0    45398
read      313.0   167.0    86.8   158.6   174.4   293.2   353.1   383.6   404.6   431.6   465.6   521.9   690.6  1734.9  3813.6  50265.6    50177
read      328.1   304.2   101.3   164.1   180.4   302.9   351.5   374.6   391.9   411.6   437.6   491.7  1001.3  4903.6  9542.8  34441.0    34504
read      314.3   181.8    93.8   155.2   170.9   284.1   347.5   381.5   405.5   436.0   477.4   546.5   777.6  2309.2  4212.5  65945.6    66010
read      403.1   613.6    86.8   160.5   177.6   299.9   365.4   403.3   434.3   474.2   535.8   683.0  3330.4  7444.4 10515.0  74249.4    73937
read      331.6   307.3    86.8   155.2   170.9   289.8   352.3   384.6   407.4   436.3   475.7   546.4  1210.4  4856.1  8042.8  54947.2    55020
read      319.4   227.6    93.8   155.2   170.8   288.7   351.4   382.7   404.1   431.7   467.1   530.3   904.5  2996.5  7546.2  53238.4    53235
read      573.4   788.0    93.8   183.3   207.1   333.1   393.9   436.0   479.0   570.5  1371.7  2334.5  3640.6  7671.4  9338.3  97454.0    97743
read      264.5   143.9   109.4   177.8   194.4   255.7   276.4   288.6   296.3   307.7   319.8   344.4   483.6  1737.6  7138.1   5426.6     5419
read      291.1   102.9   101.3   180.3   199.4   288.0   316.8   332.4   342.7   356.0   371.3   398.2   475.3  1330.9  3138.1  14785.6    14764
read      269.2   121.1   101.3   179.9   197.5   262.6   284.5   295.8   305.3   315.5   330.2   355.6   459.4  1446.1  6045.2   7476.0     7451

Total QPS = 53189.8 (15956941 / 300.0s)

Total connections = 64
Misses = 0 (0.0%)
Skipped TXs = 0 (0.0%)

RX 3941364427 bytes :   12.5 MB/s
TX          0 bytes :    0.0 MB/s
Warning! Detected max cpu usage > 95%
CPU Usage Stats (avg/min/max): 99.72%,51.00%,100.00%
