Random waveform, supplied seed
Total number of intervals = 20 (6927, 52892, 98921, 61129, 40613, 53226, 38560, 103465, 104758, 94759, 37799, 8296, 69443, 12517, 43591, 20430, 93758, 10485, 16518, 83230)
Average QPS expected = 52565
Timestamp start: 1778879304742
Timestamp end: 1778879605013

#type       avg     std     min      p5     p10     p50     p67     p75     p80     p85     p90     p95     p99    p999   p9999      QPS   target
read      235.4    83.3    93.8   156.1   169.0   229.4   252.6   265.8   274.3   287.1   302.5   327.9   387.6   652.0  3812.9   6954.5     6927
read      260.0   103.7    68.9   129.9   144.3   246.8   301.9   330.9   349.5   369.9   394.2   428.1   496.5   605.3  2611.6  52737.8    52892
read      245.7   103.9    74.4   124.9   138.9   224.5   274.9   305.6   327.8   352.8   383.1   426.8   521.8   718.9  1778.0  98936.1    98921
read      255.4   105.2    74.4   126.8   140.7   238.5   295.2   326.4   346.3   368.2   393.9   430.4   504.6   632.5  1609.3  61089.7    61129
read      266.2    98.0    74.4   136.6   151.9   260.6   309.2   333.4   349.2   367.1   388.5   418.8   477.2   584.3  2774.0  40562.1    40613
read      262.2   101.0    74.4   130.7   145.4   248.4   304.9   334.4   353.5   373.8   398.3   432.3   502.9   617.4  1754.6  53214.2    53226
read      266.9    95.7    74.4   137.7   153.0   261.8   308.9   332.9   348.7   366.6   387.9   417.9   474.9   588.2  2166.2  38569.3    38560
read      248.4   110.0    74.4   126.2   140.2   227.2   277.9   308.1   329.7   354.2   384.6   429.5   534.8   795.3  2364.8 103581.1   103465
read      248.3   105.9    68.9   126.6   140.5   227.4   277.6   307.3   328.7   353.4   384.3   429.7   534.2   798.7  2272.3 104774.4   104758
read      246.6   110.1    68.9   125.0   138.9   224.7   276.2   307.6   329.9   355.3   385.9   429.0   522.0   730.5  2423.7  94639.1    94759
read      269.0    96.8    74.4   139.2   154.7   264.3   311.9   335.8   351.5   368.6   389.6   419.4   475.9   582.0  2255.3  37824.9    37799
read      238.5   103.1    93.8   155.5   168.8   231.8   255.4   269.0   278.3   290.5   306.4   332.3   393.9  1090.5  4576.7   8313.5     8296
read      254.3   106.3    74.4   126.4   140.2   233.7   290.9   323.7   345.4   369.5   397.1   435.3   519.8   686.3  1939.2  69440.1    69443
read      251.2    76.3    86.8   158.2   173.6   249.1   274.3   288.5   297.6   310.9   326.3   350.6   401.9   594.6  2730.9  12521.7    12517
read      268.7   105.5    74.4   136.6   151.9   261.0   313.2   338.9   355.6   372.9   394.7   426.0   490.5   611.4  2707.1  43577.1    43591
read      267.9    95.0    68.9   154.5   171.3   267.2   298.9   316.1   328.5   342.5   360.5   386.0   436.1   578.0  2789.7  20442.3    20430
read      249.5   104.4    68.9   126.4   140.2   227.1   279.6   311.6   334.6   360.3   391.1   434.6   534.0   765.6  1560.7  93708.8    93758
read      246.2    93.1    93.8   158.2   172.5   241.8   266.8   280.0   290.1   301.8   317.9   342.8   398.6   690.4  3792.8  10465.5    10485
read      259.2    77.1    86.8   156.2   172.2   257.5   285.9   301.1   313.0   326.3   342.9   369.0   426.0   605.8  2328.6  16536.1    16518
read      253.2   112.1    74.4   126.1   140.0   229.8   284.9   317.7   341.2   367.0   397.4   441.4   546.7   864.1  2480.0  83288.8    83230

Total QPS = 52558.9 (15767656 / 300.0s)

Total connections = 64
Misses = 0 (0.0%)
Skipped TXs = 0 (0.0%)

RX 3894611032 bytes :   12.4 MB/s
TX          0 bytes :    0.0 MB/s
Warning! Detected max cpu usage > 95%
CPU Usage Stats (avg/min/max): 99.72%,50.75%,100.00%
