Random waveform, supplied seed
Total number of intervals = 60 (6927, 52892, 98921, 61129, 40613, 53226, 38560, 103465, 104758, 94759, 37799, 8296, 69443, 12517, 43591, 20430, 93758, 10485, 16518, 83230, 5484, 55611, 20774, 96726, 32442, 73039, 74055, 51197, 59442, 35654, 78747, 42212, 52488, 36950, 16762, 79473, 61431, 87172, 108181, 80515, 37149, 13444, 72057, 70041, 90162, 52082, 24258, 72013, 58012, 45398, 50177, 34504, 66010, 73937, 55020, 53235, 97743, 5419, 14764, 7451)
Average QPS expected = 53209
Timestamp start: 1778802539318
Timestamp end: 1778802839601

#type       avg     std     min      p5     p10     p50     p67     p75     p80     p85     p90     p95     p99    p999   p9999      QPS   target
read      242.5   186.7    93.8   157.3   168.3   219.5   242.1   255.8   267.0   279.7   297.7   338.9   772.0  2745.0  7406.9   6927.2     6927
read      334.7   361.4    80.4   128.2   142.6   267.6   337.6   384.7   420.4   463.5   521.9   631.2  1800.5  4770.1  8123.7  52973.4    52892
read      653.2   899.9    80.4   172.0   205.0   365.3   479.4   549.1   606.0   705.4  1519.5  3225.4  3825.2  7910.9  9921.2  98949.2    98921
read      370.4   516.2    80.4   128.1   142.7   266.0   339.6   392.0   433.9   487.2   563.4   741.3  2675.2  7646.1 10316.6  61207.6    61129
read      302.8   186.3    80.4   130.5   145.9   272.2   335.1   374.9   403.2   436.5   480.8   550.4   807.7  2358.2  4347.0  40618.6    40613
read      313.5   272.4    80.4   127.1   141.1   263.2   331.9   377.4   411.3   451.7   504.8   593.7  1199.6  3624.1  7634.8  53178.0    53226
read      306.3   201.5    80.4   132.1   147.7   273.1   334.2   374.1   402.4   436.2   481.0   553.7   937.4  2326.1  5080.7  38509.0    38560
read      707.7   934.1    80.4   191.8   228.9   403.3   533.0   632.0   719.0   993.8  1600.5  2529.5  4352.7  9597.0 12487.1 103423.6   103465
read      707.4   979.4    80.4   194.5   225.5   409.7   502.2   568.8   638.5   783.7  1431.3  3379.2  4594.4  7969.0 10024.7 104467.4   104758
read      648.4   850.5    86.8   204.0   241.0   408.9   532.8   608.7   667.6   752.0   960.2  2245.0  4082.8  8046.6  9796.3  94560.4    94759
read      381.7   487.1    80.4   137.2   153.2   276.2   351.4   401.8   442.6   497.1   584.6   833.3  2480.1  7612.9  9127.1  37883.8    37799
read      242.6   130.3   101.3   159.0   170.6   227.1   252.1   266.9   277.2   291.1   310.1   345.0   589.9  1504.0  7136.5   8297.0     8296
read      373.8   441.6    80.4   131.1   146.6   270.1   352.7   411.6   461.7   529.1   621.9   818.4  2419.7  5263.3  8110.7  69382.8    69443
read      249.2   145.9    93.8   153.9   168.1   234.3   262.9   278.3   290.6   305.2   324.3   362.7   524.5  1997.9  7172.5  12516.0    12517
read      300.4   197.1    80.4   129.3   144.0   267.6   327.7   368.1   397.4   431.5   475.0   548.0   884.3  2521.1  5091.9  43565.6    43591
read      273.3   139.8    86.8   145.8   162.4   257.1   295.2   317.0   334.6   356.2   384.5   431.0   656.9  1770.3  3134.7  20441.8    20430
read      675.2  1033.2    80.4   160.0   191.1   354.2   467.6   543.1   597.9   679.3  1348.4  3377.7  4497.8  9305.0 12591.3  93935.0    93758
read      281.6   388.8    86.8   152.5   166.1   231.1   260.6   277.8   291.4   308.9   336.0   406.9  1538.6  7654.5  9207.2  10443.0    10485
read      268.8   152.7    93.8   151.7   167.5   250.5   284.8   303.5   317.2   336.3   362.3   404.0   790.2  1739.7  5029.3  16525.2    16518
read      564.0   826.3    80.4   143.3   165.3   312.9   403.5   480.1   550.9   659.8  1107.6  2470.8  3750.5  7849.1 10105.5  83250.0    83230
read      227.0   123.6    93.8   154.2   164.3   211.1   231.5   244.5   254.2   267.1   284.2   315.3   664.4  1526.1  4151.4   5509.8     5484
read      331.7   298.2    80.4   129.1   143.4   268.2   343.5   393.8   432.1   480.3   545.3   671.9  1461.6  3662.5  7746.5  55588.8    55611
read      265.2   110.1    80.4   144.1   160.6   253.6   291.2   311.9   327.4   346.8   373.2   414.8   547.9  1323.2  2438.4  20681.4    20774
read      655.4   893.3    80.4   181.7   215.6   372.6   487.4   562.2   621.7   723.6  1466.3  2996.6  4049.2  7976.5 10603.8  96662.4    96726
read      297.2   209.0    86.8   136.4   152.2   269.4   322.4   357.2   381.7   409.8   448.2   508.6   826.7  2422.6  7974.9  32534.6    32442
read      391.0   530.2    80.4   129.3   144.6   267.4   347.7   407.7   459.9   529.1   628.2   895.4  2834.4  6690.1  8385.7  72955.8    73039
read      374.0   418.0    80.4   130.0   145.4   267.5   348.8   409.5   462.6   534.9   637.6   881.2  2294.7  4694.1  8012.4  74144.8    74055
read      304.2   218.4    80.4   127.3   141.3   263.4   329.0   372.9   404.8   443.5   494.2   581.5   951.4  2747.7  4927.6  51060.4    51197
read      320.3   265.5    80.4   126.0   140.0   261.3   334.1   384.9   423.9   471.4   537.3   661.2  1316.0  2813.2  7486.2  59404.2    59442
read      290.8   152.9    80.4   133.0   148.2   268.6   322.8   358.3   383.7   413.0   451.1   509.8   713.9  1840.3  3874.9  35827.8    35654
read      459.1   617.4    80.4   135.2   153.4   290.1   379.6   447.3   510.4   604.2   770.3  1433.0  3392.0  7279.8  9388.1  78990.0    78747
read      304.0   197.3    74.4   131.0   146.2   270.7   332.0   372.7   401.3   436.1   480.8   555.9   907.2  2433.1  5017.1  42124.0    42212
read      319.6   244.0    80.4   129.4   143.8   269.0   340.0   387.0   422.4   464.8   524.0   634.6  1205.0  2766.1  6204.3  52438.8    52488
read      295.9   191.6    80.4   132.4   147.7   267.1   320.5   356.6   382.3   412.0   451.0   514.2   940.5  2319.2  4015.6  36970.8    36950
read      258.9   114.9    93.8   148.1   164.1   245.9   279.6   297.3   311.8   329.1   353.3   393.1   561.5  1426.8  3547.1  16788.4    16762
read      438.3   568.6    80.4   133.5   151.0   282.4   369.6   434.9   495.7   581.8   732.3  1363.7  3220.2  6262.0  8080.1  79528.0    79473
read      331.7   284.0    80.4   129.2   143.7   267.7   345.4   398.7   439.7   491.9   561.4   685.2  1346.5  3414.7  7606.2  61270.6    61431
read      597.3   868.7    80.4   152.1   177.2   334.0   433.0   510.4   580.5   693.3  1276.1  2502.0  3863.0  8100.1 12377.7  87000.2    87172
read      677.7   895.4    86.8   217.1   245.8   407.9   516.9   580.5   631.3   715.6  1260.2  3259.5  4157.8  7858.9 10081.1 108371.0   108181
read      626.9   797.3    80.4   172.2   200.7   367.1   482.2   577.8   678.1   958.5  1517.6  1875.8  3896.2  7923.5 11285.7  80405.8    80515
read      298.0   191.1    86.8   133.0   148.7   269.4   324.3   361.2   387.1   417.4   456.9   522.5   860.2  2513.2  3820.9  37325.6    37149
read      249.1   126.3    93.8   151.1   165.4   234.4   264.5   280.8   292.7   307.8   328.2   366.6   556.6  1661.5  5000.1  13357.4    13444
read      665.8  1192.4    80.4   145.0   167.5   317.1   414.6   484.3   547.1   672.9  1315.0  2905.1  6617.2  9290.0 15115.7  71813.8    72057
read      370.2   490.0    80.4   128.4   143.2   264.7   343.3   400.7   448.8   508.6   592.5   771.4  2594.4  6506.9  8075.7  70011.0    70041
read      562.7   788.3    80.4   153.3   178.0   326.0   419.3   489.4   549.9   648.2  1039.9  2357.9  3695.7  7765.6  9084.9  90079.0    90162
read      321.1   276.3    80.4   128.0   142.2   268.4   339.1   386.4   421.2   463.3   520.7   625.7  1194.0  3594.3  7642.8  52103.8    52082
read      274.5   140.3    80.4   139.9   155.7   260.6   302.1   325.1   344.0   366.7   394.8   436.5   608.1  1882.8  3472.3  24285.6    24258
read      634.0  1202.4    80.4   140.8   162.0   307.0   391.9   465.5   526.8   603.4   809.6  2782.0  6618.2  9010.9 11026.4  71943.4    72013
read      324.2   267.5    80.4   128.1   142.5   266.1   339.3   389.5   427.9   475.1   539.0   654.4  1328.1  3229.5  7314.5  57914.8    58012
read      303.9   202.8    80.4   129.7   144.5   269.6   331.6   372.6   401.9   436.7   482.1   557.2   942.2  2476.5  3872.6  45319.6    45398
read      304.2   217.7    74.4   126.7   141.0   264.6   329.3   373.0   404.7   443.8   493.5   577.6   971.4  2722.2  5533.7  50083.0    50177
read      296.6   169.7    86.8   133.9   149.7   273.2   328.9   365.0   390.7   420.6   458.9   520.7   729.4  1959.5  5096.4  34687.8    34504
read      335.9   352.5    80.4   125.8   140.1   260.1   335.9   389.8   431.8   484.8   555.5   682.1  1731.3  4378.4  7922.1  65923.2    66010
read      374.2   448.2    80.4   129.3   144.5   266.5   346.2   405.2   457.6   527.5   628.9   859.0  2474.0  5591.3  8083.7  73854.6    73937
read      305.5   229.1    80.4   124.8   138.6   259.4   325.9   372.8   408.5   451.7   506.3   601.7  1061.6  2637.1  7323.1  55163.8    55020
read      314.3   281.6    80.4   126.5   140.4   263.1   330.8   376.2   410.5   452.9   506.7   600.3  1208.3  3754.6  7779.4  53313.8    53235
read      635.4   904.5    86.8   166.1   197.6   350.9   466.5   538.9   594.2   691.6  1440.2  2955.2  4069.4  8025.3 10902.1  97755.0    97743
read      229.8   208.0    93.8   150.1   161.1   208.9   230.6   244.3   254.3   268.1   287.3   320.8   575.7  3195.3  7904.0   5461.6     5419
read      252.7    94.2    86.8   151.2   166.5   243.0   274.7   291.8   304.6   319.5   341.2   375.2   473.3  1057.3  2344.7  14704.6    14764
read      231.3    82.5    93.8   155.0   166.4   220.7   245.1   259.4   269.9   283.2   300.5   330.8   424.0   928.1  3253.5   7504.2     7451

Total QPS = 53198.6 (15959589 / 300.0s)

Total connections = 64
Misses = 0 (0.0%)
Skipped TXs = 0 (0.0%)

RX 3942018483 bytes :   12.5 MB/s
TX          0 bytes :    0.0 MB/s
Warning! Detected max cpu usage > 95%
CPU Usage Stats (avg/min/max): 99.73%,50.00%,100.00%
