Random waveform, supplied seed
Total number of intervals = 60 (6927, 52892, 98921, 61129, 40613, 53226, 38560, 103465, 104758, 94759, 37799, 8296, 69443, 12517, 43591, 20430, 93758, 10485, 16518, 83230, 5484, 55611, 20774, 96726, 32442, 73039, 74055, 51197, 59442, 35654, 78747, 42212, 52488, 36950, 16762, 79473, 61431, 87172, 108181, 80515, 37149, 13444, 72057, 70041, 90162, 52082, 24258, 72013, 58012, 45398, 50177, 34504, 66010, 73937, 55020, 53235, 97743, 5419, 14764, 7451)
Average QPS expected = 53209
Timestamp start: 1778678088389
Timestamp end: 1778678388676

#type       avg     std     min      p5     p10     p50     p67     p75     p80     p85     p90     p95     p99    p999   p9999      QPS   target
read      278.0   178.2   109.4   179.4   196.6   264.6   287.8   300.0   309.8   319.5   336.6   366.9   780.4  1723.0  7974.2   6924.0     6927
read      341.3   270.4    93.8   159.5   175.7   299.1   361.7   395.2   420.3   451.2   495.1   587.1  1359.5  3312.3  7771.1  52733.6    52892
read      610.9   903.9    86.8   194.5   222.2   349.5   405.8   445.4   480.8   543.8  1082.8  3095.5  4285.0  7916.9 10706.3  98735.0    98921
read      352.6   326.2    86.8   157.7   174.3   294.8   359.8   396.0   424.4   460.2   512.2   630.4  1675.6  4083.5  7891.9  61119.0    61129
read      321.0   185.5   101.3   160.9   176.7   300.3   355.2   382.5   401.4   425.6   457.6   514.0   982.4  2187.9  5197.4  40668.2    40613
read      337.1   246.4    93.8   158.0   174.0   296.4   359.9   393.3   417.9   448.2   491.0   577.4  1358.1  2939.1  7546.7  53064.4    53226
read      325.3   197.1    93.8   162.4   178.7   304.6   359.1   385.8   403.7   427.4   458.4   515.5   980.6  2486.7  7173.8  38492.8    38560
read      640.0   808.4    93.8   201.1   230.6   378.7   453.3   512.0   585.4   906.9  1523.4  2067.7  3928.2  7740.1  9483.9 103313.2   103465
read      609.9   691.3    93.8   209.8   240.2   376.1   447.3   508.0   605.4  1073.1  1499.2  1763.8  3550.2  7341.4  9076.2 104990.4   104758
read      616.4   847.8    93.8   197.3   225.0   357.6   422.6   468.8   517.1   623.6  1422.8  2600.8  3918.7  7798.2  9818.0  94695.8    94759
read      320.5   221.4    93.8   160.7   176.6   297.3   352.0   379.1   398.3   422.4   454.3   510.1   854.5  2834.3  7892.9  37688.2    37799
read      286.2   137.3   109.4   181.0   199.5   273.2   297.6   312.1   321.1   335.2   351.6   384.4   860.4  1864.1  4164.9   8281.0     8296
read      354.1   301.4    86.8   157.4   173.9   295.4   364.2   402.9   434.6   474.6   534.9   667.8  1537.3  3814.2  7725.2  69283.8    69443
read      298.6   117.8   109.4   183.2   202.8   290.7   319.5   335.8   346.3   360.9   377.1   408.7   664.9  1484.6  3209.5  12567.0    12517
read      325.7   199.0    93.8   160.8   176.7   302.7   361.4   391.0   412.3   437.4   471.2   538.1   890.8  2191.0  7767.3  43567.4    43591
read      304.7   114.3   101.3   174.7   193.4   300.8   335.9   354.0   367.0   382.4   401.3   434.5   554.0  1503.7  3304.9  20312.0    20430
read      633.5   926.3    93.8   191.8   219.7   354.7   420.4   466.2   510.2   600.5  1398.9  3014.1  4345.1  8014.3 12046.1  93634.4    93758
read      289.8   141.0   118.1   180.5   199.8   281.3   308.5   322.2   333.7   345.2   363.6   393.1   580.0  1819.2  5517.7  10529.2    10485
read      298.0   128.0   101.3   177.2   196.2   292.9   324.0   340.2   351.6   365.5   383.7   416.0   567.6  1452.4  4641.9  16609.8    16518
read      434.4   493.1    93.8   166.7   186.2   314.4   387.0   437.5   484.4   550.4   671.6  1090.3  3019.5  5441.8  8089.2  83211.2    83230
read      264.5   125.8   118.1   175.6   191.7   258.2   280.6   292.7   301.7   313.0   326.8   348.9   435.0  1235.8  7152.3   5502.8     5484
read      329.5   215.5    93.8   156.6   172.5   293.7   356.9   390.8   416.1   447.9   492.0   578.6  1094.8  2675.4  6357.3  55639.0    55611
read      304.2   126.6   101.3   174.3   192.4   300.5   335.8   353.5   366.1   380.9   400.6   435.3   570.6  1415.0  4287.5  20674.4    20774
read      621.7   908.2    93.8   194.7   222.6   354.4   414.9   456.9   495.7   565.3  1127.4  3237.0  3898.6  7945.4 12250.8  96780.2    96726
read      313.6   169.4    93.8   163.6   180.3   301.6   349.4   372.4   389.5   408.5   434.8   482.0   726.2  2081.5  6324.0  32573.0    32442
read      359.2   310.1    86.8   156.2   173.5   296.5   365.1   404.9   437.6   481.9   546.0   686.1  1689.3  3726.3  7761.9  73080.4    73039
read      373.4   370.3    93.8   158.4   175.9   301.2   370.6   413.1   447.9   493.6   563.2   724.6  1880.5  4720.8  8017.5  74341.2    74055
read      334.3   234.0    93.8   159.4   175.4   299.7   361.8   394.2   418.5   448.2   490.3   572.7  1132.1  2741.5  7580.8  51193.0    51197
read      336.7   244.6    86.8   157.3   173.7   294.8   360.4   395.5   422.5   456.1   502.2   591.6  1218.3  3080.5  7295.2  59227.0    59442
read      318.8   157.8   101.3   164.4   181.3   305.4   356.7   381.5   398.7   420.4   448.5   498.1   775.4  2062.1  3292.2  35678.2    35654
read      500.9   780.5    93.8   170.0   190.7   326.8   401.3   456.7   506.7   588.4   763.1  1328.5  3854.9  9954.1 12901.2  78928.2    78747
read      318.7   173.3    93.8   160.6   176.2   299.4   356.3   383.8   402.2   426.2   457.8   510.5   864.5  2067.9  4342.8  42009.6    42212
read      326.7   225.2    93.8   156.1   172.2   293.7   356.4   388.3   411.1   439.6   479.6   552.5  1102.2  2672.9  7644.1  52486.0    52488
read      319.5   167.0    93.8   162.6   178.7   303.2   355.2   379.9   397.5   419.7   449.5   502.2   918.4  2089.0  3080.9  36848.0    36950
read      298.1   136.9   109.4   177.2   195.5   292.1   323.4   339.9   351.6   366.1   384.9   416.8   576.6  1428.5  6295.6  16691.8    16762
read      430.2   571.4    93.8   164.7   183.5   311.0   380.1   426.8   467.1   525.0   621.5   926.1  3274.3  7134.9  9179.1  79507.6    79473
read      350.6   257.5    86.8   161.5   178.2   304.4   371.1   408.5   438.6   477.0   533.6   636.2  1254.3  3232.6  7448.1  61367.6    61431
read      437.5   490.5    93.8   168.2   188.1   312.1   384.0   437.3   492.1   574.6   718.8  1108.2  2923.7  5447.4  8125.0  87295.2    87172
read      622.2   904.7    93.8   202.9   232.4   364.6   422.1   460.5   495.2   552.3  1075.1  3170.2  4240.6  7984.9  9910.5 108270.6   108181
read      610.0  1078.2    93.8   186.4   211.8   350.7   422.1   473.7   527.4   631.4  1221.3  2628.6  3763.2  7966.8 47416.2  80421.0    80515
read      321.0   249.1    93.8   161.7   177.7   300.7   353.0   378.6   396.4   418.2   447.1   498.8   808.4  3211.9  8032.9  37163.8    37149
read      289.9   113.3   101.3   178.7   197.1   284.0   312.5   327.4   338.3   350.5   368.1   397.1   563.8  1620.3  3807.4  13503.8    13444
read      393.0   503.8    86.8   160.8   177.7   299.5   367.2   408.9   443.6   489.5   560.2   738.9  2603.0  6664.1  9326.9  72109.6    72057
read      355.7   311.2    93.8   158.5   175.0   294.8   362.5   401.2   432.1   471.1   530.8   661.6  1687.2  3882.6  7593.1  69969.8    70041
read      624.4   905.3    93.8   191.0   217.8   355.3   425.2   475.9   529.5   637.2  1319.0  2795.5  4233.7  8058.1 14689.9  90136.8    90162
read      342.3   269.9    93.8   159.2   175.4   298.0   362.1   396.1   422.1   454.0   498.8   592.3  1370.0  3395.0  7682.0  51983.8    52082
read      322.2   204.4   109.4   173.6   191.2   307.0   346.8   367.8   382.8   399.8   425.3   469.4   932.4  2411.0  7791.9  24369.0    24258
read      418.7   541.1    93.8   162.2   179.9   307.9   378.0   424.3   462.9   515.9   603.9   911.5  2828.7  7367.2 10925.7  72029.4    72013
read      336.0   233.3    93.8   158.5   174.9   296.8   362.4   398.4   426.0   460.0   506.5   602.9  1097.2  2595.2  7019.8  58053.6    58012
read      324.0   195.9    93.8   160.1   176.1   300.6   360.5   390.3   411.6   436.9   471.0   536.6   842.3  2418.2  7166.6  45269.4    45398
read      341.3   302.4    93.8   158.0   174.1   297.1   359.4   391.7   415.8   445.8   488.3   577.3  1376.7  4276.9  7930.7  50207.6    50177
read      341.6   301.1   101.3   165.1   181.8   308.8   360.5   386.8   404.3   428.3   461.0   529.9  1305.3  4774.2  7905.1  34605.8    34504
read      372.8   373.5    86.8   158.5   175.0   294.7   363.7   403.4   435.8   479.3   546.2   754.3  2055.0  4255.2  8095.5  65967.8    66010
read      383.0   393.0    86.8   161.5   178.6   302.2   369.8   412.7   449.1   497.3   570.5   756.6  2154.1  4840.4  7985.6  73816.0    73937
read      331.9   239.7    93.8   157.2   173.3   293.1   357.8   391.4   416.4   447.5   491.1   577.5  1179.4  2844.9  7639.0  55136.0    55020
read      336.3   233.8    93.8   160.2   176.5   299.0   362.5   395.3   420.1   450.8   493.2   576.6  1190.8  2948.1  7224.2  53180.6    53235
read      649.0  1048.5    93.8   193.5   220.8   354.6   416.4   458.2   495.7   554.2   891.5  3314.1  6009.2  8662.7 11948.2  97770.6    97743
read      287.4   340.3   118.1   174.4   191.0   261.1   284.9   297.1   307.6   318.1   335.6   367.6   878.3  7550.9  8122.1   5474.0     5419
read      299.3   152.4   101.3   179.1   198.6   291.5   320.6   336.9   347.2   362.1   379.2   410.8   645.4  1855.5  7627.8  14785.2    14764
read      278.6   116.3   101.3   180.7   198.8   270.0   293.8   306.9   315.6   326.9   342.6   370.6   622.1  1611.5  4448.5   7418.0     7451

Total QPS = 53198.1 (15959429 / 300.0s)

Total connections = 64
Misses = 0 (0.0%)
Skipped TXs = 0 (0.0%)

RX 3941978963 bytes :   12.5 MB/s
TX          0 bytes :    0.0 MB/s
Warning! Detected max cpu usage > 95%
CPU Usage Stats (avg/min/max): 99.73%,50.25%,100.00%
