Random waveform, supplied seed
Total number of intervals = 360 (6927, 52892, 98921, 61129, 40613, 53226, 38560, 103465, 104758, 94759, 37799, 8296, 69443, 12517, 43591, 20430, 93758, 10485, 16518, 83230, 5484, 55611, 20774, 96726, 32442, 73039, 74055, 51197, 59442, 35654, 78747, 42212, 52488, 36950, 16762, 79473, 61431, 87172, 108181, 80515, 37149, 13444, 72057, 70041, 90162, 52082, 24258, 72013, 58012, 45398, 50177, 34504, 66010, 73937, 55020, 53235, 97743, 5419, 14764, 7451, 48208, 16149, 78989, 18886, 75954, 44409, 16431, 85707, 58253, 103867, 21604, 90401, 84467, 99700, 32052, 18173, 67789, 51929, 83850, 18614, 29315, 108090, 27024, 49907, 9150, 34328, 51881, 14569, 81517, 78694, 93409, 39093, 18729, 70818, 21942, 91810, 39588, 40957, 62645, 15539, 107672, 32954, 58866, 23739, 54701, 60706, 72350, 58661, 34912, 103268, 38703, 83358, 57408, 86837, 33517, 66204, 73758, 99742, 109462, 94453, 44096, 100467, 8576, 59359, 7614, 60329, 43762, 67038, 26095, 71173, 109276, 13150, 61250, 84472, 82226, 27671, 98736, 106314, 105027, 96867, 89493, 50538, 22083, 48618, 94298, 63579, 64573, 77178, 29824, 64495, 20917, 85651, 61935, 50216, 72251, 71798, 19701, 24952, 81838, 26648, 24837, 29420, 103882, 70314, 61679, 49557, 19325, 9128, 94933, 24327, 71896, 93771, 20452, 42338, 72627, 80603, 49049, 92305, 56889, 78036, 71583, 72609, 107382, 86530, 16550, 84534, 72631, 49291, 62175, 80213, 16566, 53985, 101949, 24076, 52574, 106271, 105451, 86087, 29108, 101115, 74326, 75832, 94901, 15809, 28874, 51882, 32653, 41676, 63019, 99164, 47055, 62394, 98519, 32122, 49464, 24034, 77363, 91698, 38997, 86028, 83012, 15024, 56640, 97362, 107412, 65030, 79278, 47544, 105368, 58181, 56960, 14849, 63672, 48289, 11797, 10781, 49362, 102119, 46213, 97025, 18351, 21426, 43013, 67376, 36043, 6255, 102499, 26263, 56974, 40869, 46514, 11431, 58600, 68058, 54502, 64022, 52142, 101375, 40606, 47485, 48977, 38615, 80279, 75843, 67095, 41325, 55752, 85561, 14194, 88002, 90515, 109283, 26699, 37400, 19307, 11527, 83787, 22209, 75169, 73833, 94641, 61338, 91825, 77235, 37257, 32057, 108618, 72930, 43714, 87369, 56640, 97360, 79788, 11352, 87962, 40663, 59386, 48302, 19398, 82197, 77387, 72753, 7720, 46279, 42102, 90892, 39976, 61084, 16735, 45909, 28976, 84704, 101822, 92571, 12106, 58568, 51319, 21556, 14191, 29072, 16350, 86891, 104441, 8906, 42175, 51797, 76678, 19630, 100132, 40498, 108559, 23964, 70760, 99567, 107548, 53742, 103931, 60359, 9725, 52014, 40053, 86436, 23983, 66595, 26056, 51764, 40202, 76665, 11133, 80405, 79106, 97258, 36307, 28636, 41620, 75736, 44979, 31478, 37586, 108330)
Average QPS expected = 57436
Timestamp start: 1778344344442
Timestamp end: 1778346144821

#type       avg     std     min      p5     p10     p50     p67     p75     p80     p85     p90     p95     p99    p999   p9999      QPS   target
read      237.6   114.4    86.8   152.7   165.2   223.0   256.2   272.3   284.5   297.6   316.6   345.5   425.0  1227.1  4590.8   6900.2     6927
read      337.7   257.1    80.4   134.2   149.5   290.6   361.7   405.1   440.8   487.3   552.5   681.3  1192.7  3330.7  6941.6  52846.4    52892
read      394.8   480.5    80.4   142.2   160.5   294.1   361.0   401.0   434.7   486.1   571.9   816.7  2955.6  4776.5  8370.8  99020.4    98921
read      264.1   107.8    80.4   131.5   145.1   250.7   310.5   337.1   354.8   373.9   398.8   435.5   530.9   843.1  2044.9  61110.2    61129
read      261.8    98.5    80.4   134.8   149.0   262.3   306.6   326.6   340.4   356.7   375.5   404.6   473.3   624.6  1793.0  40653.6    40613
read      265.1   103.6    80.4   132.5   146.4   257.1   312.5   336.8   353.3   371.6   395.1   430.2   515.8   780.8  1705.3  53168.2    53226
read      264.0   124.9    80.4   136.3   150.4   264.3   307.5   327.3   340.6   356.5   374.5   404.2   474.4   639.0  6929.8  38559.8    38560
read      275.5   157.2    80.4   135.3   150.4   250.2   307.2   337.5   359.2   384.5   417.3   470.0   650.6  2008.7  4424.3 103387.8   103465
read      275.4   137.4    80.4   137.0   152.2   252.1   308.0   338.0   359.7   385.0   417.2   468.9   634.9  1635.3  2934.0 105017.2   104758
read      268.6   144.2    80.4   132.9   147.3   243.7   302.5   333.0   354.0   377.8   407.8   457.4   617.2  1711.1  3470.5  94752.2    94759
read      264.5   104.5    80.4   136.8   150.8   265.2   308.4   328.0   341.2   357.2   375.9   405.0   477.7   672.6  2929.2  37720.4    37799
read      225.2    67.0    93.8   154.5   167.3   217.2   240.5   253.5   263.5   274.0   289.4   312.8   367.3   814.7  2661.0   8290.8     8296
read      264.7   107.3    80.4   131.3   145.2   246.5   309.3   338.3   357.7   379.1   404.7   446.9   544.0   804.5  1754.3  69190.2    69443
read      241.6    75.7    86.8   153.5   169.5   237.2   264.5   278.1   288.4   299.4   315.3   340.3   396.9   676.4  2005.8  12464.0    12517
read      271.3    98.7    80.4   138.1   152.0   270.6   318.1   340.2   355.6   372.1   394.5   428.4   508.2   664.8  1535.9  43583.2    43591
read      258.3    85.3    86.8   147.1   163.5   258.8   290.1   305.8   316.2   329.7   346.0   374.1   444.1   627.9  2704.8  20452.0    20430
read      278.7   151.1    80.4   137.5   152.4   255.0   313.1   343.4   365.0   389.8   421.8   472.1   633.7  1772.6  4556.6  93661.6    93758
read      237.5    67.8    93.8   155.7   170.9   231.4   257.6   271.6   281.9   293.5   309.8   335.3   392.3   507.5  2333.9  10475.2    10485
read      245.6    73.7    93.8   149.3   165.2   243.5   272.0   286.5   295.9   308.9   323.6   347.8   403.5   532.4  2148.6  16393.6    16518
read      273.0   139.8    80.4   134.3   149.0   250.3   310.6   341.0   362.2   386.1   416.0   463.8   616.6  1479.0  3485.5  83101.4    83230
read      221.5    75.5   101.3   156.8   167.6   213.2   233.9   246.8   255.5   267.7   282.7   306.6   367.2   492.9  3048.5   5534.4     5484
read      270.1   116.4    80.4   133.9   148.2   259.7   316.5   342.0   359.4   378.4   401.9   439.2   538.2  1044.3  2694.8  55486.8    55611
read      254.2    81.3    86.8   146.0   162.2   255.2   285.8   301.3   312.7   325.5   342.6   369.4   428.1   533.5  1925.7  20834.2    20774
read      278.2   154.2    80.4   137.2   151.9   253.8   311.6   342.2   363.9   389.0   421.3   472.4   639.5  1860.4  4535.8  96851.4    96726
read      263.5    85.2    80.4   139.7   154.4   266.1   305.3   323.3   336.5   350.9   369.9   399.4   464.9   570.7  1374.3  32465.0    32442
read      268.1   121.3    80.4   133.0   147.0   248.5   310.3   339.9   360.0   382.4   410.1   454.0   562.9  1023.8  2427.3  72914.6    73039
read      263.4   109.4    80.4   130.6   144.2   243.4   306.6   336.6   356.6   378.4   405.0   448.1   547.3   864.5  1632.6  74107.4    74055
read      265.8   128.2    80.4   132.6   146.5   258.0   311.7   335.4   351.1   369.0   391.7   426.0   508.0   948.6  4028.4  51150.0    51197
read      265.6   111.3    80.4   132.3   146.3   253.2   312.4   338.9   356.6   375.3   399.8   436.1   525.6   709.0  1702.3  59393.2    59442
read      268.2   105.8    80.4   139.3   153.8   269.1   311.1   331.1   344.3   361.0   380.6   411.0   477.0   688.9  3273.0  35684.4    35654
read      262.4   119.2    80.4   130.6   144.2   240.4   302.8   333.3   353.6   375.9   403.7   449.2   560.4   912.4  2400.2  78715.2    78747
read      269.6   110.4    80.4   137.7   151.4   268.4   315.1   336.4   350.6   367.6   389.3   422.5   503.7   726.2  3672.9  42256.4    42212
read      267.4    99.0    80.4   134.6   148.6   260.6   315.1   339.6   356.3   374.0   397.8   433.3   515.0   683.0   997.0  52399.2    52488
read      267.7    97.7    86.8   138.7   152.9   268.7   311.0   330.9   344.0   360.6   380.2   411.9   487.1   732.0  2352.5  37120.0    36950
read      245.9    91.0    86.8   148.2   164.3   243.7   272.6   287.5   297.1   310.4   325.6   350.8   407.0   502.6  2028.2  16800.0    16762
read      268.0   124.9    80.4   133.2   147.4   246.9   307.9   337.8   358.3   381.2   409.5   455.1   573.5  1090.3  3497.9  79383.6    79473
read      268.3   125.7    80.4   132.9   146.8   254.0   314.1   341.0   359.1   378.9   403.0   442.0   540.2   935.3  3729.9  61447.2    61431
read      269.5   128.1    80.4   133.6   147.9   247.6   307.3   337.5   358.5   382.4   412.0   459.6   590.7  1278.2  2684.9  87077.4    87172
read      295.3   156.8    86.8   142.3   159.4   270.2   327.5   359.1   381.9   409.7   449.3   517.7   726.7  1740.1  3662.1 108048.0   108181
read      267.3   138.5    80.4   131.6   145.7   244.3   306.0   336.4   357.0   379.9   408.2   454.8   587.9  1316.2  4601.0  80528.6    80515
read      266.4   108.1    86.8   138.0   152.2   268.1   310.5   330.0   343.0   359.2   378.3   409.0   476.0   587.1  2100.4  37219.0    37149
read      240.6    99.9    86.8   151.6   167.9   236.0   262.8   275.7   286.5   297.2   313.7   337.7   392.4   538.5  4988.5  13480.0    13444
read      269.3   116.3    80.4   133.6   147.8   250.3   312.9   342.3   362.4   384.8   412.1   455.5   559.9   987.9  2567.3  71867.6    72057
read      269.4   132.7    80.4   132.5   146.8   250.0   312.1   341.5   361.4   383.7   411.0   454.9   565.0  1069.1  3490.1  70112.0    70041
read      269.0   127.6    80.4   133.4   147.9   247.2   305.9   336.0   356.8   380.4   410.4   458.0   590.4  1344.9  2713.6  90238.6    90162
read      270.9   129.2    80.4   135.3   149.7   263.1   317.1   340.9   357.4   374.9   398.4   433.1   523.4   934.5  3860.5  52197.2    52082
read      259.5    85.7    86.8   145.2   161.3   261.3   294.3   310.5   320.9   335.5   352.4   378.9   434.1   541.1  3145.0  24369.8    24258
read      263.7   115.9    80.4   131.6   145.6   244.5   306.6   335.2   354.4   375.2   401.1   440.5   542.1   894.4  2962.3  71776.6    72013
read      265.2   107.1    80.4   132.2   146.1   253.8   312.6   338.6   356.0   374.6   399.0   434.9   521.3   707.7  1331.9  58117.6    58012
read      272.7   114.6    80.4   137.8   151.9   270.7   319.8   342.4   358.3   375.0   398.3   432.0   509.0   670.0  3093.3  45479.0    45398
read      269.2   123.6    80.4   134.4   148.5   262.5   316.0   339.7   355.9   373.3   396.4   431.4   510.6   871.4  4199.7  50200.2    50177
read      264.9    98.6    80.4   138.3   152.5   267.0   307.1   325.6   338.8   354.1   372.9   402.5   468.6   629.0  3455.9  34539.4    34504
read      265.6   110.8    80.4   131.6   145.5   249.1   311.0   339.0   358.0   379.0   404.3   445.9   543.8   802.4  2284.6  66072.0    66010
read      266.3   126.5    80.4   130.8   144.5   244.2   307.3   337.5   357.9   380.3   407.5   453.1   578.4  1361.5  2716.4  73859.0    73937
read      264.6   102.8    80.4   132.2   146.1   256.4   313.1   337.7   354.2   372.2   395.9   430.6   506.7   712.9  1608.0  54894.8    55020
read      268.7   127.0    80.4   134.2   148.3   260.5   316.0   340.5   357.3   375.3   398.7   433.9   518.6   718.3  5158.5  53282.4    53235
read      281.8   158.2    80.4   137.5   152.6   256.5   314.0   344.4   366.5   392.2   425.8   481.8   685.5  1926.9  4052.9  97837.2    97743
read      216.2    74.3   101.3   154.1   164.8   208.0   227.5   239.1   249.0   260.4   273.9   296.8   359.2   635.0  2864.9   5459.4     5419
read      239.5    65.8    86.8   149.9   165.5   236.2   264.6   278.2   288.5   299.4   314.8   338.7   388.3   467.2  1857.4  14818.4    14764
read      221.4    70.9   101.3   154.2   166.2   213.7   234.6   247.9   257.0   268.4   282.6   304.7   358.5   762.2  3250.8   7423.2     7451
read      264.7    99.1    74.4   133.9   147.8   260.9   312.2   335.0   350.1   367.7   390.0   423.5   496.4   638.4  1882.0  48113.8    48208
read      243.1    75.4    86.8   147.6   163.8   240.1   269.2   283.9   293.8   306.3   320.5   344.8   399.1   535.6  2764.0  16138.0    16149
read      258.9   113.6    74.4   129.3   142.6   237.1   299.6   329.8   349.7   371.8   399.2   439.1   539.6   907.1  2430.4  78827.4    78989
read      245.8    86.1    80.4   144.6   160.8   244.2   274.1   289.1   299.1   312.3   328.1   352.4   403.5   549.4  2288.9  18933.8    18886
read      259.3   107.9    80.4   129.4   142.8   238.4   301.3   331.3   351.0   372.9   400.1   440.6   538.9   824.7  1831.7  76217.4    75954
read      265.4   133.5    80.4   133.4   147.4   262.1   310.1   331.8   345.8   363.0   383.6   415.4   489.1  1219.7  4641.6  44280.8    44409
read      249.8   681.3    86.8   147.7   163.4   241.1   269.9   284.6   294.4   307.0   320.9   345.6   399.4   589.1  3992.8  16522.4    16431
read      260.5   120.0    80.4   130.1   143.6   237.3   298.4   329.0   349.7   372.8   401.1   445.3   558.8  1086.7  3241.8  85702.4    85707
read      265.7   111.3    80.4   131.4   145.3   253.5   313.2   339.5   357.1   376.1   400.3   435.8   523.5   743.4  2391.7  58152.2    58253
read      276.8   155.0    80.4   136.1   151.5   252.3   309.0   339.5   361.4   386.7   419.8   472.4   648.5  1670.1  3914.3 103649.0   103867
read      253.7    77.7    86.8   144.8   161.0   254.2   286.0   301.8   312.9   325.4   342.0   368.6   427.4   536.4  2253.5  21557.6    21604
read      271.4   135.4    80.4   134.4   149.2   248.4   307.0   337.5   358.9   383.3   413.8   462.7   607.4  1567.5  3794.2  90473.8    90401
read      262.2   125.8    74.4   130.3   144.0   239.0   300.0   330.9   351.5   374.4   402.6   447.3   560.3  1135.7  3665.2  84517.8    84467
read      279.9   157.4    80.4   137.6   152.7   255.9   313.1   343.4   365.4   391.0   424.1   476.7   641.1  1818.4  4402.1  99675.8    99700
read      265.5    86.0    80.4   140.4   155.0   268.8   307.3   325.2   338.2   353.1   371.4   401.4   465.4   582.5  1317.3  32058.6    32052
read      251.5   103.8    86.8   148.3   164.1   250.3   280.1   294.7   305.9   318.0   335.2   361.3   416.8   568.0  3752.6  18124.8    18173
read      267.9   120.7    80.4   132.5   146.5   250.6   312.0   340.3   359.6   380.8   406.1   447.7   549.1  1031.7  3366.6  67837.6    67789
read      268.9   114.0    80.4   134.3   148.6   262.1   316.7   340.8   357.2   374.6   398.8   434.1   518.8   728.3  2041.3  51890.4    51929
read      268.9   130.6    80.4   132.9   147.2   246.3   306.6   337.0   357.9   381.4   410.7   457.8   588.9  1398.8  3375.2  83919.0    83850
read      252.3    86.3    86.8   147.6   164.0   251.7   281.5   296.0   307.5   319.5   337.1   363.0   419.6   600.8  2850.7  18563.0    18614
read      261.1    89.7    86.8   140.9   155.8   263.6   299.9   317.0   329.3   342.8   362.1   390.9   454.6   570.7  1903.6  29297.4    29315
read      289.6   163.3    80.4   139.8   155.9   262.6   319.7   351.0   373.5   401.0   437.3   504.7   730.5  2297.9  4206.6 107907.6   108090
read      262.0    97.4    80.4   142.1   157.6   263.9   298.6   315.5   327.5   341.2   360.0   388.4   451.0   610.1  3368.8  27094.0    27024
read      270.4   106.0    80.4   135.5   149.6   264.9   318.3   342.1   358.7   376.5   399.6   434.3   515.6   717.6  2376.5  49916.2    49907
read      231.7    66.9    86.8   155.7   169.6   225.0   249.9   263.8   273.1   285.3   299.3   323.1   379.9   469.2  1990.6   9224.2     9150
read      267.9   114.7    86.8   139.1   153.6   268.5   308.9   328.1   341.5   357.9   377.3   408.7   483.9   765.9  3430.7  34323.4    34328
read      271.8   121.7    80.4   134.8   149.1   263.8   318.5   342.9   359.7   377.9   401.3   438.3   536.6  1026.4  3415.0  51757.6    51881
read      242.9   145.9    86.8   149.8   165.9   238.8   266.5   280.5   290.6   302.0   316.7   341.4   396.0   520.4  5867.9  14517.2    14569
read      268.6   126.6    80.4   132.7   147.0   246.9   307.4   337.5   358.2   381.5   410.3   457.7   587.5  1222.8  3595.7  81470.0    81517
read      266.8   132.9    80.4   131.4   145.4   244.3   306.0   336.4   357.0   379.8   408.2   454.6   580.2  1259.0  4299.7  78597.0    78694
read      270.1   144.6    80.4   133.4   148.2   245.4   304.5   335.4   357.0   381.5   412.5   462.2   607.8  1532.1  3419.6  93162.2    93409
read      266.8   100.6    86.8   136.7   151.0   268.0   311.8   332.2   345.5   362.5   382.5   413.7   484.9   633.8  2959.1  39213.2    39093
read      251.2   103.5    86.8   146.6   163.3   249.7   279.0   293.5   304.3   316.5   333.3   359.0   415.1   821.1  3634.1  18811.2    18729
read      266.6   127.6    80.4   131.6   145.4   246.6   309.2   338.2   357.8   379.5   406.1   450.4   563.7  1045.0  3622.9  70748.0    70818
read      253.5    78.0    86.8   144.3   160.5   255.3   286.0   301.1   312.0   323.9   340.5   366.5   423.4   573.0  2322.0  21832.4    21942
read      272.3   154.3    80.4   133.7   148.2   248.1   307.0   337.5   359.0   383.3   413.8   463.3   620.1  1709.7  4314.0  91535.2    91810
read      268.1    98.1    80.4   137.1   151.4   269.1   313.0   333.6   346.9   363.9   384.5   417.1   492.2   693.7  2324.5  39572.0    39588
read      268.6    99.8    80.4   137.5   151.5   270.0   314.7   335.4   349.1   365.9   386.6   418.2   488.2   627.6  1715.3  40957.8    40957
read      274.4   167.6    74.4   131.9   145.8   254.3   314.6   342.0   360.8   381.9   408.4   457.1   637.3  2052.5  6594.9  62609.4    62645
read      240.8    77.0    93.8   147.5   163.7   237.6   265.9   280.1   290.4   302.1   317.0   341.6   397.2   539.8  3546.1  15603.2    15539
read      294.4   170.5    80.4   139.8   156.1   266.1   323.7   355.3   377.9   404.8   444.1   516.5   812.0  2005.9  4816.3 107284.4   107672
read      264.4    93.1    86.8   138.7   153.4   267.5   306.4   324.5   337.4   352.0   371.0   400.9   466.0   579.1  2884.0  32944.0    32954
read      262.0   104.9    74.4   129.8   143.3   250.5   309.6   335.0   351.7   370.6   394.7   430.4   517.7   888.0  1459.6  58881.0    58866
read      253.5    91.2    86.8   141.5   157.5   255.3   287.2   302.7   313.7   326.4   343.0   370.3   429.3   546.3  2678.2  23618.2    23739
read      266.0   107.6    80.4   132.3   146.2   257.7   313.8   338.3   355.0   373.1   396.9   432.8   519.1   734.1  2955.2  54678.4    54701
read      268.7   426.3    80.4   130.4   144.1   251.4   311.7   338.4   356.4   375.9   400.9   438.7   534.5   871.2  7995.6  60952.4    60706
read      262.7   114.0    80.4   129.8   143.4   243.5   306.6   335.7   355.1   376.2   402.6   444.8   547.0   830.2  2514.3  72469.0    72350
read      270.8   111.4    80.4   134.9   149.6   259.5   317.7   343.7   361.5   381.2   404.5   444.8   539.3   782.5  2482.0  58645.4    58661
read      272.4    97.1    80.4   143.7   159.4   275.5   314.3   333.2   345.6   361.7   380.7   411.5   478.8   610.7  2841.3  34928.8    34912
read      295.0   157.7    80.4   139.4   156.0   269.3   329.1   361.8   385.6   414.6   455.3   526.1   724.7  1644.9  3187.6 102843.2   103268
read      263.9   102.7    80.4   136.2   150.7   265.6   308.3   327.6   340.8   356.5   374.4   404.0   473.1   621.7  2230.7  38591.4    38703
read      260.7   136.9    74.4   128.4   141.8   236.2   298.7   329.0   349.1   371.8   400.2   445.2   571.5  1226.6  3766.8  83185.0    83358
read      265.4   109.5    80.4   132.0   145.7   255.5   313.4   338.8   355.8   374.0   398.3   433.4   517.7   701.1  2018.5  57455.0    57408
read      264.7   126.1    80.4   130.7   144.8   241.9   302.6   333.0   353.4   376.7   404.9   453.0   588.3  1288.1  2744.1  86789.2    86837
read      262.5    87.2    86.8   138.2   152.4   266.0   304.9   322.4   335.5   349.4   368.2   396.8   461.5   634.4  1624.7  33519.0    33517
read      262.4   114.5    80.4   129.6   143.2   245.0   307.8   335.9   354.4   374.2   399.9   437.6   534.9   880.7  2266.4  66366.4    66204
read      263.9   124.1    80.4   129.9   143.4   243.5   306.3   335.5   355.0   376.1   402.5   445.7   555.7  1120.4  3564.0  73804.8    73758
read      275.8   140.0    80.4   135.4   150.3   252.4   311.0   341.2   362.7   387.7   420.5   475.0   656.2  1364.7  3078.3  99708.8    99742
read      279.6   138.5    80.4   137.5   152.8   255.6   312.4   343.0   365.1   391.1   425.4   485.0   668.7  1562.9  3225.1 109644.8   109462
read      271.6   139.5    80.4   133.6   148.5   248.1   306.7   337.2   358.5   382.8   413.7   464.6   624.1  1472.1  3416.9  94843.8    94453
read      267.9    99.9    80.4   135.3   149.4   267.9   315.1   336.6   351.2   368.3   390.0   422.7   496.3   677.5  1496.6  44081.8    44096
read      271.9   131.9    80.4   134.3   149.3   249.2   306.8   337.1   358.5   383.1   414.6   466.4   629.0  1335.2  3174.8 100632.8   100467
read      226.0    64.7   101.3   153.8   166.4   218.5   242.1   255.3   265.5   275.8   291.3   314.9   371.8   636.3  2308.7   8569.6     8576
read      265.0   115.9    80.4   131.3   145.0   253.1   312.0   338.1   355.5   374.2   398.8   435.0   524.8   812.8  3097.2  59277.2    59359
read      222.6    78.5   101.3   153.4   165.6   214.6   237.0   250.1   259.5   270.7   285.5   308.8   365.4   468.2  4109.1   7540.0     7614
read      263.0   116.1    80.4   130.6   144.1   250.1   309.0   335.2   352.7   371.7   396.3   432.8   521.5   795.4  3629.0  60162.8    60329
read      263.9    92.4    86.8   134.0   148.1   264.2   311.1   332.2   345.9   362.9   383.3   415.5   484.0   616.6  1019.9  43788.4    43762
read      261.9   116.6    74.4   129.5   143.0   245.4   307.9   335.6   353.9   373.7   398.9   435.8   527.6   777.0  3023.6  67227.6    67038
read      260.4    85.2    86.8   142.1   157.4   262.5   296.7   313.4   324.8   339.2   357.5   385.5   446.3   654.5  2566.2  25965.4    26095
read      260.5   116.7    80.4   129.1   142.4   240.9   304.2   333.1   352.1   373.0   399.3   437.4   537.0   847.5  3500.4  71237.2    71173
read      299.4   149.9    80.4   142.4   159.5   273.0   331.5   364.2   388.4   417.9   459.5   537.7   766.6  1582.9  3161.8 109636.8   109276
read      235.7    76.7    86.8   149.9   164.6   231.0   258.0   271.3   281.2   292.7   308.1   331.5   385.2   715.5  2403.5  13122.4    13150
read      261.5   103.0    80.4   130.3   143.7   248.4   309.0   335.2   352.5   371.6   395.8   431.5   517.8   732.6  1358.1  61310.8    61250
read      262.9   125.4    80.4   130.7   144.5   241.1   302.4   332.5   352.8   375.2   403.1   447.9   563.5   991.1  3308.7  84309.6    84472
read      264.4   118.9    80.4   131.3   145.2   242.9   305.0   335.1   355.4   377.9   405.3   450.7   565.4   938.9  2922.1  82191.6    82226
read      262.4    92.6    86.8   141.5   156.9   265.0   299.9   316.7   329.0   342.6   361.5   390.1   456.0   640.9  2900.5  27827.8    27671
read      277.5   132.1    80.4   136.9   151.9   255.1   312.8   343.0   364.8   390.0   422.6   475.6   637.2  1398.2  3293.4  98793.2    98736
read      292.5   165.4    80.4   139.6   155.5   264.4   323.3   355.8   378.8   406.6   447.1   519.6   761.0  1971.7  3956.6 106493.4   106314
read      282.3   144.2    80.4   137.2   152.5   257.2   314.4   345.0   367.6   394.1   429.0   492.1   714.2  1719.3  2834.3 105164.4   105027
read      280.6   157.8    80.4   136.2   151.2   255.0   313.6   344.0   366.1   391.6   425.1   483.0   693.4  1773.5  4439.2  96664.6    96867
read      272.2   137.3    80.4   133.7   148.5   248.8   308.6   339.0   360.1   384.0   414.3   463.6   627.2  1516.3  3100.5  89197.4    89493
read      270.4   483.5    80.4   133.5   147.5   261.2   313.6   337.3   353.4   371.0   394.1   428.6   509.4   783.3  3225.0  50418.8    50538
read      254.1    89.9    80.4   143.3   159.2   254.8   286.1   301.7   312.8   325.3   342.5   370.1   432.3   634.6  2986.3  22116.0    22083
read      268.1   109.3    80.4   135.0   149.1   264.1   315.3   338.2   353.8   371.2   394.0   428.1   507.3   680.3  3289.4  48671.6    48618
read      274.2   141.9    80.4   134.9   149.7   250.5   309.5   339.8   361.0   385.5   417.1   468.6   636.4  1655.2  3421.1  94251.0    94298
read      263.2   115.7    80.4   130.1   143.7   247.9   309.3   336.5   354.6   374.1   399.4   436.1   527.7   867.8  3095.3  63718.2    63579
read      265.0   107.5    80.4   131.2   145.1   250.2   311.6   339.2   357.7   377.6   402.2   440.0   531.2   809.0  1773.0  64554.6    64573
read      259.7   111.0    80.4   128.9   142.3   239.3   302.6   332.0   351.5   373.0   399.8   439.9   538.7   846.1  2247.6  77111.2    77178
read      261.6    86.5    80.4   139.6   154.4   264.8   301.7   318.8   331.6   344.9   364.0   392.5   455.3   578.2  1936.9  29975.4    29824
read      263.9   117.7    80.4   130.4   143.9   248.0   309.8   337.3   355.7   375.6   401.0   438.8   533.9   798.0  2781.7  64375.4    64495
read      251.0    69.1    86.8   143.7   159.4   252.4   284.0   299.4   310.6   322.2   339.4   365.6   419.7   503.5   736.6  20892.0    20917
read      261.4   121.4    80.4   129.5   143.1   239.1   300.4   330.3   350.3   372.9   400.9   446.3   573.3  1031.9  3699.0  85594.6    85651
read      265.0   104.9    80.4   131.8   145.7   252.6   312.0   338.4   356.3   375.6   400.3   437.4   524.2   716.5  1745.3  62042.0    61935
read      265.2   169.3    80.4   132.2   146.0   258.0   310.6   333.6   348.7   366.7   389.0   423.3   503.6   785.0  8131.0  50269.4    50216
read      260.1   108.9    80.4   129.4   142.9   241.7   304.1   333.2   352.4   373.0   399.3   437.3   533.5   746.0  1434.3  72200.0    72251
read      258.5   111.9    80.4   128.4   141.5   239.2   302.6   331.5   350.5   371.6   397.6   435.0   525.6   749.5  2399.4  72011.6    71798
read      250.9    73.4    86.8   145.2   161.5   251.4   281.4   296.0   307.3   319.1   337.0   364.0   423.1   533.2  1799.4  19718.2    19701
read      257.1   105.2    86.8   141.9   157.5   257.8   290.7   307.1   318.0   332.1   348.0   374.6   436.1   638.5  4112.7  24991.6    24952
read      261.5   113.3    80.4   129.8   143.3   240.0   301.7   331.5   351.5   373.8   401.8   446.0   564.9   998.8  1845.3  81819.0    81838
read      254.3    82.4    86.8   139.6   154.6   256.9   290.3   306.9   318.1   332.2   347.7   374.0   430.4   543.5  2342.6  26633.8    26648
read      253.8    83.4    80.4   140.6   156.0   256.2   288.6   304.5   315.3   328.7   345.0   371.8   431.5   539.5  1902.8  24879.6    24837
read      256.8    79.7    80.4   138.8   153.6   260.4   295.9   312.7   323.8   337.8   355.1   382.4   437.6   544.3  1115.2  29331.0    29420
read      279.6   149.0    80.4   135.6   150.9   253.8   311.9   342.6   365.0   391.2   425.5   485.5   701.2  1728.7  3627.9 103953.4   103882
read      259.5   109.9    80.4   128.6   141.9   240.9   304.2   332.8   351.6   372.2   397.9   435.5   532.6   765.9  2162.8  70353.6    70314
read      264.2   112.6    80.4   130.7   144.4   250.2   311.0   337.5   355.3   374.4   399.3   435.3   530.2   861.7  2810.3  61646.2    61679
read      263.7   109.0    80.4   131.7   145.3   258.6   310.8   333.6   348.5   366.5   388.9   422.6   501.3   823.3  3040.2  49639.8    49557
read      247.2    86.0    86.8   144.6   160.7   246.4   276.1   291.1   301.6   314.2   330.4   355.3   411.1   506.3  3316.6  19388.6    19325
read      224.7    70.3    93.8   152.1   165.0   217.4   240.9   254.2   264.5   275.0   290.8   314.2   368.2   465.7  3103.1   9078.0     9128
read      265.5   126.5    80.4   131.8   146.2   242.5   301.1   331.4   352.2   375.6   405.1   455.2   608.5  1163.7  2892.6  94711.4    94933
read      257.4    80.5    86.8   143.9   159.6   260.0   292.2   308.3   318.7   332.5   347.6   374.1   433.3   562.8  2015.5  24258.6    24327
read      264.1   111.8    80.4   130.9   144.6   245.5   308.6   337.5   356.9   378.1   403.7   444.7   541.4   910.7  2019.0  71898.0    71896
read      270.0   145.1    80.4   132.7   147.5   245.9   304.9   335.4   356.5   380.4   411.0   461.5   623.2  1471.3  4481.3  93402.8    93771
read      255.6    73.4    80.4   147.6   163.6   257.4   287.7   302.9   313.5   325.9   342.7   369.2   425.7   530.5  1113.9  20465.4    20452
read      265.0    94.1    80.4   134.9   149.2   265.3   311.0   331.7   345.2   362.4   383.1   414.8   490.2   651.2  1398.8  42409.2    42338
read      264.1   112.9    80.4   130.8   144.3   245.2   308.2   337.4   357.0   378.5   404.2   447.6   550.4   826.1  1996.7  72512.0    72627
read      258.0   111.6    80.4   128.7   142.0   236.8   299.0   328.7   348.5   370.7   398.1   438.1   541.8   813.6  1922.2  80633.2    80603
read      267.1   114.1    80.4   133.5   147.7   262.8   314.2   337.0   352.4   369.8   392.6   426.7   503.2   720.7  4050.5  48977.8    49049
read      275.9   136.5    86.8   136.5   151.4   253.5   312.3   342.4   363.6   388.2   419.7   469.3   635.6  1334.8  4095.7  92523.0    92305
read      263.6   106.8    80.4   131.1   144.7   254.5   311.4   336.4   353.2   371.7   395.4   430.8   509.2   692.8  2480.6  56962.8    56889
read      261.8   122.2    80.4   129.2   142.7   240.3   303.5   333.5   353.4   375.3   402.5   445.3   550.4   978.2  3799.7  77831.6    78036
read      264.9   111.7    80.4   130.8   144.6   247.1   309.5   338.4   358.0   379.6   405.4   448.0   550.0   801.5  1453.8  71464.6    71583
read      262.1   107.5    80.4   129.9   143.5   243.5   306.2   335.4   354.8   375.8   401.8   442.9   543.0   801.1  1684.6  72673.2    72609
read      292.2   165.1    80.4   139.6   155.8   264.7   322.2   353.8   376.2   403.4   442.0   512.2   764.2  2206.3  3678.6 107532.0   107382
read      262.1   122.2    80.4   130.0   143.7   239.3   299.9   330.2   350.7   373.5   402.2   447.6   575.2  1118.6  3319.2  86575.8    86530
read      243.5    68.9    86.8   146.7   162.5   241.6   270.6   285.3   295.1   308.1   322.8   346.7   403.9   516.6  1938.1  16617.8    16550
read      258.9   116.5    80.4   128.7   142.1   236.3   297.6   327.8   347.7   370.6   398.9   442.2   557.5  1034.3  2392.3  84433.2    84534
read      262.0   116.8    80.4   129.7   143.1   242.0   305.5   334.6   354.0   374.7   401.1   441.5   544.2   914.0  3190.9  72760.6    72631
read      263.0    99.8    80.4   132.0   145.7   258.9   310.8   333.3   348.1   366.0   388.0   421.5   494.9   699.5  1975.0  49374.4    49291
read      265.3   106.5    74.4   131.6   145.4   251.8   312.3   339.1   357.2   376.8   401.4   439.0   531.7   724.2  2148.2  62326.6    62175
read      261.5   124.1    74.4   129.6   143.2   239.4   302.1   332.3   352.4   374.4   401.9   444.7   553.4   966.8  2997.6  79959.4    80213
read      241.2   113.2    86.8   145.2   161.2   237.1   266.1   280.3   290.5   302.4   317.6   342.3   396.3   550.3  6197.1  16620.0    16566
read      262.2   118.3    80.4   130.9   144.3   254.4   309.9   334.2   350.1   368.2   390.8   424.7   501.0   675.0  3240.0  53878.6    53985
read      272.7   140.2    80.4   134.5   149.4   248.1   305.9   336.6   358.3   383.2   415.4   467.8   642.7  1480.3  2901.8 101745.4   101949
read      257.8    90.6    86.8   142.5   157.8   259.6   292.6   309.1   319.8   334.1   350.5   377.3   435.9   632.8  2466.6  24176.6    24076
read      265.1   100.5    80.4   132.6   146.2   258.7   313.4   337.4   353.7   371.6   394.8   429.4   505.8   668.5  1406.8  52653.2    52574
read      282.6   150.6    80.4   138.6   154.0   259.0   315.8   346.1   368.6   394.8   429.1   488.0   672.8  1482.1  3938.8 106165.6   106271
read      293.0   157.8    80.4   141.0   157.6   267.8   325.3   356.9   379.5   406.4   444.6   509.8   724.4  1759.4  4380.9 105713.0   105451
read      269.1   118.6    80.4   133.4   148.0   248.2   308.0   338.3   359.1   382.5   411.9   459.6   589.1  1066.9  2254.2  86143.8    86087
read      259.5    92.8    80.4   139.7   154.2   262.5   298.3   315.2   327.1   341.0   359.6   388.0   446.7   558.1  3105.0  29062.6    29108
read      281.7   140.2    80.4   138.9   154.3   258.6   316.2   346.4   368.3   393.7   426.9   483.2   660.6  1430.0  4007.8 101190.8   101115
read      266.7   121.4    80.4   131.5   145.4   246.5   309.1   338.6   358.4   380.1   406.7   451.6   571.3  1086.3  3160.7  74179.4    74326
read      263.8   123.3    80.4   130.3   143.9   242.3   305.0   334.5   354.4   376.3   403.3   447.1   566.8  1230.0  2949.4  75828.4    75832
read      276.8   143.7    80.4   135.6   150.3   251.9   310.8   341.4   363.1   388.2   420.7   472.6   665.7  1745.2  3323.9  94770.8    94901
read      243.4    83.1    86.8   148.3   164.3   240.4   269.2   283.8   293.7   306.3   320.5   345.1   400.7   527.9  3790.5  15728.8    15809
read      259.2    84.9    86.8   140.2   154.9   262.4   297.7   314.7   326.6   340.6   359.3   387.8   448.8   562.4  1278.4  28971.2    28874
read      265.8   107.1    80.4   132.7   146.7   259.7   313.5   337.1   352.9   370.5   393.5   428.3   506.0   718.6  2336.2  51795.4    51882
read      259.5    97.7    80.4   137.7   151.9   262.5   300.7   318.2   331.0   344.5   363.6   391.9   453.8   571.8  1603.7  32661.0    32653
read      263.4   109.5    80.4   134.6   148.8   263.2   308.7   329.4   343.0   359.7   379.3   411.2   479.1   618.6  2022.2  41741.8    41676
read      267.9   133.2    80.4   131.2   145.0   251.0   312.5   339.8   358.1   378.2   403.3   444.7   554.6  1323.6  3922.4  62822.2    63019
read      294.3   225.1    80.4   137.5   153.0   260.9   319.8   351.7   374.2   401.4   438.3   509.0   867.4  2856.8  8429.9  99285.2    99164
read      265.2   100.2    80.4   134.1   148.2   262.8   312.1   334.0   348.2   366.0   388.0   421.2   494.7   672.3  2344.4  46846.4    47055
read      263.9   105.6    80.4   131.4   145.2   250.6   310.6   337.1   354.9   374.3   399.5   436.0   525.9   731.6  1595.9  62408.0    62394
read      267.5   124.7    80.4   134.0   148.9   245.3   301.8   332.0   352.7   376.5   406.8   456.2   594.9  1228.6  2634.6  98621.4    98519
read      260.5   118.7    80.4   139.0   153.2   262.5   299.8   317.0   329.7   343.5   362.7   391.4   455.6   669.9  2555.7  32106.0    32122
read      266.0   101.7    80.4   134.0   148.0   262.2   313.6   336.4   351.6   369.0   391.2   424.7   499.1   666.0  2176.2  49470.6    49464
read      258.7    96.4    86.8   144.0   159.8   260.6   293.2   309.4   319.8   334.2   350.6   376.2   433.2   588.1  3989.4  24179.6    24034
read      265.9   127.8    80.4   131.8   145.8   245.5   306.3   335.8   355.9   378.0   405.1   450.7   565.7  1008.6  4297.4  77520.0    77363
read      273.4   126.9    80.4   135.5   150.3   251.9   309.9   339.6   360.7   384.9   416.0   466.0   618.9  1290.8  2680.3  91499.0    91698
read      267.5    92.1    80.4   138.0   152.1   269.3   312.5   332.6   345.5   362.2   382.1   413.3   486.3   689.7  1380.3  39046.4    38997
read      261.4   136.0    80.4   129.9   143.5   237.5   298.2   328.6   349.1   372.0   400.9   445.2   566.0  1399.9  3750.4  85963.6    86028
read      267.6   114.2    80.4   132.9   147.2   246.9   307.6   337.9   358.8   382.2   411.3   458.2   581.9   952.9  1732.9  82825.2    83012
read      240.9    68.0    80.4   149.5   165.6   237.7   265.4   279.2   289.3   300.6   316.4   341.4   396.8   554.9  1910.6  15018.2    15024
read      262.3   108.5    80.4   131.0   144.6   253.4   310.0   334.6   350.8   369.1   392.3   426.7   504.1   715.0  1876.1  56421.0    56640
read      279.5   135.4    80.4   138.2   153.4   257.6   314.8   344.8   366.3   391.3   423.7   476.5   638.8  1445.3  3326.9  97278.8    97362
read      292.6   170.9    86.8   140.5   157.0   266.0   322.8   354.3   376.7   403.7   441.2   507.2   737.8  2344.5  4616.5 107347.6   107412
read      265.1   127.2    80.4   131.2   144.9   249.0   310.6   338.0   356.3   375.9   401.2   439.5   534.8   862.1  3955.6  65076.0    65030
read      260.0   110.3    80.4   129.4   142.9   239.0   300.9   331.1   351.2   373.3   400.5   441.9   548.2   883.9  1690.4  79184.2    79278
read      266.1   120.2    80.4   134.1   148.2   261.9   312.8   335.2   350.1   367.8   389.9   423.1   497.3   704.9  4419.9  47614.4    47544
read      279.6   146.2    80.4   137.8   152.9   256.1   312.2   342.3   364.1   389.7   423.3   479.1   670.2  1593.9  3400.6 105241.4   105368
read      263.4   103.9    80.4   131.6   145.4   252.8   311.7   337.1   354.0   372.3   395.7   430.2   507.0   672.0  2073.1  58216.4    58181
read      262.8   114.4    80.4   131.1   144.8   252.5   310.5   335.8   352.5   371.0   394.3   428.7   504.9   715.6  1999.6  56936.4    56960
read      244.8    79.1    86.8   153.1   169.2   241.7   269.5   283.7   293.4   305.5   319.6   343.6   395.6   537.2  3441.4  14763.8    14849
read      265.2   102.9    80.4   132.9   147.4   251.5   311.3   338.1   356.1   375.5   400.5   437.1   525.6   718.3  1499.9  63437.0    63672
read      269.3   111.6    80.4   136.9   151.3   265.0   315.3   337.9   353.2   370.4   392.7   426.5   504.5   718.4  3509.2  48547.8    48289
read      234.2    67.0    93.8   154.5   168.9   229.6   254.8   268.3   277.2   288.9   302.9   325.5   375.7   472.0  1901.1  11798.6    11797
read      230.7    78.7    93.8   152.6   166.9   224.0   249.1   262.9   272.1   284.0   297.7   320.6   373.6   697.3  2746.1  10730.0    10781
read      264.2    99.2    80.4   133.4   147.4   260.5   312.1   335.0   350.0   367.6   389.5   422.4   494.0   636.2  1514.2  49432.4    49362
read      274.3   149.2    80.4   135.3   150.2   249.1   306.7   337.2   358.8   383.7   415.8   468.1   644.9  1854.7  3614.2 102040.8   102119
read      265.4   113.1    80.4   133.8   147.8   262.3   311.7   333.6   347.7   365.4   387.1   419.9   494.4   729.2  2991.4  46187.8    46213
read      265.8   128.9    80.4   132.4   146.9   242.5   300.7   331.2   352.2   375.5   405.2   454.8   588.7  1377.9  2627.3  97017.0    97025
read      245.9    96.4    80.4   146.2   162.0   244.7   274.2   289.1   298.8   311.6   326.6   351.0   404.9   519.1  1946.2  18403.4    18351
read      251.5    84.5    86.8   144.1   160.4   252.2   283.0   297.6   309.0   320.5   337.7   363.7   421.0   548.1  3006.3  21321.4    21426
read      265.0    95.3    80.4   135.4   149.4   265.2   311.4   332.4   346.1   363.3   383.7   415.2   485.1   638.5  1594.0  43145.0    43013
read      260.4   115.4    80.4   129.4   142.7   243.2   305.4   333.2   351.6   371.9   397.1   433.9   524.6   798.1  3542.9  67626.6    67376
read      264.2    90.0    80.4   138.2   152.0   267.0   307.9   326.8   339.8   355.1   373.2   402.3   469.4   636.6  1371.8  35969.8    36043
read      216.6    68.2   101.3   153.6   164.3   209.3   229.3   241.2   250.3   261.4   274.3   296.4   346.2   624.2  2962.2   6275.4     6255
read      267.4   140.4    80.4   133.3   148.1   242.5   299.3   329.5   350.6   374.6   405.2   455.7   618.4  1563.8  3940.3 101837.2   102499
read      252.8    81.3    86.8   140.2   155.1   255.4   288.4   304.6   315.5   328.6   344.2   371.3   428.4   540.5  2185.3  26177.4    26263
read      264.9   102.7    80.4   132.5   146.3   255.6   312.7   337.7   354.6   372.9   397.0   432.1   511.0   687.5  1604.2  56958.2    56974
read      263.7   116.1    80.4   134.8   149.1   264.1   308.4   328.5   342.0   358.3   377.3   406.8   472.3   710.4  3207.3  40832.4    40869
read      264.8   104.3    80.4   134.2   148.3   262.8   312.5   334.4   348.7   366.0   387.2   418.9   487.7   623.4  1987.5  46613.2    46514
read      230.6   103.8    93.8   151.5   165.9   223.6   248.6   262.0   270.8   282.1   296.0   319.1   374.1   648.0  6008.5  11347.8    11431
read      265.2   121.7    80.4   131.3   145.0   252.7   311.6   337.7   355.1   373.7   397.9   433.7   522.4   787.1  3694.2  58482.8    58600
read      264.3   106.8    80.4   131.1   144.8   247.6   309.2   337.7   356.9   377.8   403.1   445.1   544.7   766.4  1717.8  67953.4    68058
read      272.9   119.5    80.4   134.7   149.2   260.1   317.8   344.3   363.2   384.7   411.8   457.8   566.5   824.2  1991.4  54409.8    54502
read      271.6   119.7    80.4   133.9   148.2   256.3   317.1   344.9   363.8   384.9   410.5   452.6   558.0  1014.3  3492.5  63873.0    64022
read      270.6   103.4    80.4   135.2   149.4   264.6   319.2   343.5   360.2   378.2   401.2   436.2   521.7   729.7  1611.0  52296.6    52142
read      284.4   150.3    80.4   138.5   154.0   260.4   317.5   348.3   370.4   396.4   430.8   489.8   682.5  1884.6  3446.9 101572.6   101375
read      267.6    98.2    86.8   137.2   151.3   267.9   313.3   334.3   348.2   365.4   386.2   417.3   486.1   651.9  1936.9  40623.4    40606
read      269.8   110.3    80.4   135.5   149.9   265.7   316.5   339.3   355.0   372.1   395.2   429.7   507.5   730.4  3161.5  47544.2    47485
read      271.4   115.5    80.4   135.6   149.9   266.4   318.7   341.8   357.9   374.8   398.2   433.1   518.2   807.4  3305.0  48985.8    48977
read      269.2   116.2    80.4   138.2   152.7   270.7   313.1   333.3   346.3   363.3   383.7   415.7   490.8   681.2  3404.3  38668.6    38615
read      267.4   118.3    80.4   132.6   146.8   246.6   307.9   338.0   358.6   381.7   409.9   455.8   577.5  1019.9  2765.8  80153.8    80279
read      265.0   119.8    80.4   131.5   145.4   244.7   306.9   336.7   356.9   379.1   406.0   449.8   552.5   868.6  3354.5  76025.2    75843
read      280.2   199.5    80.4   133.0   147.4   255.4   317.0   345.7   365.7   388.5   417.9   467.0   688.3  2602.0  7526.8  66883.4    67095
read      267.4    96.6    80.4   136.8   150.9   268.3   313.5   333.9   347.1   364.2   385.0   417.2   491.0   663.6  1940.2  41280.8    41325
read      266.1   123.6    80.4   131.4   145.2   256.2   312.8   337.7   354.4   372.7   396.8   432.9   524.0   998.6  3473.9  55828.2    55752
read      268.6   136.6    74.4   130.9   145.0   243.3   304.3   335.0   356.3   380.6   411.2   462.8   674.8  1384.7  2696.6  85427.8    85561
read      243.1    70.8    86.8   151.1   167.1   240.2   267.6   281.6   291.7   303.9   318.6   343.2   398.9   544.6  1972.6  14259.2    14194
read      268.0   141.5    80.4   130.8   144.9   242.7   302.8   333.0   353.7   377.2   407.2   459.1   656.8  1719.5  3866.8  88223.4    88002
read      263.3   129.1    80.4   130.5   144.5   239.4   299.2   330.0   350.8   374.3   403.7   451.9   585.8  1217.0  4140.8  90480.2    90515
read      275.8   145.1    80.4   136.8   152.0   252.3   308.5   338.6   360.2   385.2   417.5   468.9   633.0  1583.3  4512.5 109381.8   109283
read      255.4    79.4    86.8   139.8   155.1   258.2   292.1   308.9   319.7   334.0   350.3   376.8   434.2   539.5  1983.5  26706.6    26699
read      267.8   107.0    80.4   137.7   152.0   269.1   311.2   330.9   344.0   360.6   380.5   412.0   486.5   741.0  2536.7  37372.6    37400
read      252.1    73.7    86.8   146.7   162.9   253.2   283.0   297.4   308.8   320.2   337.9   363.8   417.0   528.6  1517.8  19310.2    19307
read      236.1    87.1    93.8   152.6   167.5   229.5   255.8   269.8   279.8   291.7   307.2   331.0   385.7   821.3  3666.3  11484.8    11527
read      266.8   125.8    80.4   131.8   146.1   244.1   305.0   335.2   355.9   379.2   408.4   455.5   588.3  1361.2  3054.6  83869.2    83787
read      255.2    82.0    86.8   144.2   160.4   256.5   288.4   304.2   315.2   328.6   344.5   371.2   430.0   544.4  2374.3  22135.4    22209
read      266.4   119.7    74.4   132.1   146.1   247.1   308.9   338.4   358.4   380.6   407.6   452.0   558.9   902.4  2505.1  75192.4    75169
read      264.3   111.0    80.4   131.3   145.2   245.0   307.6   337.1   356.8   378.4   404.2   447.3   549.1   870.1  2213.0  73889.0    73833
read      277.7   160.6    80.4   133.9   148.9   250.1   309.0   339.7   361.7   387.3   420.2   477.0   744.9  2020.6  3716.1  94560.8    94641
read      268.0   109.8    80.4   132.8   147.0   255.0   315.4   342.1   360.3   380.1   404.2   443.9   535.6   760.3  1913.8  61418.4    61338
read      276.5   139.0    80.4   136.8   151.5   253.3   312.2   342.5   364.1   389.0   420.9   470.1   635.9  1398.2  3201.5  91645.0    91825
read      267.9   124.6    80.4   132.3   146.5   246.6   308.9   338.8   359.0   381.4   408.8   453.9   578.4  1204.8  3424.7  77108.4    77235
read      265.2    94.8    86.8   137.5   151.6   267.8   309.4   328.8   342.0   358.2   376.8   406.9   472.4   606.1  2408.7  37227.4    37257
read      269.8   129.4    80.4   140.7   155.7   271.0   309.0   327.1   339.8   354.9   373.0   402.7   478.2  1337.3  4739.6  32161.6    32057
read      324.8   263.6    80.4   144.1   162.0   282.3   343.0   378.0   403.9   438.7   492.3   600.2  1040.3  3530.9  7791.6 108543.2   108618
read      262.9   112.4    80.4   130.3   144.0   243.9   306.4   335.5   355.1   376.4   402.5   444.2   545.4   850.1  2449.3  72905.8    72930
read      267.3   105.7    80.4   135.5   149.9   266.6   313.7   335.3   349.7   366.8   388.3   421.1   495.7   635.3  3278.4  43642.4    43714
read      272.7   139.8    80.4   133.4   148.0   248.3   308.2   338.7   360.2   385.0   416.6   468.6   668.6  1292.5  3952.6  87365.4    87369
read      264.0   115.3    80.4   130.9   144.5   253.9   311.5   336.4   353.0   371.5   395.2   430.3   513.3   779.7  3483.1  56532.4    56640
read      272.2   136.9    74.4   134.0   149.0   249.4   307.4   337.7   359.0   383.3   414.5   465.0   629.6  1384.3  3248.8  97099.8    97360
read      266.2   127.6    74.4   131.0   144.9   244.6   306.7   337.0   357.6   380.4   408.4   454.1   580.0  1050.5  3642.2  79563.8    79788
read      236.4    62.6    93.8   152.9   167.9   231.8   258.4   272.0   282.3   293.8   310.0   334.3   385.5   468.4  1589.9  11350.8    11352
read      271.5   127.0    80.4   133.9   148.8   249.4   308.8   339.0   360.1   384.1   414.5   464.0   625.5  1202.4  2337.0  87918.4    87962
read      268.4   103.6    80.4   138.1   152.2   269.2   313.5   334.1   347.5   364.6   385.2   416.9   486.9   632.1  2928.7  40620.4    40663
read      265.2   105.7    80.4   132.0   145.9   254.2   312.2   338.2   355.7   374.4   399.0   435.5   523.2   732.5  1467.5  59212.8    59386
read      266.3   103.1    80.4   133.5   147.7   262.9   314.3   337.0   352.2   369.5   392.0   426.0   503.3   647.6  1613.7  48264.8    48302
read      249.0    82.2    86.8   145.1   161.0   248.3   279.0   294.1   305.2   317.2   334.2   359.7   413.2   532.8  2277.5  19400.8    19398
read      261.5   117.7    80.4   129.8   143.5   239.7   301.9   332.2   352.5   374.6   402.1   445.3   554.7   943.9  3591.3  82320.6    82197
read      265.1   123.8    80.4   130.7   144.6   244.2   306.6   336.5   356.8   379.4   407.2   451.7   566.0   995.0  3104.5  77333.8    77387
read      261.8   119.3    80.4   129.6   143.1   241.9   304.6   333.8   353.2   374.4   400.9   441.4   538.3   940.3  3664.1  72613.8    72753
read      220.2    58.3    93.8   153.1   164.9   213.5   234.7   248.1   257.3   268.5   283.1   307.1   359.7   448.3  1992.7   7755.6     7720
read      261.3    96.3    80.4   132.4   146.2   258.8   308.3   330.0   344.4   361.8   382.4   413.4   480.8   628.8  1614.5  46078.2    46279
read      263.7   105.0    80.4   134.2   148.5   263.1   308.8   329.6   343.5   360.5   380.4   411.3   480.2   689.1  3272.7  41923.4    42102
read      264.4   117.6    80.4   131.3   145.5   241.6   301.8   332.5   353.4   376.8   405.9   453.9   584.1  1098.8  2469.1  90478.6    90892
read      262.7    96.7    86.8   135.3   149.5   263.3   307.4   327.4   340.9   356.9   375.0   404.4   470.1   673.4  2518.9  39901.0    39976
read      272.8   170.5    80.4   131.1   145.2   252.9   313.6   340.6   359.1   379.7   404.9   450.3   628.5  1887.4  6482.0  61109.6    61084
read      246.4    71.7    86.8   148.8   164.9   245.2   273.5   288.3   297.8   310.7   325.3   349.3   403.3   492.7  2236.8  16736.6    16735
read      263.4   110.9    80.4   132.8   146.7   261.0   309.8   331.4   345.5   362.9   383.7   414.9   486.2   747.3  3405.5  45862.6    45909
read      256.4    85.5    86.8   138.8   153.1   260.0   295.3   312.0   323.1   337.4   354.7   381.1   435.3   550.0  1857.4  28861.8    28976
read      260.5   115.5    80.4   130.2   143.8   238.3   299.6   329.8   350.0   372.6   400.7   444.4   557.1   946.0  2285.4  84649.8    84704
read      270.6   149.4    80.4   133.7   148.8   246.4   302.8   332.9   354.0   378.4   409.2   460.8   624.1  1621.3  5027.1 101755.6   101822
read      266.4   122.6    80.4   132.6   147.1   244.2   302.7   333.0   353.7   377.2   406.4   454.8   587.5  1250.5  2561.3  92714.6    92571
read      236.2    60.2    93.8   151.8   167.0   231.5   259.0   272.8   283.2   294.3   310.4   334.5   386.7   483.8  1174.8  12179.0    12106
read      267.3   121.3    80.4   132.6   146.4   255.3   313.8   339.8   357.6   376.8   401.1   437.4   532.2   825.6  3439.1  58790.0    58568
read      269.4   104.6    80.4   134.9   148.9   264.0   318.1   341.8   358.2   375.8   399.0   433.6   513.9   657.8  1603.6  51335.8    51319
read      256.6    80.8    86.8   145.9   161.8   257.7   289.1   305.0   315.8   329.1   344.7   371.1   430.2   634.6  2226.0  21611.0    21556
read      240.1    65.1    86.8   149.4   165.2   236.5   265.5   279.7   289.9   301.4   316.4   340.4   391.5   494.1  1933.3  14117.2    14191
read      263.0    87.6    80.4   140.7   155.7   266.3   302.2   319.1   331.9   345.2   364.5   392.9   456.2   580.9  2285.4  29079.2    29072
read      246.3    83.9    86.8   148.3   164.3   243.9   272.4   287.0   296.5   309.5   324.3   349.7   407.5   608.2  3355.0  16398.8    16350
read      266.4   114.4    80.4   132.9   147.4   245.4   305.4   335.6   356.3   379.5   408.3   455.5   578.7  1019.9  2140.8  86683.4    86891
read      281.7   155.5    80.4   138.7   154.1   257.8   313.7   343.6   365.6   391.2   424.4   479.1   652.7  1966.6  4199.1 104349.4   104441
read      231.6   100.7    93.8   155.0   168.4   223.4   247.6   261.1   270.4   282.0   296.2   319.6   374.6  1402.3  3850.0   8939.2     8906
read      268.3   103.6    80.4   137.8   151.4   268.6   314.4   335.6   349.6   366.5   387.5   419.1   490.7   637.5  2114.1  42101.8    42175
read      266.1   109.8    80.4   133.2   147.1   260.1   314.2   338.1   354.3   372.0   395.1   429.3   504.1   649.8  2651.6  51969.6    51797
read      268.7   143.8    80.4   132.0   146.2   247.4   309.2   339.2   359.6   382.2   409.9   454.4   568.8  1191.1  4886.6  76589.2    76678
read      253.6    84.0    80.4   146.6   162.8   254.5   284.7   299.3   310.5   321.9   338.9   364.4   421.0   530.4  3302.8  19632.4    19630
read      278.7   141.2    86.8   137.4   152.6   255.8   312.7   342.6   364.3   389.6   422.4   475.4   650.8  1547.8  3675.8 100023.6   100132
read      266.4   107.4    86.8   135.8   149.9   266.8   311.6   332.3   345.7   362.8   383.0   414.0   483.0   681.7  3120.3  40407.4    40498
read      285.1   155.4    80.4   138.9   154.5   259.6   316.2   346.9   369.4   395.9   431.4   496.4   707.9  1845.1  3870.2 108679.4   108559
read      254.6   109.7    80.4   141.2   156.4   255.1   287.4   303.3   314.3   327.3   343.8   370.9   432.7   898.7  4141.6  23850.4    23964
read      263.2   107.4    80.4   130.2   143.9   245.5   307.3   336.2   355.6   376.6   402.6   444.9   547.3   787.1  1468.4  70731.6    70760
read      289.0   162.0    80.4   139.1   154.8   262.4   320.0   351.1   373.4   400.2   436.1   503.3   747.3  1882.2  4328.1  99610.0    99567
read      304.6   183.4    80.4   140.9   157.6   271.8   332.2   366.4   392.2   425.0   471.4   566.4   864.0  1917.3  5497.5 107467.0   107548
read      269.4   112.8    80.4   134.0   148.2   260.7   316.2   340.7   357.6   375.9   400.3   436.3   534.4   869.8  2601.6  53811.4    53742
read      305.6   201.4    80.4   143.4   160.6   274.9   334.3   367.2   391.7   422.3   464.6   544.6   811.4  2520.7  5560.6 103904.0   103931
read      270.4   139.7    80.4   133.5   147.7   256.9   316.8   343.5   361.7   381.9   406.2   446.5   544.1   882.0  3304.8  60314.0    60359
read      230.3    69.0    93.8   153.1   167.1   223.9   248.9   262.5   271.6   283.5   297.8   321.3   377.7   496.9  2062.7   9682.0     9725
read      268.1   109.5    80.4   134.2   148.2   261.7   315.9   339.9   356.3   373.9   397.3   431.9   516.9   742.3  2533.3  52055.2    52014
read      267.9    98.0    86.8   137.6   151.4   269.3   313.1   333.5   346.6   363.7   384.4   416.6   488.2   642.0  2166.6  40032.6    40053
read      271.1   128.5    80.4   134.3   148.8   249.4   309.4   339.7   360.6   384.2   414.0   461.8   599.4  1231.4  3701.2  86432.4    86436
read      264.7   145.2    80.4   143.2   159.0   262.6   295.7   312.2   323.2   338.0   357.0   388.6   471.2  1644.8  6379.3  24050.4    23983
read      267.5   113.7    80.4   132.5   146.4   251.7   313.0   340.9   359.9   380.8   405.9   447.1   545.7   805.2  2415.7  66317.6    66595
read      261.1    81.3    80.4   142.4   157.8   264.3   298.2   314.6   326.2   340.2   358.6   387.2   452.3   550.4  1615.6  26064.4    26056
read      269.1   116.8    80.4   133.9   148.0   262.5   316.4   340.3   356.8   374.4   398.2   433.4   518.6   817.1  3809.2  51658.8    51764
read      263.5    91.8    80.4   135.4   149.6   265.1   309.5   329.4   342.7   358.7   377.1   406.7   472.4   597.0  1899.8  40166.0    40202
read      258.8   108.9    80.4   128.7   142.1   238.1   301.2   331.3   351.2   373.1   399.6   438.6   535.0   790.0  1981.3  76619.2    76665
read      231.7    67.0    86.8   152.2   166.4   225.8   252.0   266.1   275.1   287.4   301.7   325.5   375.6   496.5  2280.2  11085.4    11133
read      267.4   123.0    80.4   132.9   147.2   247.2   307.6   337.6   358.4   381.9   411.1   457.0   569.7   912.6  2002.6  80269.0    80405
read      269.8   132.6    80.4   133.1   147.4   249.0   308.6   338.4   359.4   383.2   413.0   461.5   590.8  1065.7  4179.2  79377.6    79106
read      270.9   157.5    80.4   132.7   147.2   244.5   302.5   332.8   353.8   377.5   407.8   460.1   672.1  1992.1  4454.8  97385.0    97258
read      263.5    85.7    80.4   138.4   152.8   267.6   307.4   325.5   338.3   352.7   370.7   399.0   459.6   552.9  1320.1  36295.6    36307
read      259.2    83.1    86.8   140.8   155.9   263.3   297.7   314.1   325.3   338.8   355.9   382.1   436.9   547.1  1797.9  28520.2    28636
read      265.3    99.8    80.4   136.5   150.7   267.0   311.1   331.2   344.2   360.4   379.0   406.6   469.5   617.1  2551.6  41644.0    41620
read      257.4   101.0    80.4   129.4   143.2   239.7   301.3   330.0   348.6   369.4   394.7   430.9   507.1   636.2  1361.3  75941.0    75736
read      268.9    92.2    80.4   140.4   155.2   268.9   315.0   336.0   349.8   365.9   386.1   416.7   475.8   581.1  1405.9  44935.8    44979
read      265.9   101.2    86.8   144.7   160.4   269.2   304.6   320.9   333.3   345.7   364.6   391.8   451.9   634.7  2997.3  31616.2    31478
read      266.7    93.0    80.4   141.1   156.2   269.5   309.9   328.3   340.8   355.8   373.3   401.4   464.7   601.8  2436.1  37460.4    37586
read      279.4   117.6    80.4   139.6   155.6   260.7   316.1   345.5   366.8   391.9   424.5   477.3   616.6   867.5  2198.0 108169.8   108330

Total QPS = 57420.8 (103357512 / 1800.0s)

Total connections = 64
Misses = 0 (0.0%)
Skipped TXs = 0 (0.0%)

RX 25529305464 bytes :   13.5 MB/s
TX          0 bytes :    0.0 MB/s
Warning! Detected max cpu usage > 95%
CPU Usage Stats (avg/min/max): 100.00%,65.16%,100.00%
