Random waveform, supplied seed
Total number of intervals = 20 (6927, 52892, 98921, 61129, 40613, 53226, 38560, 103465, 104758, 94759, 37799, 8296, 69443, 12517, 43591, 20430, 93758, 10485, 16518, 83230)
Average QPS expected = 52565
Timestamp start: 1778802181797
Timestamp end: 1778802482070

#type       avg     std     min      p5     p10     p50     p67     p75     p80     p85     p90     p95     p99    p999   p9999      QPS   target
read      228.6    78.4    86.8   153.7   165.8   221.8   244.1   256.3   266.0   275.9   291.9   318.5   396.5   804.0  3119.3   6904.8     6927
read      270.9   149.4    80.4   129.8   143.8   255.2   307.2   337.1   357.9   381.3   410.4   458.1   597.5  1504.6  4885.3  52805.1    52892
read      267.4   126.6    74.4   131.2   146.2   244.8   296.8   328.9   352.1   379.1   414.4   468.7   619.4  1119.1  3138.5  98927.1    98921
read      262.7   116.6    80.4   127.7   141.0   246.7   301.4   332.9   354.5   378.1   406.7   451.4   549.6   789.6  2719.2  61172.3    61129
read      264.1   101.2    80.4   132.8   147.4   260.9   303.7   327.1   343.8   363.4   387.1   422.6   500.3   672.1  2452.8  40591.5    40613
read      263.7   111.1    80.4   129.0   142.7   252.8   304.2   332.1   352.1   374.0   401.2   442.2   534.3   744.7  2742.9  53135.9    53226
read      263.9    98.2    74.4   134.0   148.9   261.1   303.0   324.5   341.0   360.2   383.9   420.2   499.0   695.5  2083.9  38638.5    38560
read      272.2   131.2    80.4   133.5   149.0   250.1   302.4   332.9   356.6   384.7   421.1   477.5   627.1  1130.7  3202.9 103605.7   103465
read      276.8   136.7    80.4   135.2   150.8   253.7   306.5   337.4   361.5   390.1   427.5   487.5   646.9  1365.6  3341.6 104636.5   104758
read      265.0   124.0    80.4   130.3   144.8   242.7   296.3   324.2   347.0   375.0   411.3   467.3   608.4  1141.4  2571.0  94873.9    94759
read      264.0    97.6    80.4   135.4   150.2   261.3   303.4   323.1   339.1   358.3   382.4   418.6   496.3   682.0  2115.6  37765.3    37799
read      236.7   154.5    93.8   154.9   166.8   221.7   246.4   260.9   271.1   284.2   300.7   331.1   444.9  2118.0  7629.5   8302.1     8296
read      264.5   130.2    80.4   127.3   140.6   241.0   299.9   329.0   352.6   380.3   414.6   466.3   610.5  1259.2  3205.8  69388.6    69443
read      240.2    94.2    86.8   150.8   164.5   230.4   259.1   274.1   285.9   298.4   316.8   348.5   434.6  1105.4  3396.9  12484.1    12517
read      266.3   104.6    80.4   132.6   147.1   259.6   307.7   331.4   348.8   370.1   396.4   434.9   521.5   729.5  1907.5  43616.5    43591
read      255.5    86.1    86.8   147.1   163.0   251.3   283.7   300.4   312.3   326.3   345.9   379.1   454.9   732.7  2928.8  20486.9    20430
read      264.6   131.9    74.4   129.1   143.4   240.1   294.8   323.0   346.3   374.6   411.2   468.0   625.8  1317.7  3252.0  93907.4    93758
read      232.7    94.0    93.8   151.2   163.7   223.2   249.1   264.1   274.0   287.5   304.1   333.1   412.4  1036.0  3008.1  10453.1    10485
read      252.5    95.4    86.8   148.6   163.5   243.6   276.0   293.3   306.3   320.6   343.2   378.8   466.5  1107.6  2728.9  16565.1    16518
read      263.5   139.7    74.4   128.4   142.3   238.6   294.7   323.6   347.2   375.6   411.7   466.6   608.3  1191.7  4318.7  83201.3    83230

Total QPS = 52573.1 (15771923 / 300.0s)

Total connections = 64
Misses = 0 (0.0%)
Skipped TXs = 0 (0.0%)

RX 3895664981 bytes :   12.4 MB/s
TX          0 bytes :    0.0 MB/s
Warning! Detected max cpu usage > 95%
CPU Usage Stats (avg/min/max): 99.72%,49.75%,100.00%
