Random waveform, supplied seed
Total number of intervals = 20 (6927, 52892, 98921, 61129, 40613, 53226, 38560, 103465, 104758, 94759, 37799, 8296, 69443, 12517, 43591, 20430, 93758, 10485, 16518, 83230)
Average QPS expected = 52565
Timestamp start: 1778624243265
Timestamp end: 1778624543537

#type       avg     std     min      p5     p10     p50     p67     p75     p80     p85     p90     p95     p99    p999   p9999      QPS   target
read      300.0   508.8    93.8   156.0   168.1   229.3   257.3   273.5   287.8   305.4   331.0   431.0  1918.1  7898.3 13468.5   6930.1     6927
read      419.5   619.9    80.4   135.5   153.1   303.7   394.3   447.0   485.7   531.7   595.7   781.9  3230.9  7942.1 12865.1  52932.8    52892
read      608.0   984.2    80.4   160.1   184.0   317.3   399.5   454.5   498.3   560.7  1146.7  3282.0  4942.3  8024.6 12189.3  98958.9    98921
read      309.7   292.4    74.4   131.2   145.2   257.7   324.2   363.2   392.6   428.5   477.3   562.9  1425.4  3655.7  7913.1  61069.1    61129
read      314.3   337.3    80.4   134.4   148.9   271.2   331.7   363.9   387.2   414.6   451.5   515.9  1323.7  5044.9  8899.8  40529.1    40613
read      360.8   537.1    80.4   133.6   148.5   273.2   343.1   384.3   414.8   452.8   506.6   633.2  2483.5  7865.6 10127.6  53241.3    53226
read      450.7   917.6    80.4   134.6   151.7   294.8   369.4   411.3   442.2   481.6   542.1  1006.0  4113.3 13097.8 19608.1  38546.4    38560
read     1020.9  1363.4    86.8   179.1   201.5   366.1   469.2  1404.0  1804.0  2623.0  2939.8  3913.0  6227.4  8079.4 10325.7 103517.9   103465
read      981.3  1299.4    80.4   180.4   203.6   372.8   501.6  1281.2  1679.8  2515.3  2883.6  3840.5  5752.1  8001.7 10068.5 104866.7   104758
read      646.7   881.6    86.8   188.0   213.1   351.7   460.1   540.4   616.9   942.9  1573.6  2222.2  4111.7  7994.4 10108.4  94687.2    94759
read      438.3   709.7    80.4   144.1   160.3   262.1   326.2   377.6   431.3   530.4   760.0  1333.2  3391.2  8009.8 10191.7  37785.5    37799
read      386.2   695.9    86.8   140.1   153.1   228.4   274.2   312.3   348.4   425.2   627.9  1094.8  3037.8  8033.0  9948.8   8270.2     8296
read      970.4  1758.5    80.4   165.1   186.5   317.8   384.0   430.0   481.9  1468.6  3172.0  6112.3  7606.9  9840.0 12763.6  69516.3    69443
read      270.8   247.7    86.8   145.4   160.4   239.9   273.3   294.1   309.6   327.6   351.4   401.6  1070.2  3275.9  8153.4  12550.0    12517
read      379.2   469.4    80.4   132.4   149.6   300.4   381.6   424.1   454.2   489.7   536.5   633.0  2702.9  6119.3  8093.9  43675.5    43591
read      302.0   281.3    86.8   142.0   158.6   265.5   313.2   338.1   356.1   377.0   405.0   461.3  1427.2  3249.7  8096.5  20403.5    20430
read      491.9   709.5    80.4   144.8   163.6   284.6   356.3   405.3   450.6   521.7   865.1  1937.2  3440.4  7543.5  8608.6  93735.3    93758
read      228.3    77.4    93.8   151.5   164.3   222.3   244.7   257.1   266.9   277.5   294.0   319.5   380.8   727.0  2641.5  10420.8    10485
read      249.3   110.6    86.8   149.3   163.8   242.7   271.5   288.4   300.6   315.3   334.1   362.8   432.5   981.4  4176.7  16494.5    16518
read      318.1   281.7    80.4   131.9   146.3   252.6   322.6   369.8   410.6   466.0   541.6   672.0  1207.0  3469.3  7565.2  83109.6    83230

Total QPS = 52562.0 (15768612 / 300.0s)

Total connections = 64
Misses = 0 (0.0%)
Skipped TXs = 0 (0.0%)

RX 3894847164 bytes :   12.4 MB/s
TX          0 bytes :    0.0 MB/s
Warning! Detected max cpu usage > 95%
CPU Usage Stats (avg/min/max): 99.73%,50.25%,100.00%
