Random waveform, supplied seed
Total number of intervals = 60 (6927, 52892, 98921, 61129, 40613, 53226, 38560, 103465, 104758, 94759, 37799, 8296, 69443, 12517, 43591, 20430, 93758, 10485, 16518, 83230, 5484, 55611, 20774, 96726, 32442, 73039, 74055, 51197, 59442, 35654, 78747, 42212, 52488, 36950, 16762, 79473, 61431, 87172, 108181, 80515, 37149, 13444, 72057, 70041, 90162, 52082, 24258, 72013, 58012, 45398, 50177, 34504, 66010, 73937, 55020, 53235, 97743, 5419, 14764, 7451)
Average QPS expected = 53209
Timestamp start: 1778685330207
Timestamp end: 1778685630496

#type       avg     std     min      p5     p10     p50     p67     p75     p80     p85     p90     p95     p99    p999   p9999      QPS   target
read      291.3   238.1   118.1   188.6   204.3   268.4   292.2   306.2   316.1   330.0   349.7   394.4   896.7  3582.8  9790.6   6870.2     6927
read      341.7   395.2    93.8   157.7   173.6   290.2   352.4   385.2   408.8   437.1   474.8   544.7  1506.0  6225.5 13101.9  52475.0    52892
read      571.1   858.3    93.8   180.9   204.6   323.5   382.3   426.0   468.2   552.1  1032.2  2584.4  4022.8  8013.0 11588.5  98734.2    98921
read      347.9   363.2    93.8   154.5   170.5   286.3   351.9   388.9   416.9   452.5   501.4   605.6  1728.8  5155.5  8438.3  60864.4    61129
read      306.8   180.1    93.8   158.1   173.9   290.4   343.9   370.1   388.6   409.0   435.7   480.4   665.6  2294.4  7243.7  40577.6    40613
read      312.7   213.0    93.8   153.5   168.4   280.3   341.5   372.8   395.7   422.9   457.8   513.8  1037.7  2892.3  6252.7  53224.8    53226
read      305.1   169.9   101.3   158.1   173.8   290.0   341.0   366.5   384.0   402.9   430.1   471.7   712.7  2297.9  6427.8  38557.6    38560
read      599.0   854.5    93.8   188.7   215.2   343.4   404.5   452.4   500.3   605.7  1381.9  2536.5  3750.6  8030.2 10207.0 103439.4   103465
read      614.4   838.9    93.8   203.3   231.2   362.3   430.7   482.6   535.8   649.7  1400.0  2249.8  3792.0  7991.8 11826.0 104711.8   104758
read      585.7   826.8    86.8   182.0   205.6   327.8   391.2   438.2   490.7   624.8  1406.3  2388.7  3748.6  7797.0  9231.3  94644.4    94759
read      302.1   149.2    93.8   159.3   174.6   289.6   339.1   363.5   380.2   399.6   425.7   466.3   666.7  1894.1  4522.4  37733.6    37799
read      263.9    94.0   109.4   176.9   193.1   257.8   281.2   293.7   303.2   314.1   328.9   354.6   441.2  1009.8  2368.1   8260.0     8296
read      334.2   317.5    93.8   152.2   167.6   277.9   343.0   380.3   408.5   444.7   493.7   586.4  1495.0  4288.7  8100.8  69133.8    69443
read      276.0    84.5   109.4   176.3   194.4   272.6   298.7   312.9   322.0   335.2   349.5   374.5   457.1   988.0  2423.2  12501.8    12517
read      303.0   163.9    93.8   155.3   170.5   286.3   340.8   367.8   386.5   407.1   435.5   481.2   684.8  2027.3  5595.7  43492.0    43591
read      290.5   108.9   109.4   171.1   188.6   287.4   320.0   337.6   349.4   364.4   382.8   412.6   501.9  1180.4  2688.1  20425.8    20430
read      480.0   659.5    86.8   169.1   189.1   308.7   373.9   424.7   472.9   556.6   752.2  1484.5  3440.9  7659.4 10632.4  93649.6    93758
read      281.3   179.5   109.4   177.2   194.6   267.3   292.5   306.7   316.4   329.2   345.0   375.8   755.9  2249.1  8103.7  10470.8    10485
read      294.9   150.7   101.3   175.2   192.6   283.9   314.2   330.6   341.8   356.3   373.5   405.9   805.1  1963.6  5920.6  16559.2    16518
read      374.4   423.2    86.8   157.3   174.3   287.7   353.2   394.8   428.7   473.2   541.9   725.6  2330.4  5438.0  8032.5  83053.4    83230
read      253.9    93.0   118.1   174.2   188.7   247.3   269.2   280.9   289.3   297.8   312.8   336.4   418.0  1207.4  4782.0   5480.6     5484
read      306.4   190.6    93.8   150.1   165.0   277.6   339.1   370.7   393.3   419.9   454.7   510.1   839.5  2493.4  5377.7  55514.8    55611
read      290.8   122.9   101.3   168.9   186.7   285.9   319.3   337.5   349.8   365.0   384.1   416.6   521.2  1478.2  4135.5  20822.6    20774
read      485.1   646.4    86.8   170.8   191.7   312.0   377.3   428.3   481.6   581.2   835.9  1506.6  3368.2  7687.7 10406.8  96876.6    96726
read      301.6   164.7    93.8   161.4   177.2   293.0   337.4   359.3   373.7   392.3   415.3   453.7   629.1  1849.0  5939.7  32386.4    32442
read      432.4   740.7    93.8   157.0   173.7   290.4   354.9   395.0   427.7   470.9   544.9   891.9  4171.1  9229.7 12520.5  73187.6    73039
read      319.4   258.2    93.8   152.8   167.8   272.4   335.8   371.8   398.6   432.6   479.6   562.6  1193.4  3216.1  7794.4  74022.8    74055
read      302.4   154.5    93.8   153.0   168.0   282.3   342.6   372.2   393.7   418.7   451.1   501.9   656.2  1717.7  4249.2  51274.4    51197
read      310.8   184.1    93.8   153.5   168.6   281.5   345.2   378.2   401.8   431.5   470.0   538.1   804.6  2054.5  7197.5  59351.8    59442
read      303.7   129.6   101.3   161.9   177.5   295.8   344.6   368.9   385.7   403.5   428.9   466.7   591.7  1415.1  2498.5  35661.8    35654
read      339.7   266.0    93.8   157.9   174.1   285.0   351.4   392.3   425.0   466.6   526.7   639.4  1299.1  3053.3  8081.4  78793.8    78747
read      302.6   167.5    93.8   156.2   171.4   287.1   340.7   367.0   385.3   405.2   432.2   475.6   639.7  2350.4  5084.9  42232.4    42212
read      302.9   153.0    93.8   153.0   168.0   281.5   341.9   372.5   394.2   419.7   453.0   506.0   686.4  1900.3  3460.4  52464.2    52488
read      308.8   130.5    93.8   162.9   178.8   299.6   349.9   374.0   392.1   412.6   438.6   482.0   620.7  1633.7  2586.7  36983.8    36950
read      311.8   303.4    93.8   176.4   194.0   287.8   319.0   336.1   347.2   363.0   382.9   424.2  1019.8  5469.3 10073.3  16839.2    16762
read      334.6   277.1    86.8   156.7   172.7   279.5   343.4   381.2   410.0   448.2   502.3   613.5  1388.2  3636.8  7482.3  79602.2    79473
read      311.1   174.1    93.8   154.4   169.6   281.5   344.8   378.3   402.3   432.2   470.7   537.5   809.4  2203.3  3805.2  61533.4    61431
read      335.2   296.9    93.8   158.3   174.5   278.3   340.9   376.9   403.4   438.1   493.9   615.4  1392.5  3820.9  7941.6  87246.2    87172
read      321.4   240.9    93.8   168.0   186.3   287.0   338.4   368.1   389.6   414.8   448.5   506.5   991.3  3347.6  7679.3 108069.8   108181
read      342.1   321.4    86.8   156.2   172.5   281.2   346.2   385.8   416.7   457.2   514.5   623.8  1526.8  4481.3  7752.7  80555.4    80515
read      302.0   138.8    93.8   158.7   174.8   292.6   343.1   367.3   384.0   402.1   428.5   467.5   586.5  1668.7  3937.5  37116.0    37149
read      275.4   118.7   109.4   174.0   191.3   270.6   296.9   311.1   320.0   332.8   346.3   371.1   446.7  1231.5  5603.3  13422.8    13444
read      315.3   226.3    86.8   152.4   167.4   273.7   338.4   374.1   400.9   434.3   479.1   555.1  1036.2  2813.0  7493.0  72168.0    72057
read      319.4   222.8    93.8   152.5   167.7   278.3   343.2   379.1   405.6   439.7   486.5   566.8  1063.3  2969.9  5996.5  69941.6    70041
read      354.1   396.2    93.8   158.7   175.3   280.5   341.2   376.4   403.1   439.0   500.5   660.0  2000.6  5464.4  8544.3  90264.6    90162
read      305.4   161.2    93.8   153.6   168.6   283.3   343.8   373.8   395.4   421.2   455.1   508.1   693.3  2076.1  3993.1  51973.0    52082
read      291.4   106.1    93.8   167.3   184.0   289.5   324.5   342.1   354.7   368.7   387.5   416.3   504.3  1241.4  3102.7  24327.8    24258
read      319.8   211.1    86.8   153.6   168.9   278.0   343.4   380.4   408.3   443.8   492.4   575.8  1034.6  2659.7  4411.2  71921.4    72013
read      307.8   164.6    93.8   153.3   168.3   280.8   343.8   376.1   399.5   428.5   465.5   529.9   768.6  1914.2  4353.8  58139.6    58012
read      305.0   143.2    93.8   155.6   170.8   288.0   344.2   371.9   392.1   415.7   446.7   497.7   700.3  1712.2  2747.7  45500.4    45398
read      303.5   144.1    93.8   154.4   169.6   285.0   344.6   374.6   395.7   420.5   452.8   504.1   659.1  1367.2  4065.7  50315.0    50177
read      299.6   116.9    93.8   161.1   176.5   292.7   339.7   362.7   378.1   396.6   421.0   459.5   592.7  1368.4  2440.5  34458.6    34504
read      312.0   206.8    93.8   152.3   167.3   275.8   339.3   373.5   399.0   430.2   471.3   543.1   925.2  2649.4  7218.1  65939.0    66010
read      317.6   230.2    86.8   152.0   166.9   273.7   338.4   374.4   402.3   437.7   486.6   569.3  1085.8  2750.2  7631.4  73903.0    73937
read      307.9   174.5    93.8   153.5   168.7   282.9   345.6   377.7   399.9   427.2   462.4   521.3   731.6  1915.2  5606.3  55283.2    55020
read      306.7   186.2    86.8   152.1   166.9   280.7   342.0   372.7   394.6   420.7   454.5   508.2   773.4  2466.5  5938.8  53184.4    53235
read      297.1   187.6    93.8   158.2   173.9   266.9   320.3   351.3   372.4   396.4   426.9   476.9   805.0  2410.6  6853.7  97698.8    97743
read      251.1    94.3   109.4   171.6   186.5   244.4   266.0   277.2   286.6   296.0   310.8   333.6   409.3   993.9  3850.8   5464.0     5419
read      282.5   109.6   109.4   177.2   195.0   278.8   306.7   320.2   331.3   342.8   359.6   385.0   462.3  1319.8  4120.1  14810.0    14764
read      255.0    87.4   101.3   172.9   188.8   249.9   271.7   283.9   292.3   302.7   315.9   338.5   400.7   941.9  4104.6   7391.4     7451

Total QPS = 53191.7 (15957509 / 300.0s)

Total connections = 64
Misses = 0 (0.0%)
Skipped TXs = 0 (0.0%)

RX 3941504723 bytes :   12.5 MB/s
TX          0 bytes :    0.0 MB/s
Warning! Detected max cpu usage > 95%
CPU Usage Stats (avg/min/max): 99.73%,49.75%,100.00%
