Random waveform, supplied seed
Total number of intervals = 60 (6927, 52892, 98921, 61129, 40613, 53226, 38560, 103465, 104758, 94759, 37799, 8296, 69443, 12517, 43591, 20430, 93758, 10485, 16518, 83230, 5484, 55611, 20774, 96726, 32442, 73039, 74055, 51197, 59442, 35654, 78747, 42212, 52488, 36950, 16762, 79473, 61431, 87172, 108181, 80515, 37149, 13444, 72057, 70041, 90162, 52082, 24258, 72013, 58012, 45398, 50177, 34504, 66010, 73937, 55020, 53235, 97743, 5419, 14764, 7451)
Average QPS expected = 53209
Timestamp start: 1778804341711
Timestamp end: 1778804641994

#type       avg     std     min      p5     p10     p50     p67     p75     p80     p85     p90     p95     p99    p999   p9999      QPS   target
read      239.4    90.6    93.8   161.6   173.8   230.5   253.7   267.3   276.3   289.7   306.8   335.7   415.6  1060.8  4495.8   6880.4     6927
read      259.7   107.2    74.4   128.1   141.6   248.2   299.1   327.1   346.1   368.6   396.3   436.3   525.9   679.7  1424.2  52631.0    52892
read      264.6   118.2    80.4   130.2   144.6   240.4   294.4   328.0   352.1   380.6   417.0   470.4   606.3   986.2  2085.7  99007.6    98921
read      255.6   107.4    74.4   124.8   138.5   239.2   293.7   323.5   344.4   368.5   397.7   439.8   530.9   690.5  1986.9  61292.4    61129
read      257.5   100.4    80.4   130.6   145.2   252.5   295.2   318.0   335.0   354.5   378.4   415.1   489.3   647.1  1904.1  40552.0    40613
read      257.2   101.7    74.4   127.1   140.5   245.4   296.4   324.4   343.8   366.4   394.0   432.9   512.4   648.2  1478.2  53368.2    53226
read      259.5   103.7    80.4   132.5   147.4   255.2   296.6   319.3   335.9   354.8   378.1   414.1   486.2   634.3  2372.0  38420.6    38560
read      268.1   119.1    80.4   131.2   146.0   244.2   298.5   332.1   356.2   384.9   421.8   479.1   620.7   929.2  2093.6 103365.2   103465
read      267.7   120.3    74.4   131.2   146.0   243.6   297.6   331.3   355.7   384.2   421.1   478.9   620.8   902.6  1851.5 104852.8   104758
read      262.8   130.1    80.4   128.8   142.9   237.8   292.1   325.3   349.4   377.8   414.1   467.7   604.4   936.8  4355.6  94821.4    94759
read      263.3   105.7    74.4   133.3   148.4   258.6   301.2   324.4   341.1   360.8   385.1   422.1   499.9   658.9  3688.7  37746.6    37799
read      237.5    67.2    93.8   154.5   167.6   231.1   256.1   270.6   281.1   293.2   310.9   340.2   411.7   764.4  1861.2   8354.6     8296
read      255.6   116.2    80.4   124.4   138.0   235.2   291.0   321.8   344.3   370.0   400.9   449.0   550.0   783.4  2738.2  69281.6    69443
read      243.0    69.7    86.8   151.5   166.0   237.9   265.1   279.5   290.6   304.1   321.0   352.4   422.8   715.4  1823.3  12487.4    12517
read      259.1   108.4    74.4   129.8   144.1   252.6   296.9   321.4   339.0   359.1   383.7   421.1   499.3   704.3  2664.0  43304.2    43591
read      252.8    75.2    80.4   145.1   161.1   249.2   280.4   296.7   310.2   325.4   345.8   377.4   450.1   638.9  1170.8  20401.2    20430
read      259.2   117.7    80.4   127.6   141.3   235.6   289.4   321.7   345.6   373.4   408.2   463.1   590.3   876.9  1803.7  93773.0    93758
read      241.2   113.3    93.8   154.0   167.4   232.6   258.9   272.7   283.6   295.7   314.7   344.9   423.9  1148.4  4056.8  10491.0    10485
read      255.3   101.1    86.8   153.0   168.5   250.1   279.9   295.8   308.6   322.4   342.0   371.6   434.9   774.1  4198.9  16437.4    16518
read      265.1   126.3    80.4   127.9   141.5   238.3   295.3   330.6   355.8   384.8   421.4   476.3   644.3  1077.0  2191.7  83094.6    83230
read      227.2   100.3   109.4   154.7   165.9   218.1   239.6   252.3   262.2   273.1   289.6   317.7   397.5   996.0  4152.5   5503.4     5484
read      262.5   109.3    80.4   128.5   141.8   248.2   302.2   332.7   353.4   375.9   403.4   446.2   540.3   768.4  2060.6  55321.2    55611
read      253.4    91.1    86.8   145.7   161.5   250.5   280.6   296.5   309.6   323.8   343.3   372.5   435.5   703.1  3370.0  20800.8    20774
read      269.1   157.4    80.4   128.4   142.4   238.8   294.1   328.6   353.7   383.4   421.8   484.0   718.6  1655.3  3527.6  96459.4    96726
read      263.7    96.7    86.8   137.5   152.2   260.3   299.4   320.9   337.2   355.7   378.3   413.6   488.8   680.0  2934.3  32527.6    32442
read      263.2   133.6    80.4   126.3   139.7   238.3   295.9   330.1   354.4   381.6   415.7   466.8   604.5  1129.9  3762.2  73121.2    73039
read      263.2   125.2    80.4   126.6   140.0   238.8   296.0   330.3   354.5   381.9   415.8   467.2   617.2  1106.0  2352.1  74027.8    74055
read      263.6   106.1    74.4   129.1   143.0   251.9   304.2   333.3   353.2   375.0   402.2   443.6   532.6   727.5  1935.8  51357.8    51197
read      262.7   119.7    80.4   127.5   140.8   244.8   300.2   332.4   354.6   379.1   408.4   453.5   556.3   899.3  2573.0  59373.0    59442
read      263.2    97.2    86.8   135.1   149.9   259.1   299.8   322.2   339.0   358.3   381.8   418.3   496.9   711.5  2840.8  35593.4    35654
read      260.4   127.8    80.4   125.5   139.0   235.0   291.7   325.2   349.8   377.8   412.5   466.0   615.6  1063.5  3397.5  78654.6    78747
read      266.2   121.3    80.4   132.3   146.7   258.7   304.9   330.1   347.3   367.8   392.9   430.2   514.6  1146.7  3357.0  42204.8    42212
read      263.3   112.0    80.4   128.4   142.0   250.6   303.8   333.3   353.4   375.6   402.7   444.6   535.0   771.6  2828.1  52398.8    52488
read      265.8   108.7    80.4   135.2   150.1   261.1   304.3   328.1   344.8   364.9   389.4   425.5   498.5   640.4  1699.8  36873.8    36950
read      250.3    96.5    86.8   150.2   165.4   246.0   274.2   290.3   301.7   316.0   335.3   364.6   432.0   739.0  3182.2  16834.8    16762
read      262.3   122.2    80.4   126.3   139.9   236.8   293.3   327.7   352.5   381.0   416.5   469.5   625.9  1051.9  2081.6  79398.8    79473
read      263.8   128.1    74.4   127.3   140.5   244.1   301.0   333.2   355.6   380.6   411.1   458.5   570.5  1066.9  3094.1  61536.6    61431
read      275.3   194.5    80.4   128.8   142.8   241.0   297.7   333.4   359.4   389.5   428.6   495.4   783.1  1983.6  7227.7  87052.8    87172
read      320.6   272.6    80.4   137.9   154.4   270.7   335.3   373.7   402.9   440.9   495.4   602.0  1203.6  3609.3  7744.5 108365.2   108181
read      269.3   144.7    80.4   128.6   142.2   241.2   298.2   333.7   359.0   388.5   425.7   483.8   670.3  1371.6  4496.7  80351.0    80515
read      265.2   103.8    80.4   135.1   149.9   260.6   303.2   326.9   343.6   363.3   387.3   423.4   499.8   709.0  2014.4  37186.0    37149
read      245.5   115.6    80.4   153.3   167.8   239.5   267.0   281.7   292.4   306.1   323.4   353.1   418.6   754.5  3095.7  13418.8    13444
read      262.4   125.4    80.4   127.1   140.4   238.9   296.4   331.0   355.0   381.9   415.1   464.3   587.2   944.7  3492.6  71919.8    72057
read      263.1   120.4    80.4   126.6   140.1   239.4   297.1   331.3   355.4   382.5   416.5   467.2   601.4  1035.3  1935.3  70176.8    70041
read      269.3   148.5    74.4   128.3   142.0   239.7   295.2   329.6   355.1   385.0   422.7   484.2   713.0  1763.8  2828.2  90205.6    90162
read      265.5   112.8    80.4   129.8   143.6   252.7   305.8   335.2   355.7   378.5   405.9   448.6   542.9   770.7  1970.0  52196.8    52082
read      262.7    85.5    86.8   144.6   160.9   260.4   294.5   313.5   327.3   343.7   365.3   396.9   464.7   654.8  2035.2  24211.4    24258
read      263.3   119.3    74.4   126.8   140.3   239.8   296.6   330.8   355.2   382.8   416.9   468.1   605.8  1015.1  2036.3  72072.0    72013
read      260.5   107.7    80.4   127.1   140.4   244.6   299.2   329.8   351.1   374.9   403.9   448.9   546.0   794.3  1745.9  58018.2    58012
read      265.6   103.5    80.4   131.8   146.1   257.9   306.2   332.5   350.5   371.2   397.7   435.2   518.9   782.4  1872.9  45303.0    45398
read      265.5   111.7    80.4   130.3   144.0   253.8   305.8   334.4   354.5   376.5   403.5   444.0   533.5   780.6  2448.4  50177.6    50177
read      269.3   111.3    86.8   138.3   153.4   264.5   306.4   329.2   345.1   364.8   388.9   424.4   499.9   847.6  3758.6  34489.4    34504
read      260.4   122.3    80.4   125.4   138.9   238.8   296.0   328.6   351.5   377.9   410.1   458.9   576.5   884.7  2641.4  65899.8    66010
read      263.2   125.8    80.4   127.0   140.2   238.3   295.9   330.3   355.1   383.3   418.3   470.5   606.3   969.4  3704.2  74123.2    73937
read      264.3   116.1    80.4   128.8   142.3   249.6   304.3   334.6   355.8   379.2   407.5   451.9   544.9   737.6  3065.9  55111.2    55020
read      265.2   111.2    80.4   129.4   143.2   251.1   304.9   334.8   355.6   379.0   407.5   452.0   546.1   772.2  2516.6  53327.8    53235
read      270.7   143.6    80.4   129.7   144.1   241.8   296.2   330.3   355.5   385.1   423.7   486.5   718.9  1574.6  3068.7  97556.8    97743
read      222.3    81.4    86.8   154.5   164.9   213.3   233.5   246.5   255.4   267.5   282.7   309.2   376.6  1166.2  2519.9   5450.6     5419
read      249.7    95.8    93.8   153.1   168.1   244.3   272.5   288.1   298.6   313.2   332.3   362.9   430.1   741.9  2750.9  14787.8    14764
read      231.6    77.7    86.8   156.0   167.9   224.2   247.8   261.2   270.5   282.6   297.5   325.6   392.0   782.1  3266.1   7475.8     7451

Total QPS = 53190.5 (15957142 / 300.0s)

Total connections = 64
Misses = 0 (0.0%)
Skipped TXs = 0 (0.0%)

RX 3941414074 bytes :   12.5 MB/s
TX          0 bytes :    0.0 MB/s
Warning! Detected max cpu usage > 95%
CPU Usage Stats (avg/min/max): 99.73%,49.75%,100.00%
