Random waveform, supplied seed
Total number of intervals = 20 (6927, 52892, 98921, 61129, 40613, 53226, 38560, 103465, 104758, 94759, 37799, 8296, 69443, 12517, 43591, 20430, 93758, 10485, 16518, 83230)
Average QPS expected = 52565
Timestamp start: 1778662390234
Timestamp end: 1778662690518

#type       avg     std     min      p5     p10     p50     p67     p75     p80     p85     p90     p95     p99    p999   p9999      QPS   target
read      292.2   321.5   109.4   176.7   191.4   253.8   279.2   293.9   305.8   319.2   341.4   398.1  1224.8  6319.5  9558.3   6935.4     6927
read      344.9   332.4    86.8   145.2   162.3   285.6   349.9   387.5   415.9   452.2   504.4   616.5  1857.6  4255.3  7888.8  52805.2    52892
read      563.4   807.8    86.8   174.1   197.7   320.2   394.0   457.3   533.2   724.2  1183.2  1881.8  4004.0  7790.7  9807.3  98873.9    98921
read      452.9   496.0    86.8   154.4   175.7   330.7   439.5   511.7   568.2   637.8   748.3  1043.4  2604.9  6232.7  8653.5  61107.1    61129
read      329.0   297.6    86.8   147.7   164.6   284.5   339.2   369.3   391.8   419.7   460.1   543.2  1630.9  3527.6  7875.8  40575.9    40613
read      340.2   315.3    80.4   145.1   162.1   285.0   349.3   387.2   415.4   450.9   501.2   601.8  1744.1  3719.5  7994.7  53215.3    53226
read      367.0   381.8    86.8   149.7   168.8   301.8   367.3   403.5   430.8   463.7   508.6   613.5  2224.6  4521.3  7987.0  38590.1    38560
read      579.1   849.0    86.8   178.8   204.8   329.3   395.0   444.8   496.8   620.0  1286.0  2108.0  4349.9  7864.4 10360.9 103472.1   103465
read      556.9   792.3    80.4   176.1   201.4   322.6   384.4   430.0   475.2   578.2  1244.1  2083.6  3696.8  7763.1 10013.0 104724.3   104758
read      571.7   819.1    86.8   174.2   198.3   326.4   398.5   457.4   522.7   678.1  1203.4  2110.2  3822.7  7856.0  9919.5  94590.6    94759
read      379.0   436.5    86.8   150.0   169.0   300.8   364.8   400.5   427.9   461.8   509.4   648.4  2550.2  5200.9  8091.0  37784.4    37799
read      292.4   260.5   101.3   174.0   189.3   257.2   285.1   300.7   313.4   329.4   353.1   418.8  1221.1  3036.4  8003.7   8344.8     8296
read      538.3   678.7    80.4   157.7   178.7   314.8   415.5   507.6   612.1   806.4  1155.6  1852.2  3294.7  7523.6  9102.0  69474.0    69443
read      306.0   264.2   101.3   168.2   186.4   268.4   301.0   319.2   334.1   351.3   376.9   449.0  1352.5  3112.6  7921.0  12498.7    12517
read      382.0   468.8    86.8   148.4   166.5   294.7   358.6   395.8   424.4   460.8   516.4   715.2  2578.7  6138.1  9401.9  43590.1    43591
read      352.6   352.9    93.8   159.6   179.8   293.2   340.3   366.5   386.1   410.2   449.8   640.6  1932.6  3856.8  8046.6  20489.1    20430
read      759.1  1375.6    80.4   173.6   197.2   314.5   429.4   600.1   842.1  1214.6  1561.5  2699.6  9008.8 12150.5 14998.0  93778.6    93758
read      343.6   522.3    93.8   162.9   179.6   259.9   294.5   315.2   331.9   354.2   397.1   732.6  2034.2  7918.6  9593.5  10543.1    10485
read      329.4   299.9    93.8   164.2   184.0   284.5   324.9   346.7   364.3   385.3   416.3   521.0  1591.7  3634.5  7963.6  16506.1    16518
read      583.7   809.0    80.4   167.3   190.7   329.0   430.9   526.5   631.8   823.8  1170.7  2048.9  4343.8  7758.0  9392.1  83327.2    83230

Total QPS = 52561.3 (15768390 / 300.0s)

Total connections = 64
Misses = 0 (0.0%)
Skipped TXs = 0 (0.0%)

RX 3894792330 bytes :   12.4 MB/s
TX          0 bytes :    0.0 MB/s
Warning! Detected max cpu usage > 95%
CPU Usage Stats (avg/min/max): 99.72%,50.25%,100.00%
