Random waveform, supplied seed
Total number of intervals = 60 (6927, 52892, 98921, 61129, 40613, 53226, 38560, 103465, 104758, 94759, 37799, 8296, 69443, 12517, 43591, 20430, 93758, 10485, 16518, 83230, 5484, 55611, 20774, 96726, 32442, 73039, 74055, 51197, 59442, 35654, 78747, 42212, 52488, 36950, 16762, 79473, 61431, 87172, 108181, 80515, 37149, 13444, 72057, 70041, 90162, 52082, 24258, 72013, 58012, 45398, 50177, 34504, 66010, 73937, 55020, 53235, 97743, 5419, 14764, 7451)
Average QPS expected = 53209
Timestamp start: 1778805315638
Timestamp end: 1778805615925

#type       avg     std     min      p5     p10     p50     p67     p75     p80     p85     p90     p95     p99    p999   p9999      QPS   target
read      254.5   267.9   101.3   158.9   170.4   224.7   250.0   264.6   274.5   289.3   308.8   344.2   874.2  4565.3  7909.6   6854.2     6927
read      320.9   270.6    80.4   129.0   143.7   273.0   338.3   383.5   419.1   461.9   517.8   619.2  1143.1  3729.1  7358.1  52849.4    52892
read      667.5   950.3    86.8   196.6   227.2   386.5   487.1   551.8   606.2   688.1  1307.8  3236.3  4649.4  8116.0 10653.0  98788.4    98921
read      372.0   428.4    86.8   132.9   149.0   280.0   354.6   409.7   453.3   506.6   589.5   807.6  2130.1  5748.7  8048.1  60832.4    61129
read      304.7   257.4    80.4   133.5   149.5   275.7   332.6   366.9   393.9   425.5   464.5   528.3   836.7  2773.3 10095.9  40551.8    40613
read      304.9   190.3    80.4   129.2   143.9   269.5   333.9   374.9   408.7   449.5   500.3   585.3   911.3  1985.7  3890.6  53200.6    53226
read      291.7   166.0    80.4   133.0   148.5   271.6   324.1   354.8   379.8   409.1   446.6   503.1   720.2  2031.7  3687.2  38524.6    38560
read      660.8   942.6    86.8   200.9   230.8   385.3   486.9   546.0   590.8   654.8   887.6  3304.7  4304.1  8078.1 10525.4 103397.0   103465
read      662.1   929.6    80.4   212.6   240.7   401.0   503.6   563.6   610.9   681.0  1042.2  3023.1  4404.1  9035.6 11726.8 104938.2   104758
read      630.7   881.5    86.8   182.0   214.8   369.6   475.0   546.8   601.5   684.4  1360.6  2429.5  4033.1  8134.6 11515.7  95036.6    94759
read      324.7   338.7    80.4   136.1   151.9   276.5   333.2   368.6   396.0   429.0   472.6   556.4  1582.1  4693.3  8124.5  37888.8    37799
read      247.7   191.8   101.3   157.7   170.3   230.2   256.9   271.6   282.6   295.0   313.5   343.4   507.0  2821.8  7881.1   8279.6     8296
read      345.6   356.5    74.4   129.3   144.4   266.7   338.7   392.4   436.2   493.2   571.4   722.2  1847.4  4475.9  7849.9  69242.2    69443
read      254.8   104.8    93.8   155.7   170.6   245.0   274.4   291.5   303.9   318.0   338.3   371.0   478.0  1272.0  3123.6  12533.4    12517
read      295.5   183.9    80.4   131.9   147.4   270.7   325.9   358.7   385.2   417.0   458.5   526.3   808.8  2109.7  4958.5  43387.4    43591
read      263.4    95.2    80.4   149.5   165.9   257.5   292.2   310.8   323.5   339.9   361.9   397.2   475.0   865.7  2679.4  20467.8    20430
read      275.7   180.8    80.4   129.5   143.8   241.0   297.9   329.1   352.1   383.2   425.4   497.3   862.3  2121.2  4597.5  93796.2    93758
read      245.8    77.4    93.8   160.5   174.1   238.5   266.1   280.8   291.3   304.1   320.1   346.5   418.2   727.7  3135.1  10432.4    10485
read      260.8    82.2    86.8   155.2   172.0   256.5   288.2   305.0   316.7   331.4   348.7   379.9   447.0   736.2  2518.4  16488.6    16518
read      269.7   159.7    80.4   128.5   142.2   238.1   296.6   327.4   349.3   379.8   420.8   488.3   737.7  1874.1  3865.4  83043.6    83230
read      231.1   100.9   101.3   159.2   169.8   221.2   244.5   258.0   268.5   280.7   296.2   324.3   398.2   748.2  4157.6   5471.8     5484
read      266.8   118.3    80.4   129.9   143.8   249.9   307.2   334.6   354.1   378.0   409.0   457.1   572.0  1072.2  2673.4  55519.0    55611
read      262.8    88.9    93.8   150.3   166.8   259.3   292.4   309.7   321.0   336.9   356.6   389.3   466.2   819.3  2533.3  20684.8    20774
read      277.7   188.3    80.4   130.5   144.9   242.3   298.6   329.5   352.4   383.6   426.2   499.6   878.6  2521.8  4724.7  96972.8    96726
read      271.1    95.9    86.8   141.1   157.1   267.9   309.9   331.1   345.2   364.2   387.9   425.1   504.2   684.2  1735.3  32366.6    32442
read      264.8   132.5    80.4   128.2   141.9   239.3   298.9   329.3   350.8   379.1   416.0   471.2   629.0  1108.9  2753.1  72877.6    73039
read      262.6   131.4    80.4   127.9   141.3   237.3   296.6   327.1   347.9   376.1   413.3   468.3   609.3  1003.6  4179.8  74021.6    74055
read      266.5   112.4    80.4   130.5   144.9   252.7   307.1   333.1   351.3   373.7   403.2   450.3   560.6   971.9  2098.1  51226.0    51197
read      264.5   120.4    74.4   128.5   142.3   245.6   304.1   332.2   351.5   375.8   408.0   458.9   575.1  1041.8  2429.3  59494.0    59442
read      271.5   110.2    80.4   138.5   153.7   265.8   310.1   331.7   346.1   365.7   390.6   428.9   532.0  1081.9  2529.3  35678.2    35654
read      263.6   138.1    80.4   127.8   141.4   236.8   295.7   325.8   346.6   375.1   412.7   470.4   641.7  1322.5  2816.0  78731.4    78747
read      267.2   110.2    80.4   134.4   149.5   260.0   308.2   331.3   346.8   367.7   394.4   434.4   519.0   709.4  2225.6  42182.4    42212
read      264.2   106.0    80.4   129.9   144.0   250.6   305.8   332.1   350.3   373.7   403.2   449.5   543.2   732.4  1537.7  52544.4    52488
read      268.9    97.1    80.4   137.6   152.5   264.5   309.6   331.6   346.4   366.6   392.0   429.9   506.4   676.5  1701.3  36947.2    36950
read      263.4    91.2    86.8   155.5   172.2   258.2   290.7   308.1   319.7   335.1   354.2   387.1   458.9   744.2  2837.2  16806.6    16762
read      263.1   127.4    80.4   127.5   140.8   236.4   295.2   325.6   346.6   375.5   413.1   471.4   654.3  1163.9  2116.5  79457.4    79473
read      264.7   118.5    80.4   129.0   142.9   245.6   304.5   332.8   352.8   378.4   410.9   460.5   572.6   832.3  2742.2  61688.8    61431
read      270.2   169.8    80.4   128.2   142.0   237.8   295.7   326.6   348.9   379.3   419.9   487.4   776.8  1759.6  6116.0  87211.0    87172
read      291.4   202.4    80.4   134.9   150.8   254.4   311.1   343.3   370.0   402.5   449.1   529.8   872.7  2648.1  6181.2 108528.6   108181
read      264.4   133.3    74.4   128.1   141.6   237.2   296.0   326.6   348.3   376.7   414.6   472.7   658.9  1260.4  2732.6  80624.2    80515
read      269.8   106.4    80.4   137.7   152.8   263.9   308.8   330.8   345.9   365.9   391.5   431.3   526.4   867.7  2177.5  37365.8    37149
read      252.5    77.5    86.8   157.3   173.1   245.8   274.5   290.3   301.3   314.9   333.6   365.2   452.3   853.8  3002.1  13531.8    13444
read      263.4   130.0    80.4   127.9   141.4   238.7   298.2   328.4   348.9   376.0   412.1   466.5   604.7  1187.4  3172.6  71974.2    72057
read      263.6   128.0    80.4   127.9   141.4   239.6   299.9   329.8   350.2   376.6   412.0   465.4   595.6  1159.5  3234.9  69808.4    70041
read      265.3   132.0    80.4   129.0   142.9   237.9   294.7   324.9   346.3   375.1   415.6   478.0   684.6  1209.1  2442.8  90241.4    90162
read      267.3   117.2    80.4   130.6   145.0   253.7   308.7   334.7   353.0   375.8   406.0   454.2   563.9   831.9  2003.6  52200.2    52082
read      266.2   101.2    86.8   147.4   164.1   263.5   299.5   317.3   330.7   345.3   367.2   399.6   471.9   672.7  2963.3  24265.6    24258
read      265.5   133.9    80.4   128.6   142.3   240.1   299.5   329.6   351.2   379.2   416.3   470.9   626.7  1273.9  3815.2  72009.0    72013
read      264.3   119.1    80.4   129.5   143.2   247.5   305.7   332.8   351.8   375.7   406.4   453.7   557.2   756.3  2600.7  57957.2    58012
read      268.3   114.7    80.4   133.3   148.0   259.5   310.2   334.2   350.8   371.6   398.1   437.9   534.5   846.7  2785.2  45491.2    45398
read      266.0   111.6    80.4   131.3   145.4   254.5   308.6   333.2   350.1   371.9   400.1   442.8   539.5   798.3  2993.5  49964.8    50177
read      272.1   113.6    80.4   139.6   155.2   267.0   310.5   331.8   346.2   366.1   391.1   429.7   519.0   904.3  2889.4  34529.6    34504
read      265.8   119.8    80.4   129.3   143.2   244.0   303.1   332.4   353.4   380.1   414.6   466.2   594.3  1033.9  2442.9  65762.0    66010
read      268.6   143.3    80.4   129.0   142.9   241.0   300.4   330.9   352.9   381.8   419.6   478.4   663.0  1513.8  3546.5  74012.4    73937
read      269.4   124.3    80.4   132.2   146.9   254.5   310.1   336.5   355.7   379.5   410.2   456.0   555.9   905.7  3866.9  54857.8    55020
read      268.5   114.4    80.4   131.3   145.8   254.6   309.8   336.1   355.0   378.1   408.2   455.5   563.7   928.3  2343.4  53307.8    53235
read      278.8   178.8    80.4   132.1   147.1   245.9   301.9   332.8   356.3   387.2   428.4   497.7   826.9  2226.3  3740.0  98010.4    97743
read      243.0   199.3    93.8   161.1   171.5   224.5   248.9   263.7   274.0   287.9   305.7   337.7   492.3  2471.1  8237.3   5397.0     5419
read      258.2    78.8    93.8   157.4   173.6   253.2   282.6   297.8   310.3   323.7   342.9   373.6   459.0   774.3  2126.2  14709.6    14764
read      241.1    85.3    93.8   161.9   174.4   231.8   257.2   271.4   282.3   294.9   312.9   342.0   425.8   756.3  3305.9   7429.6     7451

Total QPS = 53206.6 (15961967 / 300.0s)

Total connections = 64
Misses = 0 (0.0%)
Skipped TXs = 0 (0.0%)

RX 3942605849 bytes :   12.5 MB/s
TX          0 bytes :    0.0 MB/s
Warning! Detected max cpu usage > 95%
CPU Usage Stats (avg/min/max): 99.73%,49.75%,100.00%
