Random waveform, supplied seed
Total number of intervals = 20 (6927, 52892, 98921, 61129, 40613, 53226, 38560, 103465, 104758, 94759, 37799, 8296, 69443, 12517, 43591, 20430, 93758, 10485, 16518, 83230)
Average QPS expected = 52565
Timestamp start: 1778625308249
Timestamp end: 1778625608530

#type       avg     std     min      p5     p10     p50     p67     p75     p80     p85     p90     p95     p99    p999   p9999      QPS   target
read      322.6   581.6    93.8   156.2   168.6   230.5   259.3   275.6   291.2   311.0   341.8   583.2  2520.9  8052.3 12338.5   6942.5     6927
read      630.4  1143.3    80.4   144.5   166.1   335.1   449.9   526.0   588.8   691.3  1020.5  2205.0  7072.1 11426.3 16269.2  52728.2    52892
read     1068.6  1455.5    86.8   194.3   223.6   395.8   591.6  1453.0  1739.9  2489.3  2952.0  3909.9  6943.5 11181.5 18727.0  98824.7    98921
read      932.9  1360.2    86.8   187.7   215.4   380.3   565.3   981.4  1465.4  1723.1  2495.2  3513.0  7079.8 12061.9 19373.4  61164.3    61129
read      757.9  1403.3    80.4   152.9   172.6   324.4   506.8   692.3   896.2  1171.9  1544.9  2387.8  8730.6 14304.0 18262.6  40659.1    40613
read      713.2  1471.3    80.4   145.7   167.3   333.2   455.3   544.0   630.4   801.1  1240.6  2429.2  8100.1 15360.8 21822.1  53083.7    53226
read      382.0   456.7    80.4   138.3   156.4   312.5   392.2   433.5   463.2   498.3   544.6   640.2  2290.0  6861.3 10549.4  38515.8    38560
read     1127.8  1696.1    86.8   191.6   221.6   396.8   613.2  1424.5  1686.7  2374.5  2942.8  4174.2  9183.6 12870.4 16653.5 103468.7   103465
read     1040.2  1422.1    86.8   190.9   219.4   391.9   588.8  1441.9  1686.4  2177.8  2841.3  3842.1  6993.1 11527.5 15906.3 104709.3   104758
read     1068.3  1572.0    86.8   191.3   220.0   392.7   605.1  1383.4  1642.2  2025.6  2826.8  3945.2  8411.5 12336.3 15816.2  94821.8    94759
read     1078.2  1676.0    86.8   181.0   206.7   373.2   551.1  1146.2  1621.8  2247.2  2935.3  4167.0  8404.8 12665.2 16360.7  37804.1    37799
read     1300.0  2034.6    86.8   174.1   199.6   391.6   738.3  1460.7  1784.9  2586.6  3482.8  7095.2  8638.2 14403.2 16853.1   8278.5     8296
read      758.6  1243.9    80.4   152.6   171.1   313.4   432.1   572.8   806.1  1332.1  1921.0  3108.1  6821.4 10803.7 15461.9  69543.0    69443
read      528.7  1006.8    80.4   137.4   151.2   245.2   324.0   398.2   489.3   681.7  1050.3  1894.6  7228.9  9146.7 11912.0  12531.4    12517
read      398.3   579.6    80.4   138.7   157.2   313.9   399.4   445.3   477.9   516.5   569.6   674.9  2349.8  8828.5 11971.2  43542.7    43591
read      326.6   320.3    86.8   144.9   162.5   280.9   334.2   361.4   380.9   403.4   435.1   511.4  1666.3  3668.6  8014.3  20374.9    20430
read     1004.1  1412.4    80.4   174.6   201.0   352.4   500.9  1226.1  1663.6  2487.6  2902.9  3884.9  6768.0 10160.5 12803.7  93747.4    93758
read      503.9  1228.6    86.8   141.5   155.4   237.9   285.8   319.0   349.5   406.2   562.8  1307.7  7857.3 10261.2 15632.3  10507.3    10485
read      315.7   290.2    86.8   146.7   163.7   270.1   318.9   343.8   362.9   385.9   418.8   503.4  1596.1  3110.2  7923.4  16504.9    16518
read      996.2  1462.6    86.8   181.4   208.6   359.9   485.6   697.1  1533.4  2270.0  2934.7  4049.6  6862.3  9215.1 13062.5  67066.7    83230

Total QPS = 51740.9 (15522285 / 300.0s)

Total connections = 64
Misses = 0 (0.0%)
Skipped TXs = 0 (0.0%)

RX 3834004395 bytes :   12.2 MB/s
TX          0 bytes :    0.0 MB/s
Warning! Detected max cpu usage > 95%
CPU Usage Stats (avg/min/max): 99.73%,49.75%,100.00%
