Random waveform, supplied seed
Total number of intervals = 20 (6927, 52892, 98921, 61129, 40613, 53226, 38560, 103465, 104758, 94759, 37799, 8296, 69443, 12517, 43591, 20430, 93758, 10485, 16518, 83230)
Average QPS expected = 52565
Timestamp start: 1778807287675
Timestamp end: 1778807587953

#type       avg     std     min      p5     p10     p50     p67     p75     p80     p85     p90     p95     p99    p999   p9999      QPS   target
read      247.8   234.5    93.8   159.2   170.2   224.2   249.3   264.4   274.8   289.2   308.0   340.9   684.3  3618.5  8009.8   6910.1     6927
read      334.2   393.6    80.4   130.5   145.8   272.5   337.5   378.2   411.6   451.5   503.7   616.4  1552.3  6728.3  9769.4  52870.0    52892
read      651.5  1146.0    80.4   158.1   181.2   295.1   354.5   400.1   450.6   637.0  1514.1  3080.5  6345.5  8854.8 12559.2  98743.7    98921
read      329.5   326.2    80.4   129.1   144.0   265.6   334.5   379.7   416.9   459.6   516.7   642.0  1580.2  4183.5  7911.1  61147.7    61129
read      303.0   189.3    80.4   134.4   150.7   277.0   333.8   366.4   392.8   424.4   464.3   531.5   852.4  2340.3  6472.6  40622.4    40613
read      313.2   254.3    80.4   129.2   144.2   268.8   333.2   371.6   403.3   439.9   487.0   573.4  1273.4  3135.8  7467.5  53129.8    53226
read      297.0   169.4    80.4   134.4   150.7   274.4   328.9   359.3   383.2   413.0   451.3   511.2   834.5  2032.8  3482.6  38626.4    38560
read      677.0  1122.8    80.4   159.6   183.6   296.5   357.3   406.8   469.7  1178.1  1686.8  3088.8  6178.9  8826.5 12446.9 103370.7   103465
read      664.1  1148.3    80.4   162.8   186.9   299.5   356.4   398.5   440.9   547.9  1646.4  3099.5  6239.6  8699.2 12467.3 104818.9   104758
read      632.2  1118.1    80.4   158.4   181.0   290.2   345.4   387.5   428.4   521.1  1502.6  2954.4  6240.1  8657.2 11510.0  94787.5    94759
read      319.9   339.4    80.4   135.5   152.0   270.4   327.7   361.6   389.0   423.3   467.7   549.5  1443.1  5146.5  8095.5  37727.5    37799
read      242.3   108.1    93.8   160.0   171.7   229.1   255.2   270.5   281.8   295.1   313.9   344.3   485.7  1380.7  3559.4   8338.8     8296
read      333.2   338.6    80.4   127.3   141.7   262.7   335.2   384.5   424.2   469.6   533.9   673.5  1666.1  4206.7  7992.6  69348.7    69443
read      258.4   140.7    86.8   157.0   172.0   244.3   275.1   292.1   304.4   318.4   339.1   373.5   544.6  1794.8  5732.3  12548.9    12517
read      293.2   155.3    80.4   133.2   148.9   272.2   330.4   362.2   386.9   416.6   453.0   507.8   728.8  1691.9  3119.4  43577.4    43591
read      273.3   115.1    86.8   150.5   167.3   265.3   303.4   322.9   337.7   355.1   377.6   418.2   523.5  1193.5  3201.6  20425.7    20430
read      505.4   703.4    80.4   145.6   165.4   292.3   379.8   458.2   539.8   688.0  1038.5  1663.2  3428.3  7769.3 10887.0  93750.2    93758
read      247.4    84.8    93.8   159.3   172.8   237.7   266.5   282.2   293.4   307.7   325.4   356.6   437.7  1040.5  3003.8  10482.6    10485
read      266.3   128.8    86.8   154.3   170.6   256.5   290.4   308.7   320.9   337.3   358.5   395.1   507.5  1476.9  5878.9  16467.7    16518
read      361.9   444.1    80.4   129.8   144.9   259.8   336.9   397.2   445.2   503.5   590.6   804.1  2187.6  5875.6  9468.9  83388.8    83230

Total QPS = 52554.2 (15766251 / 300.0s)

Total connections = 64
Misses = 0 (0.0%)
Skipped TXs = 0 (0.0%)

RX 3894263997 bytes :   12.4 MB/s
TX          0 bytes :    0.0 MB/s
Warning! Detected max cpu usage > 95%
CPU Usage Stats (avg/min/max): 99.72%,49.50%,100.00%
