Random waveform, supplied seed
Total number of intervals = 20 (6927, 52892, 98921, 61129, 40613, 53226, 38560, 103465, 104758, 94759, 37799, 8296, 69443, 12517, 43591, 20430, 93758, 10485, 16518, 83230)
Average QPS expected = 52565
Timestamp start: 1778671152441
Timestamp end: 1778671452716

#type       avg     std     min      p5     p10     p50     p67     p75     p80     p85     p90     p95     p99    p999   p9999      QPS   target
read      267.7   148.8   109.4   181.8   198.0   260.2   281.6   292.8   301.0   311.6   323.2   345.0   430.4  1970.6  7776.0   6947.7     6927
read      306.6   160.9    93.8   156.3   171.9   286.6   346.9   376.6   397.3   422.1   453.9   503.5   650.4  2099.6  3968.8  52924.3    52892
read      295.4   134.4    86.8   161.3   177.5   275.1   328.8   358.6   378.6   400.6   428.5   469.7   613.2  1271.4  4042.2  98811.5    98921
read      288.8   123.5    93.8   155.9   171.6   274.5   334.6   361.2   377.8   395.9   418.5   452.1   528.4   761.3  4038.5  61105.1    61129
read      300.2   136.9    93.8   159.8   175.5   292.4   343.7   368.2   385.2   403.2   428.2   464.6   548.5  1411.6  4725.4  40629.2    40613
read      303.6   146.9    93.8   155.8   171.4   285.1   345.0   374.3   395.1   419.2   449.9   498.8   628.0  1680.7  3902.6  53257.3    53226
read      296.4   133.3    93.8   159.6   175.1   290.9   340.4   363.7   379.2   397.0   419.9   454.1   532.3  1150.8  3408.3  38608.5    38560
read      304.4   159.3    86.8   164.8   182.3   282.3   335.1   364.9   385.6   408.4   436.8   484.9   662.1  1796.7  5061.1 103456.7   103465
read      301.0   143.9    86.8   163.8   181.0   281.0   333.5   362.8   383.1   405.2   433.8   477.6   611.2  1632.7  4068.3 104877.0   104758
read      293.9   126.2    86.8   160.5   176.5   273.8   328.4   358.6   378.7   400.5   428.0   468.6   598.8  1319.9  3204.0  94704.6    94759
read      298.1   117.9    93.8   160.9   176.3   293.0   342.3   365.4   381.0   398.6   422.1   457.2   539.5  1130.3  2759.2  37785.9    37799
read      265.3   116.7   109.4   178.8   195.3   259.5   281.4   293.0   301.6   312.5   325.5   347.3   424.8  1420.8  5480.2   8288.4     8296
read      292.6   135.3    86.8   154.5   169.9   271.6   332.9   362.7   382.2   403.0   431.2   475.0   597.8  1310.2  4101.4  69323.8    69443
read      273.1    89.3   101.3   177.4   194.8   270.2   295.2   308.8   317.5   329.3   343.2   367.3   429.6  1055.8  3097.4  12502.5    12517
read      296.5   128.2    93.8   156.5   172.1   285.8   340.3   366.2   383.9   403.2   429.4   467.3   555.0  1335.5  3443.4  43642.3    43591
read      291.1   108.7   101.3   173.9   191.2   289.8   322.1   338.6   349.6   363.6   379.6   403.9   471.0  1225.8  3161.7  20395.6    20430
read      292.6   151.7    86.8   159.0   175.2   271.7   325.9   356.0   375.8   397.8   425.1   465.6   598.8  1418.1  4168.4  93856.3    93758
read      272.2   176.3    86.8   177.2   194.0   263.7   287.7   299.9   309.5   319.1   334.7   358.2   442.9  2118.6  8111.3  10430.5    10485
read      280.6   100.3    93.8   174.1   191.4   279.4   308.3   322.5   333.7   344.9   361.8   386.3   447.2   943.1  3646.5  16513.1    16518
read      288.3   130.3    86.8   155.1   171.0   267.6   325.8   356.6   376.3   397.5   423.7   462.5   576.5  1229.2  3865.8  83225.9    83230

Total QPS = 52564.3 (15769294 / 300.0s)

Total connections = 64
Misses = 0 (0.0%)
Skipped TXs = 0 (0.0%)

RX 3895015618 bytes :   12.4 MB/s
TX          0 bytes :    0.0 MB/s
Warning! Detected max cpu usage > 95%
CPU Usage Stats (avg/min/max): 99.73%,50.00%,100.00%
