#type       avg     std     min      p5     p10     p50     p67     p75     p80     p85     p90     p95     p99    p999   p9999      QPS   target       ts_start         ts_end
read      205.3    56.2    93.8   144.3   153.8   196.5   216.4   228.9   237.7   250.2   267.2   294.5   358.7   504.1  2574.1   4799.0     5000  1778341075214  1778341077469
read      246.3    80.6    86.8   139.4   154.2   243.7   277.5   294.2   306.6   319.9   338.8   366.8   430.1   609.3  1251.4  15068.0    15000  1778341078974  1778341081217
read      275.8    97.4    80.4   132.9   148.6   278.7   320.9   342.9   358.3   374.4   396.7   429.3   504.4   630.9  1610.6  25263.0    25000  1778341082722  1778341084923
read      292.5   128.6    86.8   132.4   148.2   288.5   342.9   370.3   389.6   411.4   439.0   480.8   573.6   943.5  2556.3  34997.5    35000  1778341086428  1778341088628
read      297.5   123.5    80.4   131.6   147.9   286.4   347.4   381.5   404.1   431.9   465.9   514.9   609.0   755.9  1179.5  44648.0    45000  1778341090133  1778341092335
read      320.0   156.0    80.4   136.7   154.7   301.4   369.5   406.7   434.3   466.1   505.8   567.1   705.6  1395.1  4124.5  55259.0    55000  1778341093840  1778341096040
read      363.7   208.0    80.4   145.2   168.3   327.6   404.9   454.0   489.6   531.6   586.3   679.6  1056.1  1599.8  7092.0  64791.5    65000  1778341097544  1778341099746
read      900.6   385.4   127.6   576.9   643.0   801.6   865.0   921.4  1004.5  1259.9  1433.6  1572.2  1769.2  7105.5  7571.0  71539.5    75000  1778341101250  1778341103451
read      960.9   423.9   137.8   694.8   728.4   845.8   893.4   926.9   962.7  1342.3  1562.3  1681.9  1848.1  7273.6  9076.5  68720.4    85000  1778341104956  1778341107158
read      962.4   414.5   109.4   683.6   724.2   853.7   906.3   935.8   985.0  1302.4  1554.9  1685.5  1855.1  7187.2  9710.4  68579.5    95000  1778341108662  1778341110863
read      916.4   392.3   137.8   656.1   696.0   803.8   853.3   885.8   934.6  1322.6  1493.7  1594.7  1738.6  7177.9  9535.8  71933.8   105000  1778341112368  1778341114566
read      993.5   427.4   127.6   707.9   754.0   880.1   930.0   970.3  1009.3  1295.7  1600.7  1728.3  1905.4  7305.4  8572.7  66684.3   115000  1778341116070  1778341118271
read      944.0   410.5   173.5   669.7   706.3   832.4   882.3   921.8   956.8  1320.9  1522.2  1652.6  1833.6  7232.4  8061.2  70035.4   125000  1778341119777  1778341121979
Warning! Detected max cpu usage > 95%
CPU Usage Stats (avg/min/max): 50.75%,1.51%,100.00%
