#type       avg     std     min      p5     p10     p50     p67     p75     p80     p85     p90     p95     p99    p999   p9999      QPS   target       ts_start         ts_end
read      207.9    68.6    93.8   147.2   157.2   198.5   217.0   229.5   238.7   251.1   267.8   294.2   355.8   751.6  2882.9   4955.0     5000  1778341206526  1778341208793
read      239.8    83.7    86.8   143.6   160.6   234.3   264.0   279.2   290.3   303.5   320.4   346.7   417.9   683.6  1819.6  14752.0    15000  1778341210298  1778341212540
read      255.5    81.8    86.8   139.0   153.0   257.6   291.7   308.6   319.5   334.2   351.6   379.4   445.3   732.8  1474.2  25312.0    25000  1778341214043  1778341216243
read      265.9    99.1    80.4   132.8   147.7   267.5   309.7   329.5   342.6   359.5   380.0   413.9   499.7   795.9  1975.2  35207.0    35000  1778341217747  1778341219947
read      270.1   135.6    80.4   129.4   143.5   270.1   317.8   339.2   354.1   370.8   393.3   427.2   508.5  1131.4  3694.3  44915.0    45000  1778341221452  1778341223653
read      271.3   109.8    80.4   130.5   145.2   264.9   322.0   347.4   364.6   384.0   407.5   446.1   530.0   719.8  2378.4  54858.5    55000  1778341225157  1778341227358
read      275.6   123.7    80.4   132.0   146.8   262.9   322.6   350.5   369.5   391.6   419.1   463.1   575.6   846.4  3582.7  65058.4    65000  1778341228862  1778341231066
read      272.3   115.4    80.4   130.7   145.6   254.7   315.4   345.7   366.7   390.8   422.0   469.7   583.3   858.7  1468.6  75288.5    75000  1778341232570  1778341234770
read      291.0   136.6    80.4   135.2   151.3   270.7   332.7   364.4   387.2   414.3   452.0   515.5   679.4  1099.5  2726.2  84825.8    85000  1778341236274  1778341238475
read      301.5   139.0    74.4   143.8   162.6   283.9   340.6   371.2   393.4   419.8   454.8   511.5   673.9  1330.3  4051.3  94720.4    95000  1778341239979  1778341242182
read      305.1   142.6    74.4   144.3   163.0   283.2   341.5   374.5   399.8   430.6   471.4   540.1   710.3  1063.0  2586.9 104485.9   105000  1778341243686  1778341245890
read      507.2   240.0    86.8   206.4   254.4   464.0   541.4   601.5   668.6   764.2   863.1   965.6  1114.0  1366.1  7065.8 110352.4   115000  1778341247394  1778341249597
read      544.3   220.7    93.8   295.5   328.8   490.0   593.4   669.6   721.6   780.1   851.6   940.4  1084.1  1330.1  6206.7 115633.9   125000  1778341251100  1778341253303
Warning! Detected max cpu usage > 95%
CPU Usage Stats (avg/min/max): 50.50%,1.00%,100.00%
