#type       avg     std     min      p5     p10     p50     p67     p75     p80     p85     p90     p95     p99    p999   p9999      QPS   target       ts_start         ts_end
read      204.0    69.9   101.3   143.7   153.7   195.4   214.8   227.3   236.0   248.2   263.3   286.7   340.6   438.3  3772.2   4963.0     5000  1778341337847  1778341340101
read      255.7    86.3    86.8   140.8   157.7   256.0   289.1   306.0   317.7   332.6   350.1   378.4   435.5   520.7  3844.3  15076.5    15000  1778341341606  1778341343853
read      285.2   141.0    80.4   134.6   151.6   285.2   329.7   352.3   367.9   386.5   409.2   447.6   524.6   682.7  7540.1  24935.9    25000  1778341345358  1778341347558
read      284.5   110.6    80.4   129.2   144.4   279.3   336.0   364.3   383.7   404.4   431.6   470.9   550.2   678.9  1102.9  34861.5    35000  1778341349062  1778341351263
read      310.4   134.7    80.4   128.8   145.2   300.0   366.7   402.4   427.6   456.6   492.2   541.2   646.4   817.9  1259.2  45123.9    45000  1778341352766  1778341354970
read      325.8   166.1    80.4   132.2   148.5   300.0   385.5   430.4   461.9   497.0   538.5   598.5   729.0   999.1  2244.3  54937.0    55000  1778341356474  1778341358675
read      357.0   193.8    80.4   136.4   154.4   314.5   415.6   471.7   509.2   550.5   604.9   696.5   953.5  1397.9  2025.9  64687.0    65000  1778341360179  1778341362381
read     1006.3  1919.2    86.8   178.7   202.0   332.5   386.1   421.1   452.5   508.5  5297.5  6293.1  7418.9  9444.8 12497.7  67150.0    75000  1778341363885  1778341366085
read      871.1  1737.2    86.8   165.5   186.2   281.5   330.0   362.7   391.8   440.0  2912.9  6065.0  7373.7  9247.1 14261.5  76206.0    85000  1778341367590  1778341369793
read      998.4  1916.9    93.8   177.1   199.0   331.0   384.4   417.2   444.8   493.3  5560.7  6294.2  7191.6  9108.9 10768.6  68000.5    95000  1778341371298  1778341373496
read      876.0  1801.9    86.8   161.5   185.7   286.8   320.5   343.0   363.8   396.5  2968.3  6208.4  7340.8  9190.5 10333.1  77559.5   105000  1778341375001  1778341377200
read      909.4  1828.0    86.8   171.4   194.8   290.0   339.2   372.3   401.3   451.4  3306.4  6221.7  7438.5  9377.9 12227.8  74551.0   115000  1778341378705  1778341380905
read      940.0  1868.4    86.8   169.4   194.3   303.3   349.3   381.8   410.2   460.1  3469.8  6248.8  7562.5  9429.7 11840.6  72429.5   125000  1778341382409  1778341384609
Warning! Detected max cpu usage > 95%
CPU Usage Stats (avg/min/max): 51.26%,2.51%,100.00%
