Random waveform, supplied seed
Total number of intervals = 20 (6927, 52892, 98921, 61129, 40613, 53226, 38560, 103465, 104758, 94759, 37799, 8296, 69443, 12517, 43591, 20430, 93758, 10485, 16518, 83230)
Average QPS expected = 52565
Timestamp start: 1778680081378
Timestamp end: 1778680381651

#type       avg     std     min      p5     p10     p50     p67     p75     p80     p85     p90     p95     p99    p999   p9999      QPS   target
read      270.7   161.2   109.4   180.4   196.8   259.9   282.0   293.6   302.7   313.8   328.3   354.3   495.8  2324.3  7505.0   6928.3     6927
read      292.6   155.2    86.8   155.5   171.0   278.3   334.8   359.5   374.8   393.2   415.6   451.9   563.5  1971.3  6046.7  52918.3    52892
read      298.3   165.3    86.8   158.6   174.9   270.1   323.7   354.6   375.3   399.3   430.2   484.6   796.5  2075.9  4363.9  98974.0    98921
read      285.2   116.8    86.8   153.1   168.3   270.0   329.9   356.4   372.7   391.5   413.9   449.8   544.5   853.0  3361.2  61006.4    61129
read      289.8   104.8    93.8   160.0   175.6   288.4   334.3   354.8   368.0   383.5   401.4   431.3   502.7   769.6  2746.1  40551.7    40613
read      286.5   125.2    86.8   154.5   169.8   275.8   332.2   356.3   371.3   388.9   408.8   441.7   531.9   866.9  3631.0  53303.0    53226
read      290.3   107.2    86.8   160.7   176.1   290.1   334.3   354.0   366.9   381.8   399.8   429.5   500.9   815.9  3067.4  38508.8    38560
read      306.9   174.8    86.8   162.2   178.9   277.3   330.5   361.3   383.0   407.7   440.9   503.4   869.1  2060.8  4361.5 103465.9   103465
read      311.0   191.3    80.4   162.3   179.2   278.0   331.2   362.3   384.6   410.3   445.1   510.8   957.9  2415.0  5240.2 104805.3   104758
read      288.2   119.3    86.8   158.1   174.4   268.6   322.1   352.6   372.7   395.1   422.4   462.9   580.6   951.4  2990.9  94744.0    94759
read      293.8    98.6    86.8   163.6   179.9   295.2   339.1   358.8   371.1   386.4   402.8   431.4   492.8   652.0  2588.9  37774.9    37799
read      269.8    96.7   101.3   179.8   197.8   267.0   289.7   301.8   310.9   320.0   335.5   358.1   413.6   959.3  3125.0   8318.0     8296
read      285.0   125.1    86.8   153.8   169.2   267.8   327.6   356.0   373.3   392.5   415.5   450.6   539.9   812.7  4285.9  69439.2    69443
read      277.3    91.4    93.8   178.5   197.0   276.5   301.2   314.4   323.2   335.5   348.4   371.5   428.2   921.9  3524.7  12504.4    12517
read      290.8   105.1    93.8   159.3   175.3   287.7   337.7   359.3   372.8   389.0   406.3   434.8   501.3   650.9  2899.6  43681.6    43591
read      288.6   105.3    93.8   173.6   191.2   290.1   320.1   335.8   345.7   359.2   373.2   398.3   456.0   882.1  5191.0  20427.2    20430
read      290.9   131.1    86.8   158.5   174.7   270.5   324.5   355.0   375.2   397.8   425.7   467.0   595.0  1104.4  3812.1  93597.6    93758
read      272.1    92.4   101.3   179.0   197.1   270.5   294.3   307.3   315.8   326.5   340.5   363.6   419.1   917.8  3178.5  10448.3    10485
read      283.9    84.0   101.3   176.1   194.4   284.6   312.5   326.8   337.0   347.4   364.0   387.6   440.5   897.8  2497.6  16528.9    16518
read      283.3   121.0    86.8   153.8   169.3   264.4   321.1   351.4   370.7   391.7   416.7   454.7   548.8   832.4  3337.3  83266.6    83230

Total QPS = 52559.6 (15767887 / 300.0s)

Total connections = 64
Misses = 0 (0.0%)
Skipped TXs = 0 (0.0%)

RX 3894668089 bytes :   12.4 MB/s
TX          0 bytes :    0.0 MB/s
Warning! Detected max cpu usage > 95%
CPU Usage Stats (avg/min/max): 99.72%,50.25%,100.00%
