Random waveform, supplied seed
Total number of intervals = 120 (6927, 52892, 98921, 61129, 40613, 53226, 38560, 103465, 104758, 94759, 37799, 8296, 69443, 12517, 43591, 20430, 93758, 10485, 16518, 83230, 5484, 55611, 20774, 96726, 32442, 73039, 74055, 51197, 59442, 35654, 78747, 42212, 52488, 36950, 16762, 79473, 61431, 87172, 108181, 80515, 37149, 13444, 72057, 70041, 90162, 52082, 24258, 72013, 58012, 45398, 50177, 34504, 66010, 73937, 55020, 53235, 97743, 5419, 14764, 7451, 48208, 16149, 78989, 18886, 75954, 44409, 16431, 85707, 58253, 103867, 21604, 90401, 84467, 99700, 32052, 18173, 67789, 51929, 83850, 18614, 29315, 108090, 27024, 49907, 9150, 34328, 51881, 14569, 81517, 78694, 93409, 39093, 18729, 70818, 21942, 91810, 39588, 40957, 62645, 15539, 107672, 32954, 58866, 23739, 54701, 60706, 72350, 58661, 34912, 103268, 38703, 83358, 57408, 86837, 33517, 66204, 73758, 99742, 109462, 94453)
Average QPS expected = 55318
Timestamp start: 1778918088915
Timestamp end: 1778919889221

#type       avg     std     min      p5     p10     p50     p67     p75     p80     p85     p90     p95     p99    p999   p9999      QPS   target
read      233.6    91.2    93.8   155.5   167.5   224.9   250.3   264.6   273.7   286.2   300.7   325.4   398.4   935.0  3116.9   6862.8     6927
read      275.7   127.6    74.4   128.7   143.4   256.9   315.4   347.1   372.5   400.7   435.6   487.7   593.2   889.6  2900.7  52912.7    52892
read      254.5   135.9    74.4   126.6   141.1   231.1   281.7   309.1   328.8   353.0   386.3   436.9   599.0  1583.3  3682.1  98874.3    98921
read      257.0   103.9    74.4   128.1   142.4   240.3   297.3   324.4   342.9   365.9   393.8   432.7   514.7   690.3  1887.9  61151.4    61129
read      277.0   111.6    74.4   136.8   152.3   268.0   319.7   345.8   365.8   388.1   415.2   455.4   540.5   806.5  2906.2  40585.7    40613
read      276.0   124.3    74.4   129.6   144.4   257.5   316.2   347.8   372.8   401.3   435.5   485.4   589.0   897.5  2632.2  53117.7    53226
read      276.8   112.4    74.4   136.7   152.0   268.2   319.2   345.0   365.1   387.8   415.2   455.0   538.8   795.8  2070.9  38604.4    38560
read      254.2   126.3    74.4   127.6   142.0   232.2   282.2   309.3   328.7   352.2   384.5   433.8   581.5  1571.4  3005.8 103388.6   103465
read      251.0   116.7    74.4   126.9   141.3   231.3   280.5   307.2   326.0   348.6   380.2   429.3   556.9  1055.1  2561.1 104913.8   104758
read      247.4   109.4    68.9   124.4   138.7   227.2   278.4   305.8   324.8   347.2   379.0   427.1   543.3   918.2  2064.8  94703.6    94759
read      278.5   151.7    74.4   135.2   150.7   265.4   315.1   340.8   360.3   383.0   410.7   453.4   570.3  2108.3  4412.0  37916.6    37799
read      232.9   146.1    86.8   150.1   162.0   220.2   246.2   261.5   271.4   283.6   297.5   321.8   413.4  1878.4  7487.7   8290.2     8296
read      282.7   214.2    74.4   121.4   135.4   242.1   307.1   344.7   376.1   413.6   460.6   533.1   796.5  2934.5  6628.3  69412.4    69443
read      241.7    93.9    80.4   149.1   162.5   233.4   265.6   281.1   291.8   304.5   319.5   345.2   414.2  1154.2  2759.1  12504.9    12517
read      275.5   152.4    74.4   129.4   144.2   257.6   312.9   342.0   364.3   389.7   420.0   464.0   577.7  2088.8  3980.3  43631.3    43591
read      261.3   107.7    80.4   144.9   160.8   257.3   293.2   311.3   323.3   338.4   358.1   389.4   462.1  1226.5  3072.7  20439.2    20430
read      260.0   182.5    74.4   124.4   139.0   229.1   282.0   310.8   331.8   358.1   394.6   456.6   756.3  2317.6  6716.9  93794.5    93758
read      247.7   135.7    86.8   154.6   168.6   236.7   267.0   281.9   292.3   305.1   320.3   346.9   434.3  1861.9  7027.5  10489.3    10485
read      260.9   111.2    86.8   151.0   166.7   255.0   288.7   305.8   317.4   332.1   349.5   380.2   458.7  1456.5  3831.9  16496.1    16518
read      319.5   296.6    74.4   125.7   140.6   248.8   315.9   364.1   406.5   464.4   544.3   702.6  1415.7  3559.1  7684.9  83130.9    83230
read      218.3    98.4    86.8   148.2   158.2   208.4   229.9   243.2   253.6   265.8   280.4   305.2   375.5  1258.5  3889.1   5491.3     5484
read      287.4   204.6    74.4   127.9   142.3   257.4   317.8   352.6   379.6   410.8   450.0   508.2   747.4  2804.5  6993.1  55566.9    55611
read      267.8   113.3    80.4   149.1   165.4   262.3   298.4   316.6   330.0   344.8   366.7   398.7   480.7  1426.8  3323.0  20792.7    20774
read      255.6   141.1    74.4   126.7   141.1   231.1   282.3   309.8   329.6   353.6   386.8   438.2   616.4  1738.1  3716.9  96683.3    96726
read      272.3   120.3    74.4   137.4   152.5   263.3   308.8   332.3   348.8   370.1   396.8   436.1   542.5  1289.2  2919.4  32426.1    32442
read      296.4   239.8    74.4   123.5   137.9   247.2   313.3   355.9   391.7   435.5   493.0   584.2   975.8  3166.1  7590.2  72951.9    73039
read      292.6   246.0    68.9   122.2   136.3   243.4   309.3   350.1   385.7   429.1   484.2   573.5   937.7  3339.8  7455.6  73971.3    74055
read      277.9   162.4    74.4   126.8   141.0   254.9   312.4   343.9   369.0   397.7   433.8   488.5   637.4  2077.2  3707.0  51245.9    51197
read      286.4   206.9    68.9   124.1   138.3   252.4   311.8   346.8   376.5   412.6   458.7   530.3   803.1  2864.2  5588.3  59488.8    59442
read      272.2   170.2    74.4   132.7   147.6   257.7   304.2   328.4   345.7   368.0   396.4   439.2   585.1  2164.0  7599.0  35599.7    35654
read      309.6   288.1    68.9   124.1   138.5   247.0   313.5   358.8   399.0   451.3   520.0   639.7  1212.9  3951.0  7621.6  78877.1    78747
read      269.8   145.7    74.4   128.8   143.1   254.1   306.2   333.6   353.6   377.5   406.8   451.3   560.7  1879.6  3486.0  42208.5    42212
read      286.5   210.8    74.4   127.2   141.5   256.3   314.5   347.6   373.9   404.0   443.4   503.9   792.7  2913.8  7177.2  52384.1    52488
read      275.1   146.6    80.4   133.6   148.7   262.2   311.1   336.6   355.3   377.4   404.3   446.3   558.6  2009.3  4139.4  36972.9    36950
read      257.2   110.6    80.4   149.6   165.0   250.0   283.6   300.0   312.2   325.8   344.1   374.1   456.9  1462.9  3704.5  16781.3    16762
read      316.4   293.9    74.4   126.0   140.6   249.1   316.1   363.5   404.3   458.8   531.1   668.7  1389.8  3618.8  7719.8  79669.5    79473
read      280.8   188.1    74.4   124.3   138.5   248.2   310.7   346.1   375.4   408.6   450.3   510.7   734.5  2566.8  4701.1  61457.5    61431
read      257.5   149.8    74.4   125.4   139.6   230.2   284.7   313.7   334.9   360.9   395.2   451.5   651.9  1770.2  4812.9  87186.1    87172
read      254.2   117.4    68.9   128.9   143.7   233.9   282.9   309.6   328.8   352.3   384.2   433.1   565.6  1197.7  2624.5 108274.6   108181
read      250.4   105.4    74.4   125.3   139.4   229.8   284.9   313.3   333.1   356.6   387.3   432.4   536.9   822.8  1925.0  80326.4    80515
read      278.2   139.8    80.4   136.7   151.8   265.9   315.3   340.7   360.0   382.5   410.0   453.3   564.7  1890.8  3192.2  37112.9    37149
read      247.2    90.3    80.4   151.3   165.6   239.9   272.1   287.9   298.3   311.9   328.4   355.8   427.0  1030.6  2404.6  13493.8    13444
read      314.0   295.0    74.4   126.9   141.4   254.0   321.2   367.6   405.0   452.5   514.3   624.3  1303.8  3681.9  7992.3  72116.5    72057
read      303.3   244.8    74.4   127.4   141.7   252.9   319.3   363.4   399.2   443.5   500.0   590.7  1038.4  3240.4  7269.9  70054.8    70041
read      260.1   186.2    74.4   126.4   140.6   231.3   284.6   313.0   333.5   358.3   391.7   445.6   641.9  2823.4  6565.7  90253.8    90162
read      260.5   105.1    68.9   130.8   145.7   249.8   301.4   325.8   342.8   363.9   390.3   429.2   506.0   642.5  2457.3  52186.7    52082
read      271.1   116.4    80.4   144.7   161.5   265.9   304.8   324.1   338.5   355.6   377.6   413.2   498.4  1386.5  3387.9  24257.8    24258
read      304.6   256.9    74.4   126.5   140.9   251.8   318.6   365.0   402.7   450.1   510.2   608.6  1012.0  3307.0  7807.3  71989.1    72013
read      295.4   206.8    74.4   129.4   144.0   259.9   322.9   361.4   391.3   426.9   470.6   541.9   840.0  2802.4  6542.5  57936.2    58012
read      283.9   150.3    80.4   132.7   148.0   264.6   321.2   352.9   376.5   403.4   436.7   486.9   620.1  1820.6  3742.3  45459.9    45398
read      282.3   169.3    74.4   128.7   143.0   258.4   316.0   348.9   374.5   404.1   440.7   495.1   646.3  2270.7  4149.1  50129.1    50177
read      280.6   140.9    80.4   138.4   153.7   268.9   317.7   343.5   363.5   386.3   414.2   456.7   563.2  1758.3  3236.4  34524.1    34504
read      303.8   240.7    74.4   128.0   142.4   256.6   323.1   366.6   400.6   443.4   498.1   585.9   984.6  3157.0  7246.2  66096.6    66010
read      312.5   273.0    68.9   127.6   141.9   253.4   320.9   368.4   408.3   458.6   524.8   635.9  1154.4  3470.2  7752.9  73860.1    73937
read      298.8   223.8    74.4   129.8   144.6   262.1   324.6   362.8   391.7   425.8   468.4   539.7   927.7  2976.7  7410.7  55015.7    55020
read      290.1   208.2    74.4   128.0   142.3   258.2   318.8   354.6   382.5   414.8   455.7   521.5   809.1  2813.6  6933.3  53243.0    53235
read      258.1   167.4    68.9   126.6   140.9   231.5   282.7   310.1   329.9   354.3   387.8   440.8   648.5  2170.1  5416.5  97839.7    97743
read      218.7   103.1    93.8   149.0   159.4   208.5   229.6   242.4   252.4   264.4   278.2   302.2   384.9  1478.8  3452.3   5432.3     5419
read      249.8    96.1    86.8   149.7   164.6   242.0   274.4   290.9   302.5   315.8   333.8   362.8   434.7  1209.9  3125.4  14748.5    14764
read      225.6   115.8    93.8   150.5   162.2   215.9   238.4   253.3   263.7   274.4   290.2   314.7   386.0  1297.7  3978.3   7443.7     7451
read      286.2   188.5    74.4   129.1   143.8   260.6   317.5   350.4   376.1   405.0   442.3   499.9   716.5  2546.8  5723.1  48227.5    48208
read      256.1   134.3    80.4   149.2   165.2   247.9   280.9   297.1   309.7   323.1   342.7   373.3   452.2  1272.7  6518.8  16146.1    16149
read      289.2   166.4    74.4   125.5   140.1   246.2   308.2   349.1   387.5   437.4   504.5   609.0   835.4  1256.8  2938.8  79064.9    78989
read      263.3    84.0    80.4   149.9   166.8   260.9   294.5   312.1   324.1   339.4   359.5   390.6   456.2   728.7  2008.3  18843.7    18886
read      290.2   164.2    74.4   127.2   141.9   250.1   312.5   353.9   391.0   437.6   499.7   592.8   807.9  1201.9  3414.1  75908.3    75954
read      274.1   116.3    74.4   130.8   146.0   261.4   314.2   343.1   365.5   391.0   422.7   467.7   563.8   795.4  2718.0  44389.7    44409
read      259.9    85.4    80.4   152.0   168.8   257.3   289.4   305.9   317.1   331.6   349.0   379.1   440.3   645.5  2964.3  16427.2    16431
read      306.1   204.2    68.9   128.3   143.2   249.6   311.9   356.6   399.5   461.9   548.9   705.7  1035.8  1719.7  3559.1  85700.5    85707
read      276.4   134.8    68.9   126.9   141.0   253.5   311.9   345.2   372.9   405.5   447.6   507.9   639.4   937.6  3227.1  58114.1    58253
read      252.6   139.0    68.9   126.4   140.9   231.1   280.7   307.3   326.0   348.6   380.5   430.3   569.7  1591.7  3808.1 103880.5   103867
read      265.0    87.7    74.4   146.7   163.5   262.7   298.2   316.3   329.7   344.5   366.6   398.9   465.8   655.7  2143.0  21595.7    21604
read      251.3   126.0    74.4   124.7   139.0   228.7   280.7   308.2   327.3   350.2   382.3   433.2   601.3  1275.0  2590.9  90467.4    90401
read      246.6   104.4    68.9   123.6   137.8   226.9   279.9   307.4   326.3   348.6   379.7   426.1   530.4   807.8  1956.1  84485.9    84467
read      248.6   110.8    74.4   125.6   140.0   229.2   279.3   306.1   324.7   347.1   378.5   427.1   543.9   910.4  2023.9  99668.3    99700
read      273.5   102.6    80.4   139.3   155.2   268.8   312.9   335.9   352.6   372.6   398.5   434.9   512.5   713.6  2107.8  32085.6    32052
read      264.6    88.4    80.4   150.8   167.4   261.8   295.6   313.3   325.7   340.9   361.8   393.9   463.5   691.8  2811.9  18175.7    18173
read      282.1   146.6    74.4   126.3   140.5   250.1   312.6   350.1   382.5   422.0   471.2   546.8   736.7  1049.6  2489.0  67808.9    67789
read      277.2   122.2    68.9   129.4   144.0   259.3   316.7   349.1   374.3   403.0   439.1   491.6   597.7   859.5  2267.6  51990.6    51929
read      297.6   184.9    74.4   127.4   141.9   247.6   310.2   352.8   392.5   446.6   522.7   654.8   943.3  1552.7  2812.4  83806.5    83850
read      262.8    84.8    80.4   150.3   167.0   260.6   294.2   311.7   323.4   338.4   357.9   389.2   454.4   639.5  2053.0  18600.6    18614
read      275.8   102.9    80.4   142.2   158.6   272.3   315.2   337.4   353.5   372.4   396.7   431.0   504.7   779.7  2561.6  29362.8    29315
read      256.1   129.3    68.9   129.3   144.1   235.7   285.1   311.3   330.2   353.1   384.2   432.8   568.8  1365.8  3241.8 108019.2   108090
read      274.7    96.5    80.4   145.1   161.9   272.2   312.8   333.4   347.2   366.3   389.8   424.8   496.0   677.7  2700.7  26952.1    27024
read      280.3   121.2    74.4   132.5   147.9   264.0   322.0   353.7   377.5   404.1   438.2   488.0   587.7   814.1  2230.1  50091.5    49907
read      245.2    75.4    86.8   159.1   172.9   238.5   267.6   281.9   291.7   303.6   318.2   342.9   406.6   768.6  3061.3   9139.9     9150
read      284.6   105.1    74.4   143.8   160.3   280.5   328.6   353.0   370.7   391.4   416.4   453.4   532.9   773.8  2117.8  34353.9    34328
read      281.6   122.2    74.4   132.6   148.0   263.8   322.8   355.8   380.7   408.7   443.0   493.6   595.1   869.7  2085.2  51947.1    51881
read      257.9   103.1    86.8   158.0   174.3   255.8   285.0   299.2   309.8   320.4   337.0   362.2   421.2   698.3  4094.6  14572.7    14569
read      247.1   104.0    68.9   125.1   139.0   227.2   281.8   310.7   330.5   353.4   383.3   425.4   504.9   646.5  2457.3  81522.4    81517
read      248.3   104.6    74.4   125.2   139.2   228.6   283.8   312.5   332.4   355.4   384.9   426.8   505.1   641.9  2438.9  78675.9    78694
read      246.3   102.0    74.4   126.0   139.9   226.5   278.5   306.9   326.5   349.4   380.2   425.4   508.9   681.1  2142.8  93492.9    93409
read      268.3    92.7    80.4   140.7   156.3   266.2   312.4   333.3   346.6   363.9   384.4   414.0   470.4   577.2  1875.5  39044.7    39093
read      264.6    78.7    80.4   156.3   173.4   265.5   296.1   311.3   320.9   334.2   348.3   373.8   432.5   584.0  2502.1  18674.7    18729
read      251.7   103.5    74.4   126.9   140.6   232.6   290.1   318.5   338.1   360.9   389.2   428.5   502.6   627.9  1656.2  70758.1    70818
read      267.3    83.0    80.4   153.7   170.3   268.8   302.3   317.6   328.9   341.3   358.5   384.8   438.0   580.1  2567.1  21952.8    21942
read      247.6   103.2    68.9   125.8   139.8   227.6   279.9   308.2   328.1   351.6   383.0   428.8   522.1   708.1  1779.3  91902.8    91810
read      269.2    97.7    74.4   140.5   156.1   266.5   313.1   334.3   348.2   365.7   386.8   417.3   474.5   603.1  2618.3  39642.9    39588
read      268.2    94.1    74.4   139.5   154.8   264.8   312.6   334.4   348.6   366.1   387.6   418.9   478.5   585.7  1950.6  40951.3    40957
read      257.4   105.1    74.4   129.4   143.5   240.2   298.4   326.1   344.8   367.3   394.5   431.9   503.3   622.9  2154.9  62686.5    62645
read      262.0    85.3    86.8   160.7   176.7   261.8   290.8   305.3   315.0   326.7   341.6   366.4   421.0   591.9  2973.9  15503.5    15539
read      248.1   107.6    68.9   128.2   142.3   229.6   278.5   305.4   324.1   346.5   377.2   423.5   514.8   737.8  2866.8 107757.3   107672
read      270.5    94.5    74.4   144.5   160.8   270.4   311.8   331.2   343.8   359.9   378.8   407.3   468.5   587.4  2622.0  33073.7    32954
read      259.5   105.1    74.4   130.2   144.7   244.1   301.4   328.4   346.1   368.4   394.9   431.5   504.2   630.1  2441.0  58855.5    58866
read      269.2    84.0    80.4   152.4   169.1   270.9   305.2   321.1   333.3   345.5   364.3   391.4   444.5   577.9  2484.0  23730.5    23739
read      261.5   101.7    74.4   131.7   146.5   249.2   304.5   330.1   347.1   368.5   393.9   429.6   500.1   624.9  2495.4  54642.4    54701
read      259.7   100.8    68.9   131.2   146.0   244.5   300.9   327.9   345.8   367.7   394.3   431.9   504.5   621.4  1907.7  60643.7    60706
read      252.5   105.1    74.4   127.4   141.3   233.4   289.9   318.0   337.6   360.5   389.3   429.5   507.0   677.5  2320.1  72354.4    72350
read      257.2   100.0    74.4   129.7   143.9   242.5   299.1   325.7   343.5   365.0   391.1   427.6   498.5   606.8  1876.7  58661.4    58661
read      271.6    98.3    74.4   143.9   160.3   270.6   313.7   333.8   346.6   363.8   384.0   413.7   471.2   590.7  2921.6  34944.1    34912
read      246.3    98.3    68.9   127.2   141.2   228.1   277.6   304.7   323.4   345.6   375.2   421.4   508.0   691.1  1717.5 103331.0   103268
read      269.1    96.7    74.4   141.2   156.8   266.5   312.6   333.6   347.3   364.7   385.5   416.1   471.7   589.6  2694.8  38726.2    38703
read      247.4   103.2    74.4   125.2   139.1   227.3   281.7   310.6   330.5   353.7   383.7   426.6   505.8   660.8  2516.8  83289.2    83358
read      259.0   103.8    74.4   130.2   144.7   244.9   301.2   327.4   345.0   366.5   392.4   429.3   501.1   623.8  1914.6  57433.5    57408
read      245.8   104.3    68.9   124.3   138.3   225.5   279.0   307.9   327.8   351.2   382.1   426.0   507.0   651.4  2121.1  86803.8    86837
read      272.8    96.2    74.4   145.0   161.7   273.4   315.0   334.4   346.7   363.3   382.7   411.9   468.3   589.8  2724.7  33528.9    33517
read      256.7   102.8    74.4   128.7   142.8   238.2   296.3   324.8   344.2   367.5   395.7   434.6   510.7   635.0  1858.7  66208.0    66204
read      250.6   104.7    74.4   126.0   140.0   230.9   287.2   315.5   335.3   358.6   388.2   429.5   507.4   654.9  2789.2  73803.8    73758
read      246.0   103.4    74.4   126.6   140.6   227.0   277.2   304.9   323.9   346.5   377.4   422.6   507.0   687.3  1941.7  99742.3    99742
read      246.8    98.2    68.9   128.1   142.2   229.1   277.4   304.1   322.5   344.9   374.5   420.3   507.4   693.1  1909.5 109497.9   109462
read      244.9   100.9    68.9   125.4   139.2   225.3   276.8   305.2   324.7   347.3   378.0   422.6   506.0   683.9  1909.8  94422.2    94453

Total QPS = 55323.8 (99582840 / 1800.0s)

Total connections = 64
Misses = 0 (0.0%)
Skipped TXs = 0 (0.0%)

RX 24596960739 bytes :   13.0 MB/s
TX          0 bytes :    0.0 MB/s
Warning! Detected max cpu usage > 95%
CPU Usage Stats (avg/min/max): 100.00%,49.50%,100.00%
