Random waveform, supplied seed
Total number of intervals = 68 (6927, 52892, 98921, 61129, 40613, 53226, 38560, 103465, 104758, 94759, 37799, 8296, 69443, 12517, 43591, 20430, 93758, 10485, 16518, 83230, 5484, 55611, 20774, 96726, 32442, 73039, 74055, 51197, 59442, 35654, 78747, 42212, 52488, 36950, 16762, 79473, 61431, 87172, 108181, 80515, 37149, 13444, 72057, 70041, 90162, 52082, 24258, 72013, 58012, 45398, 50177, 34504, 66010, 73937, 55020, 53235, 97743, 5419, 14764, 7451, 48208, 16149, 78989, 18886, 75954, 44409, 16431, 85707)
Average QPS expected = 52607
Timestamp start: 1778934178915
Timestamp end: 1778935199204

#type       avg     std     min      p5     p10     p50     p67     p75     p80     p85     p90     p95     p99    p999   p9999      QPS   target
read      238.1    92.4    93.8   159.2   172.1   232.3   256.4   269.5   278.6   290.2   304.7   327.7   386.1   688.7  3820.5   6887.2     6927
read      327.2   276.6    74.4   135.3   151.9   281.6   349.2   391.1   421.2   458.6   511.3   619.7  1108.3  3648.1  8015.7  52786.3    52892
read      264.8   187.4    74.4   127.6   141.5   233.3   287.1   316.2   338.3   365.6   400.1   457.3   764.0  2191.0  7095.1  98720.0    98921
read      283.2   143.6    74.4   128.5   143.0   257.9   320.9   358.8   386.7   418.4   457.7   516.9   666.1  1162.2  3248.7  61162.7    61129
read      335.9   213.4    74.4   136.7   155.8   308.1   386.2   425.6   452.6   483.3   522.0   583.6   814.1  2695.6  5968.6  40589.6    40613
read      318.2   218.2    74.4   131.7   148.3   280.2   351.4   394.4   425.0   461.8   511.6   601.9   903.6  2725.9  5519.4  53265.1    53226
read      340.8   234.1    80.4   140.1   159.4   309.4   386.2   425.4   452.4   482.9   521.9   584.4   910.0  3113.5  7151.5  38568.0    38560
read      297.0   373.7    74.4   129.3   144.2   241.5   295.2   325.0   347.2   375.3   412.1   478.1  1731.4  5284.7  8890.6 103624.1   103465
read      257.8   143.5    74.4   128.7   143.0   234.6   287.1   315.5   336.7   362.3   394.6   443.3   581.0  1329.8  5222.3 104758.2   104758
read      251.4   129.1    74.4   125.8   139.7   228.7   281.8   310.7   331.7   357.0   389.3   434.6   547.9  1089.5  3654.6  94699.7    94759
read      341.7   251.6    74.4   141.5   160.5   309.9   386.0   424.4   450.9   480.4   517.9   579.7   916.1  3439.5  7706.8  37716.3    37799
read      244.6   131.6    86.8   151.9   165.3   235.0   264.8   280.1   291.2   304.6   320.6   348.2   434.1  1346.7  6231.6   8292.5     8296
read      350.5   552.7    74.4   128.1   143.2   260.8   327.7   371.1   402.9   441.9   493.3   589.2  2984.6  7344.1  9904.3  69372.6    69443
read      271.7   134.6    86.8   154.1   170.4   262.5   297.0   316.0   330.2   346.0   368.6   401.5   533.9  1651.1  5153.1  12549.2    12517
read      353.9   310.1    74.4   138.0   157.2   314.0   398.0   440.6   469.2   502.8   543.5   618.8  1025.0  3887.9 10942.6  43562.8    43591
read      298.3   145.3    80.4   149.4   167.3   289.2   337.5   364.0   381.9   400.9   426.4   464.3   579.4  1495.6  5596.9  20467.5    20430
read      311.0   405.9    74.4   128.4   142.9   243.5   300.6   332.6   357.2   387.5   427.3   506.5  2593.7  5072.6  8113.6  93617.9    93758
read      322.7   416.9    86.8   155.5   171.4   259.1   294.0   314.0   329.4   348.4   382.5   514.9  2015.6  7123.3  8908.7  10540.7    10485
read      345.2   505.1    80.4   150.9   168.7   279.9   322.7   346.4   365.4   386.9   414.3   471.6  2304.2  7611.3  9429.9  16540.1    16518
read      331.6   399.1    74.4   129.7   144.5   251.8   315.2   355.9   389.1   431.9   498.5   652.8  2494.1  4967.7  7948.3  83153.9    83230
read      239.4   227.2    93.8   149.6   161.3   216.3   242.8   256.5   267.1   278.8   294.9   324.1   651.3  3376.3  8029.8   5510.3     5484
read      325.5   398.5    74.4   131.2   146.8   270.9   337.4   377.7   405.2   438.3   483.0   565.4  1376.5  6579.7 13142.0  55704.0    55611
read      321.3   312.3    80.4   150.0   167.8   291.8   341.5   368.8   387.2   406.7   433.7   479.4  1054.5  5368.3  8043.8  20823.8    20774
read      283.8   313.4    74.4   127.3   141.4   235.0   289.9   319.6   342.2   369.8   403.8   463.4  1546.3  4065.6  7859.4  96701.9    96726
read      336.3   241.7    74.4   143.9   163.0   306.9   376.0   410.8   434.7   462.4   498.5   557.5   996.2  3295.5  7796.7  32448.3    32442
read      306.3   300.5    74.4   126.0   140.5   251.6   318.8   362.4   395.1   433.2   483.0   569.4  1227.5  4140.2  7799.9  73056.7    73039
read      288.3   194.8    74.4   125.9   140.1   248.2   315.1   357.6   390.6   428.8   476.0   549.0   780.4  2443.6  5093.9  74032.5    74055
read      340.5   330.1    68.9   136.0   153.5   290.8   366.4   409.8   440.4   476.6   525.1   611.7  1172.4  5107.3  8940.0  51146.5    51197
read      280.3   159.7    74.4   127.1   141.5   256.6   318.5   354.4   381.1   410.0   445.9   499.0   632.5  1676.7  5577.9  59390.7    59442
read      324.0   205.0    74.4   138.3   156.4   298.9   369.4   405.3   429.8   457.3   491.7   543.4   834.3  2631.7  7051.8  35836.0    35654
read      307.9   291.9    74.4   126.6   140.9   249.8   317.8   363.5   399.1   442.6   499.2   598.1  1203.2  3986.2  7594.3  78810.9    78747
read      357.2   328.9    74.4   140.0   159.2   310.8   391.9   433.1   461.5   494.6   537.0   617.4  1285.0  5096.8  8398.8  42148.1    42212
read      329.7   301.5    74.4   131.4   148.2   283.6   358.7   402.5   433.5   470.0   519.2   607.2   989.9  4460.6  8524.2  52502.3    52488
read      343.5   219.0    74.4   141.6   161.1   313.8   391.1   430.3   457.2   488.3   527.9   593.5   884.5  2810.4  5839.1  37039.8    36950
read      311.8   247.5    80.4   156.0   174.9   291.6   339.2   366.4   385.4   405.7   434.1   481.9   707.4  2789.4  9597.6  16839.7    16762
read      334.3   392.6    74.4   131.0   146.3   256.6   321.4   364.9   398.9   443.6   513.4   676.4  2034.3  5092.1  8099.8  79625.4    79473
read      281.8   146.6    74.4   128.5   143.0   255.8   318.9   357.0   385.1   416.3   454.4   509.8   658.7  1363.2  3177.2  61402.9    61431
read      283.7   234.5    74.4   128.0   142.2   239.7   297.6   331.7   358.3   391.6   436.2   534.2   945.6  3297.8  7612.2  87022.1    87172
read      252.3   112.0    63.8   128.9   143.2   232.5   283.6   311.2   331.3   355.6   386.6   431.9   539.8   807.4  2140.5 108060.7   108181
read      289.9   167.4    74.4   130.0   144.7   249.7   312.0   351.2   383.9   423.7   479.8   587.5   857.8  1376.1  3394.0  80400.5    80515
read      341.7   185.7    74.4   142.1   161.7   315.5   394.7   434.9   462.4   494.5   534.4   599.9   811.8  2062.4  4539.9  37153.7    37149
read      283.5   116.1    86.8   156.3   173.9   275.3   314.0   335.9   351.8   371.2   395.2   431.3   528.6  1102.0  2961.1  13427.1    13444
read      346.2   395.3    80.4   133.5   149.2   266.7   339.4   390.2   429.0   477.6   543.4   678.6  2062.7  5182.6  7986.7  71975.0    72057
read      304.4   177.4    80.4   132.6   147.9   262.3   332.3   379.6   415.0   459.0   516.4   615.3   835.9  1475.6  3730.8  69964.9    70041
read      262.5   157.0    74.4   128.1   142.0   234.3   288.9   318.6   341.1   368.8   402.0   454.8   660.9  1895.6  4343.5  90195.5    90162
read      306.2   162.8    74.4   136.2   152.0   277.5   345.0   385.7   413.9   447.5   491.5   563.1   775.4  1370.0  3782.0  52110.7    52082
read      317.1   133.1    74.4   151.6   170.6   304.6   364.0   394.6   415.3   438.2   467.6   513.0   640.7  1274.6  2977.6  24273.7    24258
read      341.7   399.7    74.4   131.6   146.9   262.7   333.7   382.0   419.0   464.8   529.0   660.2  2280.1  5120.6  8006.9  71983.9    72013
read      293.9   154.2    74.4   132.1   147.3   265.9   331.7   371.7   399.8   432.5   473.9   539.1   710.4  1449.4  3386.0  58072.7    58012
read      340.0   173.7    74.4   141.1   160.0   309.9   392.7   437.2   468.3   504.8   548.7   628.7   802.6  1355.9  3703.1  45325.5    45398
read      301.9   152.5    74.4   136.2   151.9   277.0   342.1   380.9   407.3   438.7   479.5   543.5   729.9  1287.6  3300.0  50186.1    50177
read      335.4   166.5    80.4   144.4   164.1   313.9   389.7   427.1   452.7   481.6   518.5   577.2   738.6  1672.7  4210.6  34497.2    34504
read      314.7   260.9    74.4   129.9   144.8   262.3   331.7   377.5   411.5   454.0   508.7   612.9  1179.4  3120.1  7335.5  66038.0    66010
read      308.8   201.3    74.4   131.0   146.1   258.9   328.8   377.2   416.3   466.2   533.7   653.7   931.1  1779.5  5654.6  73933.3    73937
read      291.3   140.8    74.4   132.9   148.2   267.1   331.4   369.7   396.8   428.2   467.0   527.5   672.3  1092.1  2961.7  54971.7    55020
read      292.0   155.5    74.4   134.2   149.4   268.7   332.1   369.3   395.6   426.0   463.9   521.7   661.2  1293.4  4405.8  53220.6    53235
read      266.7   201.8    74.4   127.9   142.0   234.8   288.2   317.0   338.8   365.5   398.9   454.1   711.1  3150.4  6620.9  97587.9    97743
read      230.5    97.9    93.8   157.2   169.2   223.7   246.9   259.1   268.1   278.1   292.8   315.9   376.1   692.9  3106.7   5430.1     5419
read      258.7    74.6    86.8   159.6   176.0   258.0   286.0   300.1   310.7   321.4   338.6   365.2   421.9   627.7  1883.0  14764.6    14764
read      239.3    86.5    93.8   160.1   173.4   233.6   257.7   270.6   279.9   291.0   305.8   329.9   394.9   685.3  3844.5   7505.9     7451
read      263.7   100.2    74.4   134.5   149.6   255.3   306.0   330.4   346.8   367.5   391.9   426.0   495.6   619.1  2009.9  48138.5    48208
read      264.9    86.2    86.8   160.2   176.5   264.9   293.6   308.7   318.4   331.5   346.0   373.1   431.8   640.4  2370.1  16191.1    16149
read      252.3   103.8    74.4   127.3   141.0   232.7   287.6   316.5   337.5   362.7   393.2   433.7   510.2   676.2  2116.8  79102.3    78989
read      267.6    75.4    80.4   158.7   175.3   268.8   298.6   313.8   324.1   337.6   354.3   380.8   434.9   617.9  1958.7  18928.9    18886
read      252.8   104.6    74.4   127.4   141.0   233.6   288.8   317.5   338.5   363.7   393.4   433.1   509.6   675.6  2545.7  75897.9    75954
read      268.1    98.5    74.4   138.8   153.8   262.9   312.0   335.1   350.9   370.0   392.6   423.7   482.3   587.3  1783.8  44419.0    44409
read      261.0    77.0    86.8   159.0   174.9   261.6   289.6   303.8   313.6   324.9   341.0   366.8   423.1   634.5  2460.9  16414.0    16431
read      249.1   103.2    74.4   126.6   140.2   229.3   283.1   311.9   332.5   357.2   387.8   429.0   507.5   682.0  1857.0  85659.3    85707

Total QPS = 52599.2 (53651196 / 1020.0s)

Total connections = 64
Misses = 0 (0.0%)
Skipped TXs = 0 (0.0%)

RX 13251845165 bytes :   12.4 MB/s
TX          0 bytes :    0.0 MB/s
Warning! Detected max cpu usage > 95%
CPU Usage Stats (avg/min/max): 99.83%,13.43%,100.00%
