Random waveform, supplied seed
Total number of intervals = 20 (6927, 52892, 98921, 61129, 40613, 53226, 38560, 103465, 104758, 94759, 37799, 8296, 69443, 12517, 43591, 20430, 93758, 10485, 16518, 83230)
Average QPS expected = 52565
Timestamp start: 1778666791192
Timestamp end: 1778667091466

#type       avg     std     min      p5     p10     p50     p67     p75     p80     p85     p90     p95     p99    p999   p9999      QPS   target
read      264.6   124.2   109.4   174.0   190.4   255.7   279.1   292.4   302.3   314.6   331.7   361.4   464.4  1705.5  4721.4   6876.7     6927
read      300.5   159.3    86.8   147.6   163.9   282.0   337.6   367.7   389.7   415.7   450.5   506.3   645.5  1813.7  4137.9  52890.6    52892
read      300.1   160.4    80.4   153.4   170.8   274.0   327.7   358.3   380.1   405.3   440.5   504.5   755.5  1826.4  4437.4  98921.3    98921
read      278.1   116.0    86.8   146.3   161.7   266.2   319.8   345.0   362.3   381.3   403.7   440.8   537.0   800.9  3075.2  61091.3    61129
read      278.3   105.0    86.8   150.6   166.7   276.7   318.4   338.2   351.7   367.3   387.5   418.3   495.6   731.5  2955.2  40576.1    40613
read      280.2   119.3    86.8   147.5   163.1   271.0   321.4   344.9   361.2   379.0   401.2   436.5   537.3   971.6  3651.8  53209.2    53226
read      289.1   127.7    86.8   152.3   168.8   283.2   327.7   349.6   365.7   384.6   408.1   449.7   546.5  1100.4  3371.7  38604.8    38560
read      296.1   180.4    86.8   151.7   168.7   269.0   320.9   351.1   372.3   397.6   430.3   488.4   730.3  2521.0  5804.0 103502.1   103465
read      299.3   147.0    86.8   154.7   172.6   275.5   328.3   358.6   380.2   405.3   440.0   501.6   712.4  1631.9  3671.2 104890.9   104758
read      284.6   133.3    86.8   149.7   165.6   263.8   316.6   345.9   367.2   391.3   422.0   470.4   628.6  1129.3  3795.0  94785.7    94759
read      291.4   125.2    86.8   151.1   167.8   283.3   330.0   353.8   370.6   391.1   417.1   458.8   559.9  1352.3  3277.2  37854.9    37799
read      262.7    80.9   101.3   173.7   189.9   256.8   280.4   293.7   303.9   315.7   332.5   361.5   449.5   944.3  2433.7   8316.8     8296
read      311.7   184.6    86.8   146.8   163.2   280.1   341.8   377.6   404.2   438.7   487.1   563.4   786.7  2253.1  5824.3  69423.5    69443
read      269.0    97.4   101.3   170.4   188.6   264.1   290.0   304.2   314.6   327.2   343.7   372.3   456.7   977.4  3342.9  12476.8    12517
read      294.9   138.1    86.8   149.2   165.4   281.8   333.0   359.8   378.5   400.7   430.6   478.3   594.3  1687.0  3481.7  43588.6    43591
read      282.8   112.3    93.8   164.9   183.7   278.9   311.1   328.1   340.3   355.2   373.2   403.4   489.7  1132.2  3714.1  20401.3    20430
read      294.9   165.0    80.4   150.1   166.4   268.0   322.1   353.0   374.4   400.0   433.7   496.1   744.9  2047.8  4326.9  93783.4    93758
read      271.8   106.3    93.8   173.6   191.1   264.7   290.9   305.6   316.0   329.4   346.0   378.9   483.1  1145.1  4415.8  10492.0    10485
read      284.0   118.5    93.8   168.5   187.9   277.5   308.7   325.1   337.8   352.5   372.0   405.6   521.0  1190.0  4418.2  16508.3    16518
read      305.3   239.4    80.4   149.9   166.3   271.1   327.0   357.8   379.2   403.9   438.2   504.3   885.5  3360.6  7936.0  83310.8    83230

Total QPS = 52575.2 (15772574 / 300.0s)

Total connections = 64
Misses = 0 (0.0%)
Skipped TXs = 0 (0.0%)

RX 3895825778 bytes :   12.4 MB/s
TX          0 bytes :    0.0 MB/s
Warning! Detected max cpu usage > 95%
CPU Usage Stats (avg/min/max): 99.72%,50.25%,100.00%
