Random waveform, supplied seed
Total number of intervals = 60 (6927, 52892, 98921, 61129, 40613, 53226, 38560, 103465, 104758, 94759, 37799, 8296, 69443, 12517, 43591, 20430, 93758, 10485, 16518, 83230, 5484, 55611, 20774, 96726, 32442, 73039, 74055, 51197, 59442, 35654, 78747, 42212, 52488, 36950, 16762, 79473, 61431, 87172, 108181, 80515, 37149, 13444, 72057, 70041, 90162, 52082, 24258, 72013, 58012, 45398, 50177, 34504, 66010, 73937, 55020, 53235, 97743, 5419, 14764, 7451)
Average QPS expected = 53209
Timestamp start: 1778662747023
Timestamp end: 1778663047325

#type       avg     std     min      p5     p10     p50     p67     p75     p80     p85     p90     p95     p99    p999   p9999      QPS   target
read      400.5   736.1   101.3   180.0   196.3   268.1   297.2   316.1   331.6   352.4   398.3   940.7  4055.7  9629.6 11641.5   6868.4     6927
read      805.7  1449.1    86.8   166.8   192.1   348.1   469.6   579.6   699.0  1031.9  1826.6  3433.9  7730.8 14225.8 21212.3  52773.0    52892
read     1002.4  1700.5    86.8   198.5   227.2   382.1   494.0   719.5  1371.9  1663.7  2501.4  4009.7  9345.0 12962.4 18451.5  98955.0    98921
read      592.1  1102.3    86.8   178.2   202.7   332.7   401.0   451.9   499.6   582.9   797.4  1644.6  6876.0  9776.1 15761.6  61231.2    61129
read      522.7   908.0    86.8   153.2   173.3   308.8   391.1   448.0   497.3   568.5   738.1  1613.2  4962.9  9823.9 15502.3  40388.2    40613
read      863.5  2153.2    86.8   158.1   180.4   319.1   397.3   456.1   515.5   654.7  1166.3  3316.7 12544.3 18166.7 21946.4  53301.4    53226
read      516.2   802.7    93.8   151.7   172.4   322.4   401.5   449.5   488.5   544.0   706.2  1760.5  4237.4  8080.9 11545.2  38541.4    38560
read     1089.8  2269.7    86.8   194.4   224.1   367.0   486.2   851.9  1359.8  1557.7  1908.3  4179.1 12481.7 20958.9 25029.5 103425.8   103465
read      902.3  1699.8    86.8   186.9   214.2   332.2   400.5   467.3   611.6  1424.9  2599.2  3895.1  8565.1 16760.7 22291.0 104904.4   104758
read      794.1  1439.9    86.8   184.3   208.4   326.3   397.0   460.6   554.0  1020.6  1874.5  3462.2  7689.7 12006.5 18509.0  94665.0    94759
read      695.1  1389.7    93.8   161.2   178.7   273.5   341.7   415.3   526.3   872.4  1537.3  2948.7  7756.4 15076.6 22350.2  37816.8    37799
read      743.4  1391.8    93.8   149.8   164.6   255.5   336.8   496.7   796.9  1162.2  1850.7  3115.0  7810.3 10124.3 17388.8   8281.2     8296
read      860.6  1771.3    86.8   168.3   189.6   320.1   426.7   605.9  1004.0  1428.8  1925.6  2904.3  9906.0 18858.7 21722.0  69316.2    69443
read      376.4   617.8    93.8   157.5   174.5   263.6   305.4   330.7   350.8   380.4   447.3   945.2  2563.6  8027.2 15697.1  12462.4    12517
read      765.2  1856.3    86.8   155.3   176.9   318.6   397.5   448.6   493.8   568.3   928.3  3075.2 10499.4 17468.4 23376.3  43531.8    43591
read      392.4   432.9    93.8   158.2   179.2   305.7   355.7   383.8   404.5   435.7   511.1  1057.4  2169.8  7008.3  9031.5  20452.4    20430
read     1002.6  1431.8    86.8   186.2   211.5   342.3   480.3  1319.4  1673.7  2381.4  2833.9  3743.9  6842.2 12360.3 18568.0  93743.2    93758
read      570.2  1169.1    93.8   163.5   181.1   277.3   328.5   369.5   423.8   603.9  1040.4  1848.1  7665.4 11004.6 17849.9  10417.6    10485
read      392.8   466.2    93.8   167.8   189.3   300.1   342.5   367.2   386.7   412.7   469.1  1050.4  2446.3  7327.8  8127.8  16517.6    16518
read      857.9  1657.7    80.4   181.4   208.9   353.8   448.5   560.0   895.8  1391.7  1610.3  2799.6  9942.6 12790.8 15944.7  83156.8    83230
read      333.1   523.3   101.3   162.1   177.2   246.1   275.3   293.9   309.8   332.9   387.5   754.4  2035.3  7929.8 10444.0   5534.2     5484
read      842.5  2118.8    80.4   156.7   178.7   315.1   391.8   448.9   504.0   604.8  1057.4  3405.3 12500.3 18115.4 21867.6  55408.4    55611
read      416.3   556.2    86.8   159.1   179.4   305.4   357.8   387.8   411.1   446.3   535.2  1185.3  2608.9  7938.1 11436.7  20870.4    20774
read      777.6  1307.8    80.4   192.8   221.0   363.4   452.6   529.0   624.4  1036.2  1747.2  3413.6  6619.9 12893.0 20813.6  96615.2    96726
read      406.8   576.6    86.8   151.4   169.6   290.2   351.7   389.9   420.3   463.9   548.8  1055.4  2727.9  7974.0 11331.2  32505.4    32442
read      918.5  2114.8    86.8   163.8   187.9   330.3   418.0   488.9   565.3   754.0  1364.8  4371.5 12049.3 15612.7 21554.6  73003.8    73039
read      844.1  1388.3    86.8   175.4   202.2   335.9   437.8   631.7  1058.0  1551.5  2406.7  3165.2  7405.1 14034.3 17430.5  74032.4    74055
read      893.5  2072.0    86.8   164.4   187.9   316.1   393.7   455.1   522.8   693.5  1362.3  5291.5 11462.2 16231.0 21557.5  51115.2    51197
read      721.0  1578.0    86.8   156.4   178.5   317.3   402.9   469.7   537.8   660.9  1017.6  2670.0  9256.0 12910.1 16639.7  59537.4    59442
read      462.2   663.4    86.8   150.1   170.9   319.1   394.0   435.9   469.0   518.3   627.6  1348.5  3242.9  8064.0 12921.8  35814.4    35654
read      853.2  1563.5    86.8   178.5   204.3   341.3   453.1   593.3   836.0  1345.6  1779.7  3290.7  9212.4 12763.5 18415.0  78814.8    78747
read      532.4   980.5    86.8   151.5   171.8   308.7   386.6   437.0   480.6   544.0   710.9  1747.8  5515.4 10037.0 14493.4  42245.4    42212
read      810.4  1943.4    86.8   156.7   178.7   313.3   388.9   440.4   487.1   556.6   808.0  3742.3 11417.4 15629.8 19578.7  52578.4    52488
read      476.0   649.6    86.8   150.6   171.6   323.8   400.2   445.4   481.8   533.6   661.2  1510.5  3401.0  7722.8  9521.2  37052.2    36950
read      375.1   376.4    93.8   165.2   186.2   300.0   344.3   370.6   392.1   421.6   485.7   932.7  2042.8  3793.7  8033.7  16842.6    16762
read      844.5  1650.6    86.8   173.7   200.0   346.8   470.0   625.9   820.7  1129.7  1533.8  3091.8  9618.4 13120.4 18753.1  79563.0    79473
read      847.1  1852.0    80.4   163.8   187.4   325.4   413.7   490.0   576.4   774.8  1279.3  4149.9 10239.6 13889.0 16680.7  61585.2    61431
read     1107.6  2064.7    86.8   205.3   236.9   407.1   537.2   799.7  1400.8  1608.8  1888.0  5166.2 11159.1 14572.3 21640.7  87189.2    87172
read     1014.4  1665.7    86.8   207.3   238.8   409.1   587.7  1098.6  1501.9  1704.9  2001.2  3575.0  9579.3 14035.7 18085.7 108108.6   108181
read      818.6  1478.7    86.8   188.8   212.8   348.8   462.5   604.7   871.2  1344.0  1679.1  2971.3  8757.0 13879.3 16780.5  80799.6    80515
read      619.3  1157.8    86.8   160.8   178.8   280.4   357.2   439.5   548.2   822.5  1307.8  2282.3  7390.6 11417.7 17840.0  37133.4    37149
read      508.0   839.7    86.8   147.3   162.5   252.6   333.1   421.0   539.2   777.3  1081.4  1705.9  3991.9  8105.7 10224.7  13489.0    13444
read      631.8   906.0    86.8   167.2   191.2   335.2   434.8   532.9   655.6   919.3  1392.2  2331.4  5017.7  7969.4 10653.0  72198.2    72057
read      515.2   662.9    80.4   154.0   174.8   310.7   402.5   484.3   567.8   716.4  1041.2  1718.3  3344.5  7418.4  8266.3  70143.8    70041
read      609.6   855.3    86.8   170.8   195.3   332.3   418.1   490.8   575.5   805.0  1386.3  2473.5  4162.8  7940.7 10006.0  90083.6    90162
read      469.0   613.3    86.8   154.3   174.7   321.2   408.4   471.1   527.7   606.0   738.9  1188.7  3268.3  7612.3  8714.0  52094.6    52082
read      332.8   285.4    86.8   159.8   178.7   292.8   336.8   361.6   379.7   402.8   437.6   531.8  1495.3  3373.7  7927.7  24339.6    24258
read      521.7   683.2    86.8   152.6   173.1   308.8   401.1   484.5   577.2   756.2  1099.5  1741.6  3276.2  7770.0 11208.0  71913.4    72013
read      461.8   606.0    86.8   151.1   169.9   307.9   390.0   452.0   507.9   594.6   758.4  1255.8  3198.9  7436.5  9754.7  57810.6    58012
read      443.6   559.9    86.8   154.5   174.3   316.7   394.1   447.2   493.5   555.7   659.8  1075.6  3133.3  7056.9  9092.2  45412.6    45398
read      443.0   539.3    86.8   151.7   171.3   312.8   391.7   448.3   497.8   566.9   684.9  1150.2  2994.0  6738.0  8433.6  50243.0    50177
read      362.4   404.5    86.8   152.6   170.9   299.3   353.2   383.9   406.3   436.7   485.9   622.7  2133.0  5736.8  8073.1  34439.8    34504
read      441.3   469.1    80.4   150.0   169.0   312.5   405.2   475.7   540.2   634.0   801.2  1171.7  2361.3  5360.0  8050.8  65956.6    66010
read      820.8  1430.0    86.8   170.3   194.2   333.0   456.8   626.1   904.2  1341.6  1936.0  3025.3  8784.8 12267.1 15641.4  73914.8    73937
read      500.4  1030.7    86.8   148.9   167.6   303.0   374.9   423.2   463.5   522.3   629.0  1099.9  6487.7 12160.3 14693.7  55282.2    55020
read      361.2   333.0    86.8   145.3   163.0   298.0   367.0   408.2   441.3   485.6   549.3   692.9  1837.2  4041.7  7732.0  53222.8    53235
read      631.9   936.8    86.8   178.8   204.7   338.7   413.8   471.8   536.7   697.3  1466.0  2798.2  4611.5  8081.4 11748.4  97876.8    97743
read      281.8   283.2   101.3   173.5   187.5   246.0   270.1   284.5   294.7   309.4   330.6   397.9  1120.2  4183.3  8044.3   5462.8     5419
read      346.7   329.7   101.3   169.6   190.2   292.7   332.5   355.6   372.9   397.3   436.3   657.4  1671.2  3816.0  8033.6  14756.2    14764
read      309.2   301.0   101.3   175.1   191.2   262.6   292.1   309.6   321.6   340.7   371.6   540.7  1328.4  3423.1  8014.0   7471.0     7451

Total QPS = 53220.2 (15966052 / 300.0s)

Total connections = 64
Misses = 0 (0.0%)
Skipped TXs = 0 (0.0%)

RX 3943614844 bytes :   12.5 MB/s
TX          0 bytes :    0.0 MB/s
Warning! Detected max cpu usage > 95%
CPU Usage Stats (avg/min/max): 99.73%,49.50%,100.00%
