Random waveform, supplied seed
Total number of intervals = 60 (6927, 52892, 98921, 61129, 40613, 53226, 38560, 103465, 104758, 94759, 37799, 8296, 69443, 12517, 43591, 20430, 93758, 10485, 16518, 83230, 5484, 55611, 20774, 96726, 32442, 73039, 74055, 51197, 59442, 35654, 78747, 42212, 52488, 36950, 16762, 79473, 61431, 87172, 108181, 80515, 37149, 13444, 72057, 70041, 90162, 52082, 24258, 72013, 58012, 45398, 50177, 34504, 66010, 73937, 55020, 53235, 97743, 5419, 14764, 7451)
Average QPS expected = 53209
Timestamp start: 1778883045128
Timestamp end: 1778883345411

#type       avg     std     min      p5     p10     p50     p67     p75     p80     p85     p90     p95     p99    p999   p9999      QPS   target
read      233.9    77.6   101.3   156.4   171.4   226.6   249.3   262.4   271.6   284.1   299.8   325.2   389.6   813.5  3181.9   6840.4     6927
read      261.1   106.0    74.4   131.5   146.4   250.0   301.9   328.9   346.1   366.2   390.0   425.2   501.8   647.9  2026.3  52696.8    52892
read      244.6   101.4    74.4   126.0   139.4   223.8   273.0   301.7   322.5   346.0   375.1   421.6   532.5   881.3  1633.4  98927.8    98921
read      257.2   103.0    74.4   128.7   142.9   241.3   296.7   326.4   345.8   367.2   392.2   428.7   505.3   641.3  2176.3  61184.8    61129
read      268.3    96.3    74.4   139.2   155.5   262.8   311.8   335.0   349.9   366.9   387.2   416.2   479.5   586.8  1685.8  40676.0    40613
read      261.4   104.2    74.4   131.1   146.2   249.8   302.9   329.6   347.0   366.9   390.6   425.7   502.3   649.1  2802.0  52979.4    53226
read      268.9    90.2    80.4   140.5   157.5   264.4   311.3   334.1   348.7   365.3   385.0   412.9   474.7   579.2  1705.4  38527.4    38560
read      243.3   113.5    74.4   125.5   139.2   222.4   270.0   297.9   318.8   342.5   371.6   419.2   531.4   926.7  2389.3 103428.8   103465
read      246.9   107.4    74.4   127.8   141.4   226.6   274.0   302.0   322.3   345.8   374.8   423.4   538.2  1021.6  2335.8 104882.0   104758
read      244.2   102.6    74.4   124.9   138.3   223.8   272.9   301.8   322.7   346.4   375.3   421.9   532.1   851.7  1891.9  94820.2    94759
read      266.6    92.9    80.4   139.3   155.9   262.4   307.8   330.3   344.6   361.4   380.5   407.8   469.7   575.3  2582.3  37839.4    37799
read      240.2    96.2    93.8   159.8   175.6   233.6   256.6   269.3   278.4   291.0   306.9   331.0   390.1   988.9  4024.1   8314.8     8296
read      274.9   257.7    74.4   126.9   141.0   237.8   294.0   326.4   347.8   372.4   403.2   461.6   807.9  3949.1  7773.6  69231.4    69443
read      253.5    75.2    93.8   163.4   180.5   249.5   274.5   290.0   300.6   313.5   329.4   352.6   406.6   580.1  2488.2  12449.8    12517
read      266.6   108.7    74.4   136.2   151.7   257.5   308.2   333.7   350.0   367.9   390.0   423.4   496.4   692.8  2939.8  43734.8    43591
read      267.0    81.2    80.4   157.4   175.8   263.9   297.0   315.4   328.0   341.6   359.7   386.1   447.8   564.6  2165.2  20424.0    20430
read      250.5   126.5    74.4   126.0   139.7   226.0   277.2   306.4   327.8   352.2   382.7   432.4   593.6  1402.3  2998.2  93681.6    93758
read      245.2    66.3    86.8   160.5   177.3   240.3   265.3   278.8   290.0   302.6   318.0   341.7   393.7   515.4  1915.9  10413.4    10485
read      258.7    75.4    86.8   159.3   176.8   255.7   284.7   300.9   312.7   325.7   341.9   366.9   421.6   521.1  2018.4  16489.2    16518
read      248.2   122.0    74.4   122.9   136.3   223.9   277.1   308.2   330.4   355.7   386.9   434.8   568.7  1094.4  3043.9  83026.2    83230
read      222.8    74.1    93.8   151.5   163.9   216.0   235.6   248.0   256.2   267.6   282.1   308.3   370.5   877.9  3048.1   5537.4     5484
read      259.2   107.3    74.4   128.6   142.7   243.9   297.8   327.3   346.3   367.7   393.4   432.2   527.6   833.2  1989.6  55512.4    55611
read      263.1    80.2    80.4   153.5   171.7   260.5   294.0   312.1   324.3   338.2   354.9   377.8   433.7   538.5  2250.7  20843.0    20774
read      247.2   119.3    74.4   125.9   139.5   224.6   274.2   303.2   324.7   348.6   378.7   426.8   557.5  1078.9  3580.1  96720.6    96726
read      269.3    92.0    80.4   144.4   162.4   266.6   308.3   329.3   342.9   358.8   376.0   402.8   463.8   582.0  2334.1  32472.8    32442
read      251.9   108.6    74.4   125.6   139.4   231.5   285.9   316.6   338.2   362.2   390.7   433.6   533.5   744.0  2881.6  73028.4    73039
read      250.6   103.8    74.4   125.2   139.1   230.8   285.2   316.0   337.4   360.9   388.8   430.2   520.8   757.8  1929.5  73912.2    74055
read      261.5    97.7    80.4   131.7   146.9   250.5   303.5   330.8   348.5   367.7   390.7   424.8   497.2   612.1  1183.3  51296.8    51197
read      258.4   108.7    74.4   128.8   143.2   242.6   298.8   328.2   346.8   367.7   392.4   428.7   507.6   677.8  2618.8  59356.8    59442
read      265.9    91.1    74.4   140.2   156.5   262.1   306.8   328.8   342.8   358.9   376.7   403.8   470.8   598.8  2247.0  35463.2    35654
read      249.3   121.3    68.9   123.2   136.7   226.7   280.0   311.4   333.6   358.2   388.2   434.2   555.8   914.6  4151.4  78685.8    78747
read      266.7   100.7    74.4   136.5   152.0   258.7   308.7   333.8   350.0   367.7   389.2   421.8   498.5   686.5  2250.3  42251.6    42212
read      260.9   107.9    74.4   130.5   145.2   247.0   301.8   329.7   347.5   367.3   391.0   426.6   512.9   780.2  2730.3  52397.4    52488
read      266.8    94.3    80.4   139.9   155.7   261.9   308.3   331.3   345.9   362.9   382.5   410.5   473.6   593.5  1961.6  36991.4    36950
read      259.6    73.9    86.8   158.3   176.5   257.3   286.9   303.0   314.6   327.7   343.1   367.7   421.1   529.4  1983.5  16827.2    16762
read      249.2   110.7    74.4   124.9   138.8   228.3   281.3   312.0   333.6   357.5   386.5   431.2   536.4   765.3  2822.1  79396.2    79473
read      256.8   107.7    74.4   128.1   142.1   240.1   295.0   325.4   345.0   366.6   392.5   431.4   512.8   671.2  2678.5  61451.0    61431
read      246.3   113.3    68.9   124.6   138.2   224.3   275.7   306.2   328.1   352.6   382.4   427.5   536.0   877.3  3153.5  87314.2    87172
read      248.6   119.3    74.4   128.3   141.8   226.5   273.7   301.5   322.1   346.0   376.1   426.4   558.4  1276.8  3028.1 108021.4   108181
read      249.7   106.1    74.4   125.4   139.1   228.5   281.3   312.2   334.4   359.1   388.6   432.6   532.8   821.5  2210.1  80594.8    80515
read      267.4    97.8    74.4   139.0   155.2   262.6   308.8   331.8   346.5   363.3   383.2   413.0   479.5   630.0  2276.6  37127.0    37149
read      250.2    78.1    93.8   157.8   175.2   246.6   273.2   288.2   298.3   312.0   328.2   351.9   402.3   530.5  1906.0  13467.0    13444
read      251.6   119.6    74.4   125.1   139.0   231.0   285.6   316.1   337.3   360.8   389.0   431.7   530.7   824.7  4300.1  71969.2    72057
read      252.6   109.7    74.4   125.6   139.6   232.3   287.6   318.1   339.5   362.9   390.2   431.0   525.3   926.5  2661.6  70124.4    70041
read      245.2   107.4    74.4   124.3   138.0   223.6   273.9   303.7   325.5   350.1   379.8   425.9   537.7   890.1  1826.8  90152.6    90162
read      262.1    96.8    80.4   132.2   147.5   250.2   304.4   332.1   349.9   369.4   392.9   427.7   499.7   612.6  1323.2  52134.6    52082
read      265.5    99.9    86.8   149.8   167.4   262.5   298.0   316.9   330.1   344.1   362.5   388.9   451.7   582.8  3981.0  24207.2    24258
read      249.9   103.3    74.4   124.8   138.4   229.8   284.9   315.8   337.4   361.0   388.9   430.6   524.5   724.5  1316.8  72058.0    72013
read      261.4   138.7    74.4   129.2   143.8   243.2   298.5   328.4   347.6   368.8   394.7   435.0   534.3  1113.8  4942.1  57903.2    58012
read      269.4   137.0    80.4   135.9   151.4   257.2   308.7   334.9   352.1   370.6   393.6   429.3   522.3  1181.3  6590.2  45502.2    45398
read      262.7    98.4    74.4   132.3   147.4   250.8   304.3   332.2   350.1   369.6   392.9   427.4   505.0   671.1  1579.3  50396.0    50177
read      270.0    90.3    80.4   142.7   159.8   266.1   310.5   332.9   347.2   364.1   383.9   413.1   481.1   600.7  1841.7  34531.4    34504
read      253.3   105.5    74.4   125.7   139.7   235.3   290.5   320.6   340.9   363.2   389.8   429.9   523.2   707.3  1807.5  66104.2    66010
read      252.4   113.5    74.4   125.3   139.4   231.6   285.8   316.2   337.6   361.5   390.7   435.1   542.4   787.3  3061.1  74006.4    73937
read      257.8    98.7    74.4   129.1   143.8   245.6   298.1   325.8   344.0   364.6   388.9   424.9   500.5   612.9  1574.5  54959.8    55020
read      261.5   107.6    74.4   131.6   146.7   249.3   301.2   328.8   346.7   366.9   391.2   427.2   505.6   695.4  3159.8  53209.0    53235
read      246.2   119.3    74.4   124.9   138.6   224.1   273.3   301.7   322.7   346.6   376.7   426.1   561.5  1087.3  1968.6  98075.0    97743
read      224.2    86.9    93.8   153.2   166.2   216.7   236.5   249.4   258.2   268.8   282.9   308.1   378.0   914.8  3814.5   5409.6     5419
read      250.7   111.2    93.8   152.7   168.6   242.9   272.3   288.6   299.7   314.4   332.3   358.4   425.9  1249.8  4634.6  14650.8    14764
read      226.9   122.3   101.3   150.7   163.3   217.2   239.4   252.5   262.5   273.3   289.4   315.2   396.6  1137.8  6342.3   7490.0     7451

Total QPS = 53202.0 (15960602 / 300.0s)

Total connections = 64
Misses = 0 (0.0%)
Skipped TXs = 0 (0.0%)

RX 3942268694 bytes :   12.5 MB/s
TX          0 bytes :    0.0 MB/s
Warning! Detected max cpu usage > 95%
CPU Usage Stats (avg/min/max): 99.73%,50.00%,100.00%
