Random waveform, supplied seed
Total number of intervals = 20 (6927, 52892, 98921, 61129, 40613, 53226, 38560, 103465, 104758, 94759, 37799, 8296, 69443, 12517, 43591, 20430, 93758, 10485, 16518, 83230)
Average QPS expected = 52565
Timestamp start: 1778684972679
Timestamp end: 1778685272966

#type       avg     std     min      p5     p10     p50     p67     p75     p80     p85     p90     p95     p99    p999   p9999      QPS   target
read      270.3   209.6   109.4   178.8   193.5   255.3   277.3   289.9   298.0   310.0   322.9   347.0   533.8  3214.1  7918.4   6947.3     6927
read      306.7   166.3    93.8   154.7   170.0   287.4   348.5   377.9   397.8   421.6   451.8   499.8   644.4  2121.6  4819.9  52882.7    52892
read      307.4   173.0    93.8   163.3   180.4   283.0   336.9   367.0   387.8   410.9   439.4   489.4   737.7  1984.9  6429.6  98824.4    98921
read      309.9   170.5    80.4   153.4   168.8   284.6   348.2   380.6   402.8   430.4   465.6   524.3   728.4  2142.8  4501.5  61185.9    61129
read      302.8   151.5    93.8   158.2   173.8   293.3   346.2   370.9   388.1   406.4   431.5   468.6   581.2  1728.5  4646.8  40534.5    40613
read      319.4   197.8    86.8   157.8   173.7   294.6   356.4   387.4   408.7   434.6   469.0   529.7   780.3  2611.8  7260.6  53192.4    53226
read      308.4   143.5    93.8   161.9   177.5   299.8   351.9   376.5   393.7   413.4   437.6   477.9   592.8  1776.4  3910.0  38548.5    38560
read      319.3   197.6    86.8   167.0   185.4   291.4   344.7   375.1   396.9   422.1   454.3   506.9   831.5  2709.9  6636.6 103449.9   103465
read      320.3   180.1    86.8   168.7   187.5   294.2   347.4   377.9   399.3   424.8   457.5   509.5   801.9  2333.1  4863.1 104734.0   104758
read      304.5   152.0    86.8   162.8   179.6   281.8   337.1   367.5   388.3   411.2   439.3   487.1   697.2  1623.5  4145.5  94823.6    94759
read      306.8   146.9    93.8   161.5   177.0   299.2   350.3   374.1   390.8   409.0   433.3   470.4   581.6  1736.4  3982.7  37886.8    37799
read      264.0    99.2   101.3   177.9   193.5   257.9   281.4   293.9   303.3   313.9   327.6   349.9   429.3  1399.2  3924.3   8294.9     8296
read      323.5   225.7    86.8   156.3   172.3   287.8   352.2   386.9   412.6   444.1   486.8   557.6   887.0  3147.0  7300.6  69463.6    69443
read      275.7   115.7   101.3   176.9   193.6   271.0   297.2   311.4   320.3   333.2   346.5   371.7   446.7  1340.0  5034.0  12500.9    12517
read      305.5   159.8    86.8   157.8   173.2   292.5   348.1   373.8   392.1   412.5   437.6   480.3   603.3  2109.9  5352.8  43636.7    43591
read      296.6   113.0   101.3   177.1   194.8   295.2   328.1   344.3   356.5   369.4   387.5   414.7   491.4  1264.9  3553.6  20432.6    20430
read      303.4   177.0    93.8   161.6   177.7   278.0   333.6   363.9   384.2   405.8   433.8   479.9   739.8  2053.1  6390.9  93725.3    93758
read      272.7   144.4   101.3   179.0   195.2   265.3   290.1   303.2   312.5   322.4   338.5   363.3   453.7  1580.2  7017.0  10527.0    10485
read      282.4   106.0   101.3   175.3   192.2   279.4   308.9   323.6   334.9   346.2   363.9   389.9   460.2  1211.2  3141.3  16506.3    16518
read      338.8   264.6    86.8   159.9   176.3   290.5   355.5   392.8   421.6   458.9   512.4   614.6  1215.5  3477.9  7718.4  83132.6    83230

Total QPS = 52561.5 (15768449 / 300.0s)

Total connections = 64
Misses = 0 (0.0%)
Skipped TXs = 0 (0.0%)

RX 3894806903 bytes :   12.4 MB/s
TX          0 bytes :    0.0 MB/s
Warning! Detected max cpu usage > 95%
CPU Usage Stats (avg/min/max): 99.74%,50.50%,100.00%
