Random waveform, supplied seed
Total number of intervals = 80 (6927, 52892, 98921, 61129, 40613, 53226, 38560, 103465, 104758, 94759, 37799, 8296, 69443, 12517, 43591, 20430, 93758, 10485, 16518, 83230, 5484, 55611, 20774, 96726, 32442, 73039, 74055, 51197, 59442, 35654, 78747, 42212, 52488, 36950, 16762, 79473, 61431, 87172, 108181, 80515, 37149, 13444, 72057, 70041, 90162, 52082, 24258, 72013, 58012, 45398, 50177, 34504, 66010, 73937, 55020, 53235, 97743, 5419, 14764, 7451, 48208, 16149, 78989, 18886, 75954, 44409, 16431, 85707, 58253, 103867, 21604, 90401, 84467, 99700, 32052, 18173, 67789, 51929, 83850, 18614)
Average QPS expected = 53849
Timestamp start: 1778892408423
Timestamp end: 1778893608713

#type       avg     std     min      p5     p10     p50     p67     p75     p80     p85     p90     p95     p99    p999   p9999      QPS   target
read      228.9    76.3    86.8   153.4   165.6   223.6   245.8   257.9   267.3   277.5   292.7   316.5   377.4   904.0  3099.4   6885.2     6927
read      275.1   121.7    68.9   128.5   143.3   257.7   316.8   350.5   373.6   399.1   431.1   481.7   583.4   866.4  2662.7  52816.8    52892
read      248.4   116.0    68.9   125.3   139.4   227.5   278.4   307.1   326.8   350.7   380.6   425.6   546.2  1050.5  2517.1  98937.6    98921
read      256.2   106.5    68.9   126.9   141.3   241.9   298.1   324.6   344.1   365.9   391.1   425.7   499.7   640.3  1990.9  61134.9    61129
read      272.5   111.5    74.4   132.5   148.5   264.0   314.4   341.7   360.9   381.8   406.3   446.6   538.3   769.7  1886.9  40613.7    40613
read      271.0   123.5    74.4   125.2   139.9   253.5   310.9   343.4   367.2   393.4   426.4   479.4   589.3   893.4  2826.6  53159.9    53226
read      275.3   115.9    74.4   134.2   150.3   266.9   317.8   345.9   364.7   385.4   409.5   448.7   535.9   792.8  2751.9  38623.8    38560
read      252.6   119.9    68.9   127.2   141.4   231.5   282.1   310.0   330.0   354.2   384.8   431.6   567.2  1139.5  3126.8 103411.7   103465
read      251.8   111.2    74.4   127.6   141.9   231.8   282.1   309.8   329.4   353.1   382.9   429.0   556.5  1003.0  2459.5 104690.3   104758
read      248.3   106.1    68.9   125.0   139.3   228.9   280.6   308.5   327.9   351.3   380.8   425.4   538.4   855.0  1959.6  94836.7    94759
read      279.2   146.1    74.4   136.0   151.7   268.3   318.2   345.3   364.1   384.7   408.8   448.8   550.5  1810.9  4179.0  37809.2    37799
read      230.6   153.9    86.8   149.4   161.0   218.9   241.8   254.2   264.2   274.5   290.5   315.9   401.8  2225.4  7473.3   8300.5     8296
read      293.7   231.1    74.4   124.0   138.4   249.9   315.5   357.0   388.3   427.1   481.4   565.1   911.9  3320.9  7017.8  69335.8    69443
read      242.1    99.0    86.8   150.8   164.7   236.6   263.3   277.3   288.3   300.1   316.0   342.9   403.9  1122.0  3963.7  12525.4    12517
read      276.2   153.4    74.4   129.2   143.9   259.6   313.6   343.9   365.5   389.3   418.3   463.6   581.1  2059.0  3972.9  43480.4    43591
read      260.9   109.4    80.4   146.0   162.1   255.3   289.6   307.6   319.2   336.2   357.0   387.3   462.0  1426.5  2969.6  20449.3    20430
read      251.4   125.9    74.4   124.5   138.9   229.4   281.3   309.3   329.0   353.1   383.9   431.4   582.9  1244.3  3522.8  93737.6    93758
read      243.1   168.3    74.4   152.9   166.5   234.2   259.6   273.4   284.3   295.8   312.4   340.0   406.4  1696.3  8081.3  10447.9    10485
read      259.3   101.8    86.8   153.0   168.5   254.1   284.7   300.6   312.3   325.7   344.9   373.2   450.0  1394.8  3151.8  16461.1    16518
read      253.9   133.4    68.9   124.6   138.8   230.7   285.3   314.7   336.2   361.6   392.0   435.0   566.4  1368.0  3896.6  83151.3    83230
read      216.8    80.2   101.3   148.8   159.1   209.1   230.9   242.8   251.2   262.2   275.2   299.1   367.8  1033.6  3179.6   5479.7     5484
read      282.8   174.3    74.4   126.9   141.1   255.5   317.6   354.5   379.8   407.6   443.7   501.2   673.5  2407.0  4212.5  55620.4    55611
read      266.3   104.3    80.4   150.4   165.9   262.5   296.5   314.0   326.6   342.6   362.7   391.6   461.2  1319.6  3109.8  20726.7    20774
read      257.4   149.2    68.9   127.7   141.7   232.3   284.9   313.7   334.9   360.0   391.2   437.7   598.0  1761.6  4363.3  96616.3    96726
read      278.6   124.9    80.4   141.3   157.0   270.8   316.2   341.3   359.0   378.0   400.7   436.0   538.0  1426.6  2766.0  32446.5    32442
read      277.3   202.5    68.9   125.0   139.3   241.2   303.1   337.4   363.4   393.4   432.5   507.0   754.3  2919.6  5258.8  72941.1    73039
read      253.9   110.9    74.4   125.9   140.1   234.2   290.5   319.4   341.1   365.4   393.6   431.9   525.5   770.1  2747.4  74024.9    74055
read      262.4   101.4    74.4   131.1   146.5   252.6   306.1   331.7   349.6   369.1   392.2   424.4   494.2   633.6  2053.9  51271.9    51197
read      259.0   103.5    68.9   128.6   143.2   244.5   301.0   328.7   348.4   369.6   394.4   428.3   503.9   662.6  2065.7  59519.3    59442
read      275.9   126.1    80.4   137.5   152.7   266.9   314.7   340.8   359.1   378.8   402.3   439.0   537.8  1472.9  3020.9  35647.3    35654
read      255.8   123.4    74.4   126.0   140.1   233.4   289.3   318.7   341.0   366.4   395.9   437.0   558.0  1127.1  3232.4  78651.1    78747
read      280.4   148.7    74.4   134.0   149.5   264.8   318.6   349.1   369.6   392.2   420.3   465.1   580.6  2030.8  3577.0  42295.5    42212
read      285.7   176.9    74.4   129.0   143.6   259.4   320.6   357.1   381.5   408.6   444.2   502.9   684.0  2353.7  4671.6  52609.3    52488
read      278.8   137.4    80.4   136.5   151.7   267.1   317.9   346.3   365.1   385.9   410.4   449.1   544.7  1864.3  3071.2  36967.2    36950
read      258.9   149.1    86.8   151.8   166.6   251.6   281.9   297.3   309.0   320.8   341.3   370.4   455.9  1774.1  7645.8  16788.3    16762
read      256.4   137.7    74.4   124.7   138.9   232.1   288.1   317.6   340.0   365.9   396.6   442.0   585.4  1530.2  4008.8  79415.5    79473
read      261.2   108.1    74.4   130.0   145.2   246.2   302.1   329.8   350.0   371.9   397.1   432.0   509.7   680.8  2559.7  61462.3    61431
read      251.7   107.1    68.9   126.3   140.4   230.8   284.6   313.7   335.0   360.1   390.5   432.7   539.6   856.9  2056.1  87012.2    87172
read      274.8   207.0    74.4   130.3   145.5   240.9   293.3   322.0   344.5   371.3   406.2   475.8   815.5  3018.7  6573.6 108113.6   108181
read      250.8   105.7    74.4   125.0   139.2   231.1   285.7   314.5   335.7   360.3   389.5   430.1   529.0   762.6  1789.7  80431.2    80515
read      279.6   145.3    80.4   136.9   152.1   266.5   316.6   344.5   363.7   384.9   410.6   454.0   576.6  1996.5  3922.9  37250.7    37149
read      257.1   146.6    86.8   155.5   169.9   247.2   275.9   291.8   303.1   316.2   335.8   366.1   458.0  1970.0  7291.8  13376.9    13444
read      257.8   144.7    74.4   125.4   139.6   234.8   292.8   322.1   344.0   368.7   397.6   438.6   555.9  1304.2  5525.7  71909.0    72057
read      254.7   109.2    74.4   125.8   140.1   235.7   293.3   321.6   343.1   366.9   394.6   432.5   522.0   718.7  2004.5  70098.9    70041
read      252.5   118.3    74.4   126.8   140.7   230.7   283.9   313.5   334.9   360.1   390.7   434.3   553.7   934.7  2312.7  90162.4    90162
read      262.6   102.5    74.4   130.9   146.1   252.3   306.2   332.1   350.5   370.1   393.4   426.0   497.0   635.6  2375.6  52008.2    52082
read      277.2   121.4    80.4   150.8   166.6   271.4   309.8   329.9   345.0   362.8   383.9   416.1   505.4  1528.6  3222.7  24343.6    24258
read      257.3   123.9    74.4   126.3   140.5   235.8   292.9   321.7   344.0   368.6   397.2   436.7   549.5  1054.9  3339.1  72093.9    72013
read      261.2   104.6    74.4   129.7   144.6   247.5   304.1   331.8   351.4   372.2   396.4   429.7   504.8   663.9  1865.8  57916.8    58012
read      266.1    98.7    74.4   134.6   150.6   259.7   309.9   334.3   351.2   369.4   391.2   421.4   487.9   620.8  2005.0  45411.8    45398
read      264.1   104.6    74.4   132.3   147.9   254.4   308.0   333.9   351.9   371.0   393.7   425.3   494.3   626.2  2271.1  50108.8    50177
read      279.3   136.3    80.4   139.9   155.6   268.9   316.4   342.7   360.8   380.2   403.1   440.3   544.9  1856.4  3452.7  34430.9    34504
read      292.9   213.3    74.4   127.4   141.7   252.8   317.7   357.7   386.5   421.2   469.1   548.8   911.1  2886.9  5726.4  65957.4    66010
read      253.4   109.6    74.4   125.3   139.5   234.3   289.6   317.6   338.6   362.9   391.8   432.6   536.6   814.7  2417.8  73935.2    73937
read      261.4   108.9    68.9   129.5   144.4   249.1   303.2   329.1   348.1   369.5   394.5   429.6   507.4   679.4  2875.2  54990.3    55020
read      261.2   102.2    74.4   129.8   144.7   250.6   303.6   329.1   347.7   368.3   392.7   427.5   503.3   661.7  2227.5  53158.6    53235
read      253.2   109.7    68.9   127.9   142.0   232.2   284.0   312.2   332.5   356.9   387.5   433.3   569.4  1009.6  2075.9  97645.9    97743
read      217.4    99.5    93.8   149.3   159.6   208.3   229.9   241.7   250.6   261.8   275.3   301.2   374.2  1311.1  3909.1   5385.1     5419
read      254.9   125.7    86.8   151.6   166.9   246.7   277.0   293.6   305.8   319.1   340.3   371.3   449.9  1416.1  6066.2  14750.5    14764
read      221.6   105.5    86.8   147.8   159.0   213.0   234.9   247.9   256.8   268.7   284.2   310.1   381.1  1315.7  4344.8   7440.8     7451
read      282.6   171.7    74.4   128.9   143.4   259.6   316.7   351.0   374.2   400.6   434.5   491.4   639.3  2346.3  4152.3  48182.9    48208
read      264.8   129.1    80.4   154.6   170.5   257.2   288.7   305.8   317.5   334.2   355.5   386.1   469.0  1624.1  6385.5  16210.8    16149
read      257.2   141.4    74.4   125.5   139.6   233.2   288.7   317.6   339.4   364.7   395.3   441.7   591.8  1468.7  4313.6  78893.5    78989
read      267.2   111.1    80.4   152.6   169.0   261.7   295.2   312.6   325.0   342.0   363.0   392.9   465.4  1382.2  2909.1  18856.0    18886
read      270.1   182.0    74.4   126.2   140.2   237.7   296.4   328.2   352.7   380.8   417.0   482.4   731.3  2493.2  5464.4  76090.2    75954
read      285.9   172.3    74.4   133.8   149.2   265.9   321.0   353.9   375.1   399.2   429.8   480.8   626.8  2347.0  5069.3  44372.6    44409
read      266.9   109.4    86.8   157.1   173.4   261.4   292.6   309.4   320.4   337.0   356.7   384.9   457.4  1427.3  3883.7  16481.1    16431
read      257.8   173.2    74.4   126.1   140.2   232.1   286.5   315.7   337.4   362.7   393.5   438.8   591.1  2026.3  6671.7  85730.1    85707
read      258.8   102.5    74.4   127.8   142.3   244.9   300.6   327.4   347.1   369.3   394.8   430.1   507.2   668.8  1739.5  58347.8    58253
read      254.4   118.5    74.4   127.9   142.1   231.7   283.2   311.5   332.0   356.8   388.2   436.6   593.2  1153.8  2561.7 103995.5   103867
read      273.4   112.3    86.8   152.6   169.0   267.8   303.5   321.4   337.2   354.2   373.4   403.1   489.2  1435.1  3344.5  21657.4    21604
read      253.8   132.4    74.4   125.9   140.0   230.3   283.5   312.4   333.4   358.6   389.7   435.5   589.7  1285.8  3878.5  90405.9    90401
read      251.9   110.5    74.4   124.9   139.1   230.8   285.0   314.0   335.0   359.9   390.0   433.6   558.3   910.7  2080.5  84463.5    84467
read      253.9   118.8    74.4   127.2   141.4   231.8   283.5   311.6   331.9   356.5   387.5   434.9   586.8  1224.2  2499.1  99819.3    99700
read      279.7   126.3    74.4   140.9   156.9   270.1   315.8   341.5   359.6   379.2   403.0   442.8   549.3  1518.6  2871.9  31870.9    32052
read      268.0   157.4    80.4   151.1   167.3   258.0   291.7   309.6   321.3   339.2   361.0   393.5   500.1  1980.9  7614.4  18124.3    18173
read      281.0   142.9    74.4   126.2   140.3   250.8   314.1   352.5   381.4   417.2   467.0   541.8   703.0  1060.0  2671.4  67691.2    67789
read      282.3   125.3    74.4   130.9   146.3   264.0   323.2   358.3   382.1   408.6   444.2   500.6   611.5   899.9  2124.5  51953.5    51929
read      253.0   112.5    68.9   126.6   140.9   233.2   286.7   314.8   335.5   359.7   389.1   431.9   546.7   857.6  1785.8  83934.8    83850
read      268.3   101.6    74.4   154.6   171.8   265.4   298.2   315.1   327.9   343.8   363.6   391.7   452.3   815.9  3494.6  18575.4    18614

Total QPS = 53836.0 (64603228 / 1200.0s)

Total connections = 64
Misses = 0 (0.0%)
Skipped TXs = 0 (0.0%)

RX 15956997563 bytes :   12.7 MB/s
TX          0 bytes :    0.0 MB/s
Warning! Detected max cpu usage > 95%
CPU Usage Stats (avg/min/max): 99.84%,2.00%,100.00%
