Random waveform, supplied seed
Total number of intervals = 60 (6927, 52892, 98921, 61129, 40613, 53226, 38560, 103465, 104758, 94759, 37799, 8296, 69443, 12517, 43591, 20430, 93758, 10485, 16518, 83230, 5484, 55611, 20774, 96726, 32442, 73039, 74055, 51197, 59442, 35654, 78747, 42212, 52488, 36950, 16762, 79473, 61431, 87172, 108181, 80515, 37149, 13444, 72057, 70041, 90162, 52082, 24258, 72013, 58012, 45398, 50177, 34504, 66010, 73937, 55020, 53235, 97743, 5419, 14764, 7451)
Average QPS expected = 53209
Timestamp start: 1778663463908
Timestamp end: 1778663764202

#type       avg     std     min      p5     p10     p50     p67     p75     p80     p85     p90     p95     p99    p999   p9999      QPS   target
read      405.5   711.7   109.4   180.3   195.5   262.2   290.6   309.1   323.8   347.4   428.8  1080.4  4066.0  7995.4  9630.2   6920.0     6927
read      727.5  1475.9    86.8   157.7   181.1   320.5   418.5   495.4   563.9   686.4  1223.2  3197.1  7995.8 14933.9 18615.1  52804.8    52892
read      941.6  1315.3    80.4   180.9   213.3   322.7   406.0  1117.3  1596.8  2299.0  2788.5  3602.9  6277.4  8537.9 11490.4  98911.2    98921
read      909.1  1708.4    86.8   176.1   203.1   303.4   356.1   404.4   483.8  1127.5  2938.9  5317.5  7905.1 12663.8 16207.4  61210.4    61129
read      627.5  1144.3    80.4   154.5   174.3   297.5   392.2   474.3   567.5   748.3  1143.0  2358.0  6443.4 11151.0 15327.6  40669.0    40613
read      756.1  1661.1    86.8   154.0   175.5   311.0   390.2   449.2   507.3   631.9  1195.9  3260.1  9354.0 14026.9 18189.6  53330.0    53226
read      636.4  1285.7    86.8   153.0   173.5   308.7   386.7   442.2   495.2   596.0  1033.5  2280.7  7581.0 12978.5 16855.0  38435.2    38560
read      938.6  1757.9    86.8   185.8   217.8   335.8   429.4   785.1  1349.6  1593.4  2340.5  3339.3  8939.8 18076.3 22842.7 103704.2   103465
read      611.4   951.8    86.8   192.2   223.2   343.4   402.0   447.2   492.3   583.5  1295.7  2582.0  4657.7  8562.9 17506.5 105009.4   104758
read      534.3   787.1    80.4   180.4   204.6   319.3   379.4   424.3   466.8   548.6   888.3  1854.3  3776.8  8041.5 11884.1  94876.8    94759
read      384.2   479.3    86.8   150.1   167.9   279.1   343.0   387.4   424.7   477.8   568.2   884.4  2479.3  7153.7  8850.3  37782.8    37799
read      315.8   333.6   109.4   175.6   191.5   261.9   291.1   308.6   320.9   340.9   373.8   609.7  1435.1  5606.1  8105.3   8249.4     8296
read      608.8  1137.5    80.4   153.1   173.9   306.7   392.0   465.8   545.5   700.9  1059.5  2024.9  6860.5 11475.3 14820.2  69459.0    69443
read      356.4   396.9    93.8   169.3   188.2   276.5   313.2   335.5   353.4   379.6   444.5   919.8  1977.9  6284.3  8132.0  12547.8    12517
read      570.5  1045.7    80.4   149.0   169.1   312.3   396.6   450.7   497.6   577.3   931.1  2068.6  5730.1 11981.9 18994.1  43542.8    43591
read      409.9   474.4    86.8   157.2   178.2   300.4   350.0   380.1   403.6   444.2   611.9  1239.8  2444.3  7027.9  8077.5  20467.6    20430
read      816.5  1494.6    86.8   179.8   207.1   321.3   428.5   669.2  1070.1  1421.4  1737.0  2923.4  7516.4 17737.1 21752.0  93803.6    93758
read      398.2   647.3    93.8   158.1   175.2   261.2   300.6   325.4   347.5   395.2   606.2  1113.4  2807.2  8000.9 12210.4  10424.0    10485
read      385.8   452.3    93.8   160.8   181.4   289.5   333.1   359.7   381.8   417.5   530.2  1053.7  2244.0  7036.9  8099.7  16546.4    16518
read      852.5  1494.4    86.8   174.6   202.1   313.8   382.8   472.2   696.3  1279.3  2264.4  4449.0  7321.4 10035.8 17742.4  83325.0    83230
read      358.6   608.0   101.3   170.3   185.0   248.7   277.6   296.1   314.5   343.9   437.3   854.2  2306.8  8018.9 10056.5   5552.6     5484
read      674.9  1320.4    80.4   152.9   174.8   307.8   391.2   459.5   530.6   681.3  1254.6  2741.2  7528.1 12771.4 17193.2  55706.6    55611
read      392.5   425.9    93.8   157.6   178.0   298.1   347.9   377.3   400.3   434.7   540.2  1130.1  2248.5  4308.6  8100.0  20761.8    20774
read      748.4  1301.9    80.4   184.3   212.2   324.7   406.6   509.9   750.4  1315.5  1609.5  2783.9  7960.7 12033.9 15143.8  96511.8    96726
read      493.2   678.8    86.8   152.7   172.3   304.1   381.0   431.8   480.1   569.3   954.3  1792.7  3336.9  7764.8  9302.2  32707.2    32442
read      863.4  1648.4    80.4   172.6   199.6   329.9   420.5   549.9   788.5  1208.2  1776.6  3575.7  9217.4 13153.6 17389.0  73304.2    73039
read      841.1  1665.7    80.4   175.0   201.9   344.4   428.3   513.3   641.3  1012.5  1570.3  3440.0  9405.5 12864.5 16252.7  74156.0    74055
read      615.5  1085.6    86.8   154.3   175.4   309.2   400.2   474.6   548.2   685.1  1129.4  2381.9  6074.8 10196.7 15030.2  51061.0    51197
read      641.1  1178.4    86.8   152.5   173.1   304.8   388.3   457.4   530.0   674.1  1162.2  2689.1  6725.8 10075.8 13585.7  59406.6    59442
read      394.8   478.3    86.8   148.6   166.1   289.0   345.7   380.4   407.3   447.9   532.0  1118.0  2541.5  6237.7  8176.7  35653.8    35654
read      911.3  1653.9    86.8   172.6   201.1   313.7   367.4   420.0   522.1  1242.6  2816.4  5338.5  7704.5 11297.2 13543.0  78722.4    78747
read      586.6   957.1    86.8   152.0   172.0   301.8   388.7   454.5   516.6   658.0  1198.3  2328.7  5078.7  9157.2 11769.9  42252.4    42212
read      700.7  1407.2    86.8   154.0   175.3   305.7   388.0   450.8   509.0   620.5  1232.8  3139.4  7898.0 12648.7 17947.8  52346.4    52488
read      331.5   301.1    86.8   147.0   164.2   284.8   337.8   367.6   390.6   419.7   462.5   558.7  1632.6  3622.3  7853.7  37138.4    36950
read      332.9   306.2    93.8   162.5   182.8   286.2   326.9   348.4   365.8   387.5   421.8   578.5  1504.9  3886.7  8012.9  16793.6    16762
read      594.6   885.5    80.4   161.1   183.1   316.6   406.5   490.6   584.8   793.5  1256.2  2258.5  4877.6  8022.9 11036.9  79100.8    79473
read      474.7   592.9    86.8   149.6   168.9   312.5   410.0   484.3   547.8   638.6   809.4  1320.6  3147.8  7278.9  8961.4  61402.8    61431
read      587.5   921.9    80.4   162.2   184.2   310.6   388.5   454.7   528.5   680.8  1147.3  2361.4  5372.3  7975.1  9775.0  87091.2    87172
read      571.5   851.1    86.8   170.8   194.7   317.2   380.2   429.3   481.7   604.0  1332.8  2182.3  4211.9  7913.4 10540.9 108192.8   108181
read      568.9   842.1    86.8   159.8   181.2   309.5   396.5   478.1   569.8   744.4  1156.5  2117.6  4633.8  7911.2  9971.4  80628.0    80515
read      352.7   368.8    93.8   147.7   165.1   286.6   341.0   372.8   398.1   431.4   486.0   670.3  2074.1  4238.7  8002.7  37167.4    37149
read      317.2   272.9    86.8   165.3   184.4   273.7   309.0   328.5   342.9   363.0   393.7   541.3  1458.3  2973.7  7825.6  13360.0    13444
read      635.7  1029.5    80.4   156.2   177.6   303.5   400.8   516.8   667.4   961.9  1409.8  2389.2  5571.6 10195.3 13491.9  71893.2    72057
read      533.1   631.6    80.4   154.1   174.9   314.3   435.4   554.5   673.3   854.6  1142.7  1713.3  3131.9  7222.2  9112.0  69977.2    70041
read      623.9  1004.4    86.8   168.1   191.6   322.1   402.1   472.1   555.9   738.3  1247.1  2549.6  6094.3  8489.5 11954.1  90476.6    90162
read      406.9   504.7    86.8   147.8   166.7   305.8   385.0   435.6   475.8   528.2   603.3   808.7  2655.8  7321.0  8923.9  52018.8    52082
read      341.6   328.0    93.8   154.7   173.9   286.8   333.3   359.9   379.9   404.8   445.1   592.0  1867.5  3695.8  7979.5  24182.0    24258
read      534.3   702.0    86.8   153.5   174.1   304.5   403.1   502.4   607.4   794.5  1138.0  1845.4  3440.7  7660.7 10025.5  72186.0    72013
read      436.1   546.4    86.8   147.4   165.9   300.1   381.5   440.4   492.5   566.3   692.5  1141.1  3023.8  6872.0  8135.3  58076.8    58012
read      430.9   634.1    86.8   148.5   166.6   296.1   364.4   408.4   446.1   500.7   598.8  1063.4  3391.3  7815.0  9757.3  45412.4    45398
read      438.7   557.1    86.8   150.2   169.5   309.4   390.5   444.9   490.1   549.6   655.3  1122.1  3050.1  7346.5  9374.8  50103.0    50177
read      337.6   333.2    86.8   147.7   164.7   284.3   334.4   363.0   384.9   413.1   457.4   579.1  1890.4  3598.7  8001.4  34676.4    34504
read      572.9   720.0    86.8   159.6   181.3   327.1   448.5   573.0   696.2   893.4  1218.0  1951.6  3608.3  7572.2  8921.7  66019.4    66010
read      580.4   828.2    80.4   157.0   177.9   305.2   398.3   502.5   628.2   865.7  1266.1  2147.9  4411.9  7916.7  9762.9  73883.4    73937
read      436.0   541.1    86.8   148.9   168.3   309.1   395.1   454.1   503.1   568.3   673.2  1062.5  2955.9  7188.3  9224.6  55118.2    55020
read      420.9   505.7    86.8   146.6   165.2   300.0   380.1   433.2   478.1   539.0   636.9  1072.2  2865.3  6052.1  8073.6  53134.8    53235
read      550.9   807.6    86.8   161.3   182.6   303.4   367.4   420.8   484.4   678.3  1285.2  2051.0  3752.5  7829.5 12341.1  97658.2    97743
read      271.9   228.0   101.3   173.7   186.2   240.5   263.3   275.1   286.6   298.9   319.4   374.3  1086.2  2616.5  7865.1   5454.4     5419
read      346.0   318.8    86.8   164.4   184.1   282.2   322.1   345.2   364.9   391.9   446.5   826.3  1712.4  2894.4  7847.5  14773.0    14764
read      281.9   205.3    93.8   171.6   187.0   251.2   278.0   293.3   305.8   320.5   344.4   428.0  1058.5  2169.2  7805.3   7538.0     7451

Total QPS = 53227.0 (15968095 / 300.0s)

Total connections = 64
Misses = 0 (0.0%)
Skipped TXs = 0 (0.0%)

RX 3944119465 bytes :   12.5 MB/s
TX          0 bytes :    0.0 MB/s
Warning! Detected max cpu usage > 95%
CPU Usage Stats (avg/min/max): 99.73%,50.00%,100.00%
