Random waveform, supplied seed
Total number of intervals = 60 (6927, 52892, 98921, 61129, 40613, 53226, 38560, 103465, 104758, 94759, 37799, 8296, 69443, 12517, 43591, 20430, 93758, 10485, 16518, 83230, 5484, 55611, 20774, 96726, 32442, 73039, 74055, 51197, 59442, 35654, 78747, 42212, 52488, 36950, 16762, 79473, 61431, 87172, 108181, 80515, 37149, 13444, 72057, 70041, 90162, 52082, 24258, 72013, 58012, 45398, 50177, 34504, 66010, 73937, 55020, 53235, 97743, 5419, 14764, 7451)
Average QPS expected = 53209
Timestamp start: 1778660799010
Timestamp end: 1778661099302

#type       avg     std     min      p5     p10     p50     p67     p75     p80     p85     p90     p95     p99    p999   p9999      QPS   target
read      263.6   104.4   101.3   175.4   190.9   256.2   280.3   293.4   303.5   315.5   332.5   360.8   431.3  1228.5  4043.0   6947.6     6927
read      301.4   170.5    86.8   144.5   161.0   279.6   337.4   368.4   390.8   417.6   453.3   508.2   691.6  2038.8  5319.5  52715.8    52892
read      426.2   488.3    80.4   158.5   179.3   305.9   378.8   432.9   483.2   556.4   683.0  1024.8  3088.6  5264.8  8645.2  98939.4    98921
read      295.8   152.9    86.8   141.3   156.8   272.5   332.9   366.1   390.5   419.7   458.1   518.0   676.7  1485.1  3994.7  61142.2    61129
read      291.6   122.5    86.8   146.8   163.4   282.0   332.9   359.0   376.9   398.2   425.9   468.2   574.1  1162.5  3058.8  40622.8    40613
read      297.2   175.1    86.8   142.3   158.4   277.0   334.9   366.0   388.4   414.6   448.7   503.5   646.2  2106.8  6880.8  53128.8    53226
read      287.9   119.3    86.8   146.8   163.2   280.0   329.0   353.5   370.5   390.8   416.0   456.3   547.1  1184.0  3038.2  38482.8    38560
read      508.4   657.5    86.8   170.1   194.4   328.5   401.9   457.1   507.8   596.8   851.0  1605.5  3474.0  7377.4  9464.5 103361.2   103465
read      465.7   547.3    80.4   165.5   188.3   311.4   378.6   429.8   480.3   577.6   843.8  1448.3  3093.7  5786.8  8084.8 104733.0   104758
read      418.1   450.5    80.4   157.4   178.0   305.1   376.9   430.4   479.6   554.3   691.6  1038.8  2550.2  4682.8  8867.1  94575.4    94759
read      296.1   146.8    86.8   148.8   165.4   285.6   334.4   359.9   377.6   398.4   425.8   468.1   580.7  1978.4  3893.8  37789.6    37799
read      258.6    89.4   109.4   173.6   188.8   252.7   275.8   289.1   297.4   310.1   323.9   346.2   423.4  1096.8  3750.4   8280.8     8296
read      300.1   174.0    80.4   141.4   157.0   270.7   332.6   368.0   394.8   427.9   470.9   540.4   721.9  2191.1  4673.2  69182.8    69443
read      268.8   108.3    93.8   169.7   188.0   263.8   290.7   305.4   315.7   328.4   343.8   370.9   444.9   992.9  5222.8  12628.6    12517
read      286.3   121.0    86.8   143.7   159.9   275.1   327.5   354.0   372.3   394.1   421.5   463.1   566.7  1277.1  2518.8  43435.4    43591
read      281.6   101.0    93.8   163.4   181.7   278.4   311.7   329.1   341.1   356.1   373.7   403.0   477.0  1084.0  2741.7  20573.2    20430
read      419.2   443.6    80.4   157.5   178.2   306.1   377.7   431.0   481.5   560.4   710.4  1095.5  2273.8  5332.5  8330.9  93745.4    93758
read      265.7   127.1   101.3   171.4   188.7   259.0   283.8   296.8   307.6   318.6   334.8   359.2   434.5  1596.1  6263.4  10478.2    10485
read      280.4    90.8    93.8   168.1   187.5   277.7   308.5   324.3   336.4   349.4   367.5   395.8   465.9   957.9  3212.2  16500.2    16518
read      332.6   250.0    80.4   146.7   163.7   280.9   346.6   389.8   425.1   470.9   538.5   657.9  1102.8  3183.6  7733.8  83030.4    83230
read      251.7   150.5   101.3   171.3   185.5   241.8   263.1   274.2   284.0   294.3   309.6   334.2   423.3  1697.6  7806.0   5526.0     5484
read      299.1   159.4    86.8   144.1   160.4   278.8   337.4   368.9   392.2   420.0   456.8   513.9   647.3  1621.5  4181.6  55324.8    55611
read      278.6   102.3    86.8   161.0   178.8   274.6   307.8   324.9   337.7   352.0   370.8   400.4   486.4  1195.4  3022.6  20753.4    20774
read      449.9   517.3    80.4   158.5   179.6   308.8   383.7   440.8   497.1   589.2   792.4  1349.3  2907.5  5468.7 10210.5  96672.0    96726
read      288.6   122.5    86.8   150.4   167.3   282.1   326.5   348.8   365.0   383.5   406.1   444.8   540.2  1422.1  3226.5  32522.0    32442
read      307.6   206.0    86.8   141.7   157.6   272.6   336.1   372.8   400.8   435.7   484.4   561.9   790.8  2702.7  6451.1  72798.6    73039
read      303.9   206.0    80.4   141.1   156.9   269.0   331.7   367.9   395.4   429.3   473.7   547.2   766.1  2946.9  6236.4  74086.2    74055
read      291.0   162.5    86.8   141.5   157.2   273.2   330.1   360.0   381.4   406.2   438.9   490.2   600.9  1647.2  7251.4  51143.2    51197
read      298.9   184.5    80.4   141.9   157.6   274.0   334.2   367.5   392.0   421.7   460.8   523.1   670.7  2151.4  6831.3  59382.2    59442
read      294.1   125.3    86.8   150.2   166.9   286.4   334.0   358.7   375.7   396.5   423.2   464.5   563.5  1305.6  4130.4  35665.6    35654
read      354.8   349.2    80.4   149.2   166.5   289.4   357.9   401.3   437.3   487.3   557.0   692.0  1499.1  4865.2  9236.3  78720.8    78747
read      313.7   295.6    80.4   145.4   162.1   282.0   335.9   364.4   385.0   409.3   443.2   502.2  1041.6  4044.9 10247.8  42178.8    42212
read      294.4   161.9    86.8   142.2   158.0   275.0   332.7   363.5   385.6   411.7   446.4   500.1   629.2  1723.9  7132.7  52457.4    52488
read      289.5   121.3    86.8   148.2   164.5   281.7   330.0   354.8   371.7   392.2   417.9   458.1   551.5  1190.3  3271.2  37094.2    36950
read      277.9   112.2    93.8   168.4   187.5   273.5   303.0   318.3   330.2   343.1   361.8   390.7   467.6  1176.5  2370.8  16731.6    16762
read      332.3   300.8    80.4   144.7   161.6   278.6   344.0   385.1   418.3   462.4   525.1   636.9  1116.3  4548.3  8095.0  79480.8    79473
read      305.3   205.4    86.8   143.5   159.8   278.2   338.9   372.3   397.4   428.1   468.2   533.1   692.1  2674.2  6910.6  61307.6    61431
read      362.9   321.1    86.8   151.2   169.4   290.2   359.1   404.1   444.8   500.5   584.3   767.0  1638.8  3733.6  7587.1  87090.0    87172
read      567.2   714.5    86.8   185.6   213.2   351.9   427.4   482.9   535.7   633.3  1314.4  1858.5  3544.2  7568.5  9638.0 108202.4   108181
read      348.1   295.7    86.8   149.5   166.8   287.1   354.3   398.5   436.6   489.1   565.3   706.3  1283.3  3888.2  7951.5  80456.8    80515
read      290.2   125.1    86.8   147.9   164.3   282.4   331.0   355.7   372.6   393.0   418.6   459.2   552.0  1196.3  3008.6  37203.4    37149
read      272.2   110.2    93.8   168.0   186.8   265.3   292.9   308.3   318.6   332.7   349.0   378.0   480.0  1447.1  3962.2  13450.8    13444
read      312.7   190.3    80.4   144.0   160.2   277.5   341.5   379.3   408.5   446.6   497.2   580.3   835.0  2304.1  5497.5  72085.8    72057
read      307.6   201.3    80.4   142.2   158.3   274.0   336.4   372.2   399.7   433.9   480.8   553.7   782.5  2831.9  6089.7  69970.2    70041
read      422.0   439.5    86.8   159.4   179.9   309.8   382.7   436.1   488.3   572.0   728.4  1089.4  2246.6  5293.1  9049.3  90005.4    90162
read      299.6   164.4    86.8   144.5   161.0   280.3   337.7   368.6   390.8   417.0   451.7   505.7   638.8  1984.4  5756.4  52123.2    52082
read      288.8   101.7    93.8   160.3   177.9   285.1   323.0   342.7   357.2   372.7   394.7   429.0   513.5  1098.8  2676.3  24308.6    24258
read      359.9   372.1    86.8   150.0   167.7   294.2   362.8   406.2   442.6   490.7   559.4   695.5  1416.1  5381.2 10661.7  72075.2    72013
read      310.7   194.6    80.4   145.0   161.4   282.9   343.8   377.7   402.6   433.9   475.9   545.5   769.9  2431.9  7287.7  57794.6    58012
read      320.0   324.8    86.8   145.6   162.0   282.8   338.6   368.1   389.5   415.1   451.2   518.5  1173.9  4212.1 11037.4  45572.0    45398
read      295.3   149.0    86.8   143.1   159.0   277.7   335.1   365.2   386.7   411.6   444.8   498.1   628.3  1746.4  3376.4  50191.4    50177
read      298.8   183.6    86.8   150.9   168.0   285.6   332.2   356.2   372.5   392.9   418.6   460.3   616.0  2462.6  7054.3  34446.0    34504
read      324.7   291.4    86.8   143.5   159.8   278.1   341.5   378.5   406.3   442.6   493.1   581.0  1236.0  3616.2  8128.4  65928.2    66010
read      318.5   277.1    80.4   141.9   158.2   272.1   336.0   373.3   402.3   439.7   491.7   577.8  1104.2  3916.4  7868.8  74020.6    73937
read      294.2   151.7    80.4   141.5   157.2   274.6   333.1   364.3   386.6   412.5   446.9   500.0   631.5  1994.2  3699.9  55034.4    55020
read      297.0   156.2    86.8   143.1   159.3   277.5   335.4   366.2   388.6   414.9   449.1   502.5   641.6  1852.7  3821.3  53319.6    53235
read      409.9   396.3    80.4   156.9   177.3   301.0   373.8   430.8   487.5   577.2   727.2  1053.0  2061.7  4245.9  7970.2  97709.6    97743
read      251.8   102.4   101.3   170.5   185.2   241.9   264.0   275.3   285.5   295.6   311.8   337.4   454.6  1537.7  3518.8   5396.8     5419
read      272.3   104.9   101.3   168.1   186.2   266.6   294.1   309.4   319.5   333.3   348.8   374.7   459.3  1582.8  3023.6  14712.2    14764
read      253.6    83.7   101.3   170.8   185.8   246.6   269.3   281.8   290.9   301.8   317.3   341.8   426.8  1297.1  2579.8   7455.8     7451

Total QPS = 53178.2 (15953459 / 300.0s)

Total connections = 64
Misses = 0 (0.0%)
Skipped TXs = 0 (0.0%)

RX 3940504373 bytes :   12.5 MB/s
TX          0 bytes :    0.0 MB/s
Warning! Detected max cpu usage > 95%
CPU Usage Stats (avg/min/max): 99.73%,50.00%,100.00%
