Random waveform, supplied seed
Total number of intervals = 80 (6927, 52892, 98921, 61129, 40613, 53226, 38560, 103465, 104758, 94759, 37799, 8296, 69443, 12517, 43591, 20430, 93758, 10485, 16518, 83230, 5484, 55611, 20774, 96726, 32442, 73039, 74055, 51197, 59442, 35654, 78747, 42212, 52488, 36950, 16762, 79473, 61431, 87172, 108181, 80515, 37149, 13444, 72057, 70041, 90162, 52082, 24258, 72013, 58012, 45398, 50177, 34504, 66010, 73937, 55020, 53235, 97743, 5419, 14764, 7451, 48208, 16149, 78989, 18886, 75954, 44409, 16431, 85707, 58253, 103867, 21604, 90401, 84467, 99700, 32052, 18173, 67789, 51929, 83850, 18614)
Average QPS expected = 53849
Timestamp start: 1778885375790
Timestamp end: 1778886576079

#type       avg     std     min      p5     p10     p50     p67     p75     p80     p85     p90     p95     p99    p999   p9999      QPS   target
read      230.1    76.4    86.8   156.4   168.7   223.2   246.1   259.5   269.7   281.7   295.6   318.3   372.6   809.0  2293.9   6930.3     6927
read      257.3   101.9    74.4   127.8   142.5   246.0   300.4   325.1   342.1   361.4   385.4   422.9   497.9   632.2  2128.1  52876.1    52892
read      246.5   105.4    68.9   123.9   138.1   225.5   278.4   307.7   327.5   350.4   379.3   426.0   540.8   878.4  1688.4  98960.9    98921
read      252.1   104.3    74.4   124.1   138.4   235.9   292.9   320.1   338.3   358.6   384.0   424.3   506.6   673.9  2435.7  61193.7    61129
read      267.2   100.0    74.4   134.2   150.3   260.7   310.6   333.7   349.2   367.5   391.7   427.9   503.2   666.4  2014.2  40631.3    40613
read      259.8   104.9    74.4   128.6   143.3   246.9   304.0   330.0   346.9   366.5   391.6   428.6   502.7   657.2  2295.0  53255.6    53226
read      271.8   103.6    74.4   136.0   151.9   265.9   315.6   339.3   355.6   373.1   398.9   434.9   510.4   724.9  2391.9  38598.5    38560
read      249.2   109.0    74.4   127.1   140.9   227.8   280.0   309.6   330.0   353.2   382.2   428.2   539.6   893.2  2403.9 103356.1   103465
read      253.3   111.8    74.4   129.0   143.2   231.9   284.3   313.5   334.2   358.0   387.9   433.9   551.6   922.4  2261.4 104698.2   104758
read      247.2   106.4    68.9   124.8   138.7   225.8   279.4   309.4   330.0   353.2   382.1   427.4   531.7   853.6  1914.1  94885.2    94759
read      276.1   150.2    74.4   137.3   153.0   266.5   316.3   340.1   356.6   374.5   401.1   438.3   535.7  1472.1  7381.7  37845.2    37799
read      232.1   139.5    86.8   152.7   164.5   220.4   243.9   257.6   268.9   281.5   295.9   320.3   399.1  1871.6  6290.5   8283.9     8296
read      253.5   115.1    74.4   124.4   138.6   232.7   292.2   321.8   341.5   363.6   391.6   433.0   527.3   936.2  2955.6  69351.8    69443
read      243.3    94.5    80.4   152.5   166.3   235.6   265.2   281.5   292.0   304.6   319.7   345.0   412.6  1092.8  2744.9  12510.0    12517
read      265.0   108.5    74.4   131.0   146.2   253.7   307.1   331.3   347.6   367.1   393.2   432.6   533.2   962.0  2336.9  43667.1    43591
read      262.9    98.1    80.4   149.9   165.5   257.7   294.6   312.4   324.5   339.2   357.7   386.8   459.9  1128.6  2507.8  20441.7    20430
read      251.9   126.8    74.4   125.4   139.4   227.9   282.8   313.0   333.7   357.2   387.2   434.1   570.7  1291.7  3495.6  93625.7    93758
read      240.1   122.4    93.8   154.3   167.4   230.9   257.4   273.1   284.2   295.6   311.8   336.5   400.6  1616.1  6796.4  10468.4    10485
read      261.9   125.5    80.4   154.5   169.9   254.3   288.6   305.0   316.2   330.0   345.9   372.9   452.7  1587.5  4261.3  16556.8    16518
read      248.9   124.6    74.4   123.0   136.8   226.1   282.4   312.4   332.7   355.4   384.0   429.8   548.1  1096.3  3441.6  83136.5    83230
read      218.8   107.3    86.8   150.9   161.6   208.8   229.7   241.9   251.0   263.2   278.9   303.4   371.5  1299.7  3974.8   5498.4     5484
read      259.4   114.2    74.4   127.6   141.7   242.8   301.5   328.9   346.9   367.4   394.0   433.6   527.7   850.2  2753.9  55563.5    55611
read      262.7   103.2    80.4   148.8   164.3   257.7   294.3   311.9   323.7   338.7   357.2   386.0   459.9  1246.9  2550.5  20749.9    20774
read      252.6   132.5    74.4   125.0   139.1   228.0   282.1   312.2   333.2   357.3   388.1   436.5   589.0  1481.2  3542.2  96717.0    96726
read      270.3   119.2    74.4   137.0   152.6   262.7   309.5   332.1   347.3   365.8   389.7   426.7   511.3  1313.5  2720.6  32433.6    32442
read      251.3   117.2    68.9   123.4   137.4   230.0   288.6   318.0   337.9   360.1   387.9   430.6   533.8   999.3  3091.5  73067.7    73039
read      250.4   108.1    68.9   123.8   137.9   229.8   288.3   318.3   338.5   360.9   388.8   430.4   520.6   734.0  2317.1  73998.5    74055
read      259.2   107.1    74.4   128.8   143.5   247.3   303.6   328.7   345.1   364.4   388.5   424.5   495.2   636.0  2494.0  51347.7    51197
read      257.6   110.5    74.4   127.7   141.8   241.4   300.4   327.9   346.1   366.6   392.3   430.0   506.3   684.9  2703.6  59493.9    59442
read      277.2   128.9    74.4   138.1   153.4   267.6   317.1   340.3   356.8   375.0   401.6   441.5   553.5  1700.3  2914.3  35577.8    35654
read      251.3   114.7    68.9   124.0   137.9   228.7   286.6   317.4   338.4   361.8   390.7   434.0   543.2   957.0  2881.0  78760.6    78747
read      267.7   122.3    74.4   132.7   148.2   257.1   309.5   333.5   349.7   368.3   392.9   430.4   525.1  1226.3  3119.3  42249.8    42212
read      259.4   104.2    74.4   128.9   143.3   245.7   303.5   330.2   347.4   367.0   391.8   428.3   505.1   674.1  2067.1  52466.3    52488
read      276.9   147.0    74.4   138.1   153.4   266.4   316.5   340.0   356.3   374.0   400.1   438.4   540.4  1915.3  5149.2  37006.6    36950
read      260.3   128.7    80.4   152.7   167.6   252.5   286.7   303.3   314.6   328.0   344.2   371.7   456.8  1639.5  5955.2  16748.7    16762
read      252.6   126.2    74.4   124.7   138.6   229.5   287.2   317.9   339.1   362.5   391.6   435.2   544.9  1065.1  3798.6  79435.3    79473
read      255.6   106.8    68.9   126.3   140.4   238.1   298.6   326.8   345.0   365.8   391.8   430.0   505.5   661.6  2316.7  61355.9    61431
read      250.3   111.5    74.4   125.1   138.9   227.3   283.2   314.5   335.8   359.7   389.1   433.1   543.3   991.1  2170.0  87226.5    87172
read      270.6   191.6    74.4   130.1   144.9   238.0   292.7   322.4   343.8   369.4   403.1   463.8   735.2  2950.3  5217.8 108252.2   108181
read      251.3   113.3    74.4   125.1   138.8   229.0   286.7   317.5   338.5   361.9   390.8   433.8   536.3   873.3  2183.8  80432.5    80515
read      273.1   126.9    74.4   136.7   151.9   264.0   314.6   337.7   353.6   371.4   396.6   433.9   529.5  1613.7  2970.6  37199.4    37149
read      253.2   131.3    93.8   154.3   168.6   243.9   274.8   291.0   302.2   315.0   332.3   360.0   443.5  1681.9  6109.6  13427.1    13444
read      253.4   126.0    74.4   124.5   138.5   232.0   290.8   320.7   341.0   363.6   391.5   433.1   532.9   908.7  3460.0  72013.8    72057
read      252.8   114.7    68.9   124.2   138.2   232.6   291.4   320.6   340.9   363.7   392.0   434.5   535.2   741.0  1884.8  70083.9    70041
read      249.4   113.9    74.4   124.2   138.1   226.7   281.4   312.5   333.5   357.1   386.6   432.5   551.8   950.4  2641.4  90141.5    90162
read      260.6   106.8    74.4   129.2   143.9   248.2   305.4   331.5   348.7   367.7   391.7   427.5   500.6   645.2  2165.0  51946.3    52082
read      269.6   108.2    80.4   146.1   162.1   264.9   304.8   323.5   337.4   352.9   371.9   404.3   486.9  1183.1  2882.5  24318.5    24258
read      253.8   124.4    74.4   124.6   138.5   232.0   291.2   321.2   341.4   363.8   391.7   433.5   535.1  1047.7  3522.3  72041.2    72013
read      256.4   105.6    74.4   127.0   141.0   240.8   300.2   327.1   345.0   365.4   390.4   427.3   502.2   652.2  2591.2  58007.9    58012
read      267.0   104.3    74.4   134.9   150.5   257.8   310.7   334.9   350.9   369.1   392.9   428.5   503.3   703.4  2820.9  45434.9    45398
read      261.5   107.4    74.4   130.5   145.3   249.6   306.0   331.4   348.2   367.3   391.3   427.3   501.9   667.9  2371.6  50094.9    50177
read      273.3   132.4    74.4   137.5   152.6   264.1   312.8   335.8   351.6   370.0   395.1   432.6   530.7  1559.0  3243.4  34492.5    34504
read      254.7   108.6    68.9   124.7   138.8   234.8   295.2   324.5   344.1   366.4   394.2   435.0   532.2   784.5  1990.8  66104.0    66010
read      251.4   109.8    74.4   123.8   137.8   230.5   288.7   319.1   339.8   362.7   390.8   432.7   527.7   775.9  2850.6  73951.9    73937
read      258.4   105.6    74.4   127.9   142.2   244.9   303.3   329.9   346.7   366.1   390.1   426.3   499.2   635.1  2493.6  54944.8    55020
read      259.8   106.6    74.4   128.7   143.2   246.8   304.8   331.2   348.2   367.4   391.4   427.0   500.6   655.1  1705.8  53294.7    53235
read      250.5   114.2    74.4   125.6   139.5   227.9   281.2   312.1   332.8   356.5   386.4   433.0   558.8  1032.6  2714.2  97733.3    97743
read      217.2   103.6   101.3   149.6   160.1   208.9   229.8   241.6   250.3   261.6   275.7   302.4   363.7  1008.6  4053.6   5413.1     5419
read      250.4    93.0    86.8   151.5   166.5   244.1   274.7   292.1   303.6   315.8   332.5   358.6   426.0  1200.7  2955.4  14786.3    14764
read      226.0    89.5    93.8   152.0   163.7   218.2   240.9   253.5   263.9   274.8   291.5   315.2   373.5  1084.2  3301.3   7465.3     7451
read      262.3   102.1    68.9   131.6   146.5   250.9   307.1   332.2   348.6   367.4   391.0   426.5   499.2   668.2  2002.8  48102.3    48208
read      256.4    95.9    80.4   152.4   167.7   250.8   284.0   301.0   312.4   325.2   342.3   369.2   435.9  1013.3  2905.6  16096.2    16149
read      251.2   128.2    74.4   123.2   136.9   228.4   285.9   316.8   337.3   360.5   389.4   433.4   545.0   956.9  4437.8  78979.1    78989
read      263.5   116.6    80.4   150.0   165.9   256.5   293.3   311.1   322.5   337.4   355.7   385.9   465.9  1331.8  4038.6  18875.1    18886
read      251.9   130.5    74.4   123.6   137.4   229.6   287.7   318.4   339.0   362.1   390.6   433.2   537.9   953.6  3970.9  75790.4    75954
read      264.1   108.7    74.4   132.8   147.9   254.4   308.3   332.5   348.2   366.6   389.6   424.7   501.7   729.4  2433.5  44496.1    44409
read      253.3    96.5    80.4   149.9   165.1   247.1   280.0   297.6   309.6   321.9   340.1   367.1   433.8  1112.2  2871.5  16489.3    16431
read      251.6   129.3    74.4   124.4   138.1   228.0   283.1   314.2   335.1   358.9   388.6   434.4   564.5  1241.4  3733.0  85718.6    85707
read      255.4   102.7    74.4   126.3   140.2   240.4   298.7   325.4   343.5   364.2   389.2   427.0   504.4   650.3  1761.6  58232.7    58253
read      251.8   115.5    68.9   126.7   140.6   229.5   281.7   311.7   332.4   356.3   386.7   434.5   574.7  1035.2  2650.3 103921.1   103867
read      264.7   105.8    80.4   147.7   163.6   259.7   297.4   315.3   328.0   342.5   361.8   391.4   463.9  1219.0  2959.4  21670.4    21604
read      249.8   115.0    68.9   124.5   138.2   226.8   281.2   312.4   333.7   357.7   387.2   433.1   559.6  1039.7  2753.1  90374.7    90401
read      248.2   110.1    74.4   123.7   137.4   226.5   281.6   312.7   333.8   357.5   386.6   430.7   536.0   796.0  2778.4  84402.2    84467
read      249.4   118.7    68.9   125.3   139.1   226.6   278.7   309.5   330.4   354.3   384.4   431.4   563.4  1091.3  2366.1  99796.1    99700
read      275.0   119.6    80.4   139.2   155.1   266.8   315.0   337.5   353.2   371.2   396.1   433.9   527.4  1366.2  3031.8  32028.3    32052
read      262.2   100.6    80.4   150.4   166.2   256.4   292.3   310.2   321.4   336.5   354.7   383.6   460.5  1202.2  3123.3  18184.7    18173
read      253.0   118.7    68.9   123.6   137.6   233.0   291.5   321.0   340.8   363.0   390.1   430.9   525.2  1014.6  2838.0  67695.0    67789
read      258.8   119.1    74.4   127.9   141.7   245.0   301.6   327.8   344.8   364.7   389.5   427.8   509.2   792.6  3175.5  51929.7    51929
read      247.3   110.4    68.9   123.0   136.4   225.9   280.8   311.7   332.3   355.6   384.2   429.0   539.5   845.0  2126.7  83845.5    83850
read      263.2   115.6    86.8   150.3   166.5   256.0   291.9   309.7   320.8   336.1   354.6   384.9   464.1  1615.4  3536.7  18565.3    18614

Total QPS = 53846.8 (64616164 / 1200.0s)

Total connections = 64
Misses = 0 (0.0%)
Skipped TXs = 0 (0.0%)

RX 15960192508 bytes :   12.7 MB/s
TX          0 bytes :    0.0 MB/s
Warning! Detected max cpu usage > 95%
CPU Usage Stats (avg/min/max): 99.84%,6.60%,100.00%
