Random waveform, supplied seed
Total number of intervals = 20 (6927, 52892, 98921, 61129, 40613, 53226, 38560, 103465, 104758, 94759, 37799, 8296, 69443, 12517, 43591, 20430, 93758, 10485, 16518, 83230)
Average QPS expected = 52565
Timestamp start: 1778804735763
Timestamp end: 1778805036037

#type       avg     std     min      p5     p10     p50     p67     p75     p80     p85     p90     p95     p99    p999   p9999      QPS   target
read      239.7   132.0    93.8   159.3   170.5   227.8   251.4   265.2   274.4   287.7   304.5   335.0   452.6  1632.8  7577.9   6918.7     6927
read      315.5   232.4    80.4   129.6   144.2   275.0   345.3   388.5   420.0   458.2   508.1   595.2  1004.1  2925.7  7289.6  52820.8    52892
read      664.3   864.8    80.4   203.4   234.3   390.8   504.0   581.0   637.8   731.2  1487.8  2811.5  3833.9  7891.7 11037.3  98880.6    98921
read      344.4   320.7    80.4   130.1   145.4   276.7   354.0   403.4   443.3   494.0   566.4   699.5  1608.9  3789.0  7843.0  61150.7    61129
read      300.6   166.9    80.4   133.4   149.1   277.6   337.5   373.5   399.0   429.0   466.6   529.2   736.7  1944.1  4094.5  40536.5    40613
read      324.4   312.0    80.4   129.3   144.0   273.8   343.7   388.4   421.3   460.7   512.6   609.9  1210.9  4434.8  9032.4  53212.3    53226
read      304.1   208.1    80.4   133.5   149.2   275.6   332.1   368.0   394.0   424.7   464.0   532.9   871.4  2727.9  6892.9  38541.1    38560
read      719.6   873.4    86.8   209.9   244.5   416.8   552.9   641.8   726.9  1189.7  1679.2  2557.1  4056.4  7851.6 10768.7 103349.4   103465
read      693.0   867.3    80.4   211.1   243.3   409.1   532.1   612.0   675.8   801.8  1652.8  2499.3  4093.1  7881.4 10049.7 104818.9   104758
read      667.0   841.9    80.4   206.1   238.2   390.6   515.9   599.0   663.6   803.3  1590.6  2116.5  3972.7  8026.0 11572.6  94665.7    94759
read      380.3   524.4    80.4   137.2   153.8   277.5   343.0   387.9   423.0   468.0   545.1   848.7  2497.0  7762.9  9380.7  37799.9    37799
read      243.7   109.6    93.8   158.2   170.5   232.1   258.1   272.2   283.3   295.8   314.4   344.6   467.9  1531.6  3984.8   8292.5     8296
read      557.2  1071.4    80.4   137.6   156.3   298.5   386.3   446.3   493.5   552.3   655.0  1698.9  6511.6  8003.6 10170.4  69319.6    69443
read      263.2   147.3    93.8   155.9   170.6   247.2   277.6   294.4   307.3   321.3   344.8   385.8   729.1  1839.7  7061.4  12506.0    12517
read      310.7   212.2    80.4   132.6   148.2   277.3   337.5   376.8   405.1   439.2   483.7   561.6  1024.3  2541.1  6771.7  43465.1    43591
read      283.9   170.8    86.8   149.3   166.2   267.0   304.7   325.9   343.2   365.0   393.1   437.9   787.3  2010.6  6992.7  20386.1    20430
read      662.8   910.5    80.4   176.1   210.6   371.8   484.0   564.3   623.9   716.8  1511.1  3266.8  3894.3  7961.9  9955.6  93500.7    93758
read      256.3   159.2    86.8   155.9   170.1   239.3   268.3   284.6   295.9   311.6   332.5   370.8   668.8  2305.3  7238.0  10493.4    10485
read      277.2   163.9    86.8   153.1   169.3   260.0   293.9   313.0   327.4   345.9   372.6   419.8   803.6  1928.2  7052.0  16537.8    16518
read      664.8  1002.2    80.4   160.7   188.8   344.9   446.6   520.2   581.7   684.7  1564.1  3297.2  4472.8  8792.1 12320.0  82786.0    83230

Total QPS = 52499.1 (15749729 / 300.0s)

Total connections = 64
Misses = 0 (0.0%)
Skipped TXs = 0 (0.0%)

RX 3890183063 bytes :   12.4 MB/s
TX          0 bytes :    0.0 MB/s
Warning! Detected max cpu usage > 95%
CPU Usage Stats (avg/min/max): 99.72%,50.00%,100.00%
