Random waveform, supplied seed
Total number of intervals = 20 (6927, 52892, 98921, 61129, 40613, 53226, 38560, 103465, 104758, 94759, 37799, 8296, 69443, 12517, 43591, 20430, 93758, 10485, 16518, 83230)
Average QPS expected = 52565
Timestamp start: 1778661667756
Timestamp end: 1778661968038

#type       avg     std     min      p5     p10     p50     p67     p75     p80     p85     p90     p95     p99    p999   p9999      QPS   target
read      264.2   208.5   101.3   167.5   183.0   245.4   269.5   283.1   292.6   305.0   320.3   351.1   822.0  2512.0  7948.7   6948.7     6927
read      295.5   166.1    86.8   142.1   157.7   275.9   332.2   362.0   383.7   409.5   444.4   500.5   658.1  2090.3  5454.3  52829.0    52892
read      287.4   179.1    80.4   147.1   162.9   260.9   314.1   343.5   364.7   388.9   420.0   470.6   698.1  2355.4  6450.3  98952.3    98921
read      271.7   111.5    86.8   141.5   156.4   259.6   313.3   338.9   356.0   374.2   398.2   434.0   526.1   808.0  2900.9  61152.8    61129
read      285.0   122.2    86.8   144.6   160.9   276.3   324.6   349.3   367.2   388.2   414.8   457.6   551.8  1126.2  2994.2  40642.5    40613
read      294.9   155.3    80.4   142.8   158.7   276.2   332.3   362.6   384.5   410.4   445.7   501.7   636.4  1889.8  4690.7  53218.4    53226
read      286.1   134.4    80.4   145.7   162.1   278.1   325.1   348.7   366.0   385.9   410.7   452.2   553.6  1309.1  4794.2  38587.5    38560
read      292.4   155.7    86.8   149.8   166.4   267.4   320.2   350.5   372.0   397.7   431.5   491.2   716.7  1782.0  4865.3 103477.7   103465
read      285.4   139.5    80.4   148.8   164.9   263.1   315.3   344.7   366.3   391.1   423.3   475.5   649.4  1352.0  3514.2 104661.5   104758
read      276.6   125.2    80.4   144.7   160.5   255.9   309.2   338.5   359.0   382.1   410.7   458.3   600.9  1197.3  3340.3  94800.5    94759
read      285.7   129.0    86.8   146.3   162.6   278.1   324.3   347.8   365.2   385.3   410.7   452.5   547.1  1303.0  3972.7  37738.0    37799
read      260.0   134.7    93.8   164.9   180.4   248.2   273.7   288.4   298.0   311.6   328.2   358.1   598.9  1726.7  6859.1   8306.8     8296
read      308.1   258.3    86.8   140.3   155.7   269.3   330.4   365.6   392.5   426.4   471.5   547.8   859.7  3559.3  8052.0  69413.9    69443
read      278.2   142.8    86.8   162.8   181.0   266.5   297.8   314.9   327.2   341.8   362.2   395.2   652.2  1927.5  4989.4  12489.9    12517
read      356.2   345.1    80.4   142.9   162.4   306.3   377.2   416.1   443.8   475.6   517.3   590.6  1689.1  4580.4  8775.3  43641.3    43591
read      302.4   175.8    86.8   153.4   172.7   287.2   330.3   352.8   368.7   388.0   412.2   456.2   857.9  2303.3  6692.1  20439.5    20430
read      303.2   290.6    80.4   144.1   160.0   258.4   313.2   343.5   365.4   391.1   426.0   497.8  1255.2  3986.9  7837.2  93757.8    93758
read      265.6   121.3    86.8   161.3   178.4   255.5   283.7   298.6   310.4   322.7   341.4   371.7   582.9  1656.6  3965.8  10467.5    10485
read      291.7   185.5    86.8   154.9   174.2   275.6   313.7   333.7   347.0   365.1   388.1   427.4   811.2  2510.4  7463.1  16556.7    16518
read      318.4   272.7    80.4   140.9   156.7   268.2   330.6   369.1   400.4   441.7   498.3   591.4  1126.2  3787.4  7537.9  83143.7    83230

Total QPS = 52561.3 (15768390 / 300.0s)

Total connections = 64
Misses = 0 (0.0%)
Skipped TXs = 0 (0.0%)

RX 3894792330 bytes :   12.4 MB/s
TX          0 bytes :    0.0 MB/s
Warning! Detected max cpu usage > 95%
CPU Usage Stats (avg/min/max): 99.73%,49.75%,100.00%
