Random waveform, supplied seed
Total number of intervals = 20 (6927, 52892, 98921, 61129, 40613, 53226, 38560, 103465, 104758, 94759, 37799, 8296, 69443, 12517, 43591, 20430, 93758, 10485, 16518, 83230)
Average QPS expected = 52565
Timestamp start: 1778671920963
Timestamp end: 1778672221241

#type       avg     std     min      p5     p10     p50     p67     p75     p80     p85     p90     p95     p99    p999   p9999      QPS   target
read      273.4   128.5   101.3   181.8   200.0   266.3   289.3   301.6   311.0   320.5   336.5   361.0   448.3  1716.6  5897.6   6922.3     6927
read      316.5   178.8    86.8   159.5   174.9   291.9   354.6   386.3   408.4   435.3   470.2   530.1   728.1  2401.1  5214.4  52778.8    52892
read      544.6   697.5    86.8   179.0   201.7   322.9   387.7   437.0   495.9   682.6  1367.5  1759.6  3460.1  7492.9  9475.3  98893.9    98921
read      315.8   167.6    86.8   157.7   173.5   287.6   352.4   386.7   411.5   441.9   482.4   547.1   744.8  1875.6  4501.6  61205.4    61129
read      310.2   140.4    93.8   161.9   177.6   298.1   353.1   379.7   398.1   420.4   448.5   493.5   619.5  1682.0  3861.2  40510.3    40613
read      315.2   158.7    93.8   158.4   174.2   291.5   355.2   387.7   410.6   438.2   474.2   534.5   713.8  1790.9  3917.1  53287.4    53226
read      305.9   134.6    93.8   162.0   177.5   296.3   348.6   373.3   391.0   410.8   436.0   477.8   593.5  1427.4  3497.6  38584.3    38560
read      577.9   770.2    86.8   187.7   213.6   344.5   411.2   460.3   507.4   606.9  1334.5  2176.4  3661.8  7703.6  9884.2 103453.5   103465
read      600.0   763.9    86.8   193.8   221.3   362.5   436.3   492.6   547.6   689.3  1458.5  1915.7  3686.1  7727.9  9495.1 104570.1   104758
read      540.7   659.8    93.8   182.6   206.1   333.3   404.4   463.6   530.0   696.1  1286.7  1726.0  3456.4  7359.5  8805.2  94726.3    94759
read      309.8   139.7    93.8   163.0   178.9   298.3   351.6   376.9   395.1   416.5   443.5   488.2   620.7  1579.4  3967.3  37794.3    37799
read      268.7    99.0   101.3   180.0   196.9   264.0   287.1   299.0   308.8   318.6   334.3   358.5   433.4   966.8  5353.7   8301.7     8296
read      323.0   210.7    80.4   155.4   171.3   284.1   350.4   387.5   415.3   450.2   496.7   576.1   929.4  2800.9  6128.7  69372.2    69443
read      280.6    97.8   101.3   179.2   197.2   277.9   304.2   317.4   327.6   339.4   354.7   378.3   450.9  1095.1  4151.0  12520.7    12517
read      304.8   142.5    93.8   158.7   174.2   290.7   348.1   374.7   393.8   415.3   441.9   485.0   611.6  1671.6  4238.5  43524.9    43591
read      296.4    95.8    93.8   176.9   194.9   295.3   328.9   345.5   358.2   371.2   389.9   417.8   493.9   955.6  2837.8  20395.1    20430
read      426.6   439.7    86.8   168.9   188.4   307.4   380.0   436.9   496.2   587.6   738.3  1105.3  2285.9  4743.7  8132.0  93845.2    93758
read      273.1    95.8   101.3   180.1   197.3   269.3   293.5   306.7   315.6   326.5   340.9   364.8   434.0  1044.7  3842.7  10506.1    10485
read      290.5   107.7    93.8   177.5   195.5   288.2   318.0   333.9   344.2   357.8   372.7   399.6   481.0  1166.8  3890.1  16537.1    16518
read      371.1   330.3    86.8   162.7   180.1   299.2   369.1   414.8   453.7   504.6   582.1   742.9  1658.0  3975.0  7969.2  83169.7    83230

Total QPS = 52545.0 (15763489 / 300.0s)

Total connections = 64
Misses = 0 (0.0%)
Skipped TXs = 0 (0.0%)

RX 3893581783 bytes :   12.4 MB/s
TX          0 bytes :    0.0 MB/s
Warning! Detected max cpu usage > 95%
CPU Usage Stats (avg/min/max): 99.72%,50.00%,100.00%
