Random waveform, supplied seed
Total number of intervals = 60 (6927, 52892, 98921, 61129, 40613, 53226, 38560, 103465, 104758, 94759, 37799, 8296, 69443, 12517, 43591, 20430, 93758, 10485, 16518, 83230, 5484, 55611, 20774, 96726, 32442, 73039, 74055, 51197, 59442, 35654, 78747, 42212, 52488, 36950, 16762, 79473, 61431, 87172, 108181, 80515, 37149, 13444, 72057, 70041, 90162, 52082, 24258, 72013, 58012, 45398, 50177, 34504, 66010, 73937, 55020, 53235, 97743, 5419, 14764, 7451)
Average QPS expected = 53209
Timestamp start: 1778662026263
Timestamp end: 1778662326553

#type       avg     std     min      p5     p10     p50     p67     p75     p80     p85     p90     p95     p99    p999   p9999      QPS   target
read      294.0   365.7   101.3   177.5   192.4   256.7   282.4   296.0   308.1   320.8   342.0   387.2  1117.2  7503.5  9271.7   6940.8     6927
read      372.4   395.7    80.4   146.0   164.0   295.6   366.2   409.0   443.2   488.0   551.2   702.3  2171.6  5029.0  7947.6  52676.4    52892
read      947.3  1220.6    86.8   184.2   216.0   329.7   451.0  1361.7  1696.6  2367.0  2774.1  3359.1  5371.8  8071.1 11131.8  99111.0    98921
read      885.4  1176.9    86.8   179.8   204.8   313.2   435.8  1166.8  1530.6  2061.9  2634.9  3199.6  5321.7  8063.3 10243.9  61003.8    61129
read      477.4   567.8    86.8   155.4   175.2   307.7   402.9   479.6   556.8   687.1   941.5  1444.2  2687.4  7646.2  8949.7  40558.4    40613
read      350.1   339.8    86.8   144.4   162.0   289.2   357.2   396.7   427.2   464.9   517.8   617.6  2024.9  4369.5  7780.4  53220.8    53226
read      381.7   417.0    86.8   150.1   170.3   310.8   379.6   419.4   447.9   482.4   532.8   645.7  2385.7  4983.5  8077.0  38643.2    38560
read      772.4  1077.3    86.8   190.5   220.3   346.0   447.3   551.8   822.8  1495.0  2256.4  3115.6  5104.3  8127.5 11503.3 103389.2   103465
read      528.8   712.1    80.4   176.6   200.7   325.5   395.1   448.0   500.6   610.1  1112.0  1660.6  3500.5  7832.7 10850.5 104861.8   104758
read      499.4   674.1    80.4   163.7   185.7   307.9   380.7   438.9   501.6   627.3   934.9  1556.0  3401.0  7650.6  9803.2  94928.6    94759
read      334.5   267.5    86.8   149.6   167.8   290.8   349.2   383.4   408.8   442.8   493.8   588.2  1335.9  3185.5  7674.0  37777.2    37799
read      283.2   193.7   101.3   174.8   190.3   260.5   288.3   304.2   315.7   330.9   351.7   396.4   954.2  2111.2  7658.5   8378.2     8296
read      615.0   841.1    86.8   157.5   179.1   312.8   417.0   534.8   694.9  1039.4  1512.5  2349.4  3903.6  8038.2 10734.4  69266.6    69443
read      305.9   241.0   101.3   170.0   189.1   277.2   312.1   331.3   344.8   363.1   388.4   444.7  1157.1  2636.1  7942.0  12504.0    12517
read      393.2   437.8    86.8   149.5   170.4   317.7   394.3   436.5   468.2   505.4   554.5   668.4  2474.7  5475.0  8082.4  43439.4    43591
read      329.6   275.0    93.8   158.1   178.0   293.6   339.2   364.0   381.7   402.4   432.5   496.5  1574.8  3089.8  7923.1  20487.2    20430
read      867.6  1606.6    86.8   173.6   200.9   295.5   342.1   384.5   454.3  1094.1  2692.5  5218.6  7488.9 10631.8 13882.3  93957.8    93758
read      396.1   771.1    93.8   161.7   179.2   266.1   304.3   328.1   347.7   379.2   454.7   802.3  3892.2  8375.6 15368.6  10473.6    10485
read      321.0   266.7    93.8   164.8   184.6   288.3   329.0   351.1   367.2   387.1   414.3   471.5  1323.4  3408.9  7929.9  16496.4    16518
read      807.2  1316.7    86.8   171.7   196.7   309.9   394.1   565.2  1019.6  1486.5  2303.7  3131.2  7509.7 10786.9 15469.5  83247.2    83230
read      297.7   459.6    93.8   167.8   181.9   242.7   267.8   282.3   293.2   307.8   329.0   394.7  1449.4  7859.8  9080.2   5526.6     5484
read      353.6   390.3    86.8   144.7   162.2   288.3   355.6   396.1   427.3   466.3   523.2   630.1  1964.2  5847.2  9640.9  55282.2    55611
read      335.5   286.5    93.8   160.6   180.9   298.8   345.5   371.4   390.5   413.0   444.8   506.7  1503.8  3403.2  7955.0  20774.8    20774
read      883.2  1281.7    86.8   182.3   210.4   319.0   427.2   992.5  1425.7  1768.7  2587.0  3250.4  6570.5 10102.7 12715.9  96713.8    96726
read      471.0   695.9    86.8   153.7   173.9   303.4   383.6   434.6   479.7   553.4   746.6  1337.7  3362.6  8044.4 10741.1  32479.4    32442
read      694.6   959.5    86.8   161.3   183.6   310.4   451.3   700.4   974.0  1326.1  1756.4  2561.5  4560.5  8854.0 11309.1  72674.4    73039
read      779.9  1002.1    80.4   168.2   192.7   310.2   444.6   939.9  1327.9  1669.0  2293.2  2857.8  4260.5  7964.4 10337.0  74155.4    74055
read      369.8   339.9    86.8   147.8   167.0   305.8   382.4   426.9   460.3   501.4   557.9   683.6  1794.2  4133.6  7946.0  51078.2    51197
read      383.9   412.8    86.8   147.2   166.2   303.3   383.6   432.7   470.1   517.2   580.8   716.9  2168.6  5219.0  8857.8  59199.8    59442
read      379.3   399.3    86.8   151.6   171.9   311.8   378.9   416.2   443.2   474.6   521.3   626.9  2338.6  4715.2  8026.5  35682.8    35654
read      845.8  1182.3    80.4   172.4   200.4   313.2   397.5   766.0  1407.1  1938.7  2622.0  3184.7  5477.9  8116.5 11057.6  78608.2    78747
read      419.5   508.8    80.4   150.3   170.0   309.2   387.1   433.8   470.2   518.8   598.2  1012.9  2752.5  7132.4  8096.3  42174.8    42212
read      369.0   435.7    86.8   147.1   165.3   295.7   365.6   406.7   438.6   478.8   534.1   637.0  2167.0  6324.1  9104.7  52585.6    52488
read      367.3   357.8    86.8   151.3   171.4   308.8   375.7   413.1   439.6   471.2   516.7   607.5  2064.4  4246.6  7952.6  37079.6    36950
read      324.7   294.9   101.3   163.9   183.5   287.3   328.3   350.2   367.1   387.8   416.4   480.0  1449.8  3203.1  8001.0  16831.2    16762
read      848.0  1156.9    80.4   178.0   205.1   308.5   392.2   909.2  1455.2  1986.7  2631.2  3137.2  5175.7  8051.5 11708.2  79296.8    79473
read      493.4   584.7    80.4   153.8   176.2   328.4   446.2   522.5   584.0   676.4   881.5  1422.7  2894.0  7374.4 10386.7  61392.0    61431
read      870.4  1199.6    86.8   186.0   216.9   335.5   432.9   739.4  1445.9  1866.8  2657.0  3285.2  5530.5  9140.3 11068.7  86945.4    87172
read      542.5   735.6    80.4   180.2   204.8   331.6   401.3   450.9   495.6   575.1  1099.6  1749.9  3619.4  7707.8  9471.8 108191.2   108181
read      505.9   646.2    86.8   162.8   184.1   311.8   396.2   471.1   553.7   691.0   963.2  1570.5  3294.4  7404.2  8593.2  80393.6    80515
read      351.4   303.8    80.4   151.1   170.2   302.5   366.6   402.9   430.2   462.6   506.5   592.0  1627.6  3714.7  7834.6  37300.8    37149
read      303.9   239.8   101.3   167.6   186.6   277.0   312.6   332.4   345.8   364.0   388.2   434.4  1118.9  2945.7  8105.3  13461.4    13444
read      742.9   924.2    86.8   165.7   188.8   318.1   602.9   939.6  1200.7  1483.2  1889.4  2549.8  4204.8  7976.9 11228.5  71649.4    72057
read      935.4  1266.3    86.8   184.5   213.3   331.3   433.3  1181.3  1585.0  2252.1  2761.6  3511.6  5904.8  8131.6 10773.5  70077.8    70041
read      878.7  1728.0    86.8   177.3   207.8   293.0   330.8   360.1   392.3   497.4  2881.2  5998.8  7888.7 10527.4 13801.5  90002.0    90162
read      461.5   691.1    86.8   154.8   174.7   294.0   375.2   437.5   491.3   567.1   698.9  1180.8  3464.0  8021.7 10235.5  52213.2    52082
read      409.6   605.7    93.8   158.8   179.6   307.1   363.2   395.2   420.5   454.3   515.9   904.8  2627.5  8900.6 15156.6  24176.2    24258
read      569.6   728.5    80.4   156.1   178.0   341.3   501.8   627.0   734.9   891.9  1166.8  1677.2  3290.2  7958.6 16854.7  71833.8    72013
read      341.1   249.6    86.8   145.0   162.9   293.0   365.4   409.0   442.4   484.1   538.8   634.7  1188.6  3090.3  6980.4  57907.6    58012
read      314.2   188.0    86.8   146.1   163.5   287.0   346.6   380.4   404.2   434.3   474.3   544.4   792.3  2436.4  4364.1  45298.4    45398
read      338.5   304.1    86.8   147.4   164.7   291.9   358.4   396.4   425.1   460.6   507.9   589.8  1216.6  4532.0  8078.6  50230.4    50177
read      368.4   364.4    93.8   152.1   172.6   310.5   375.7   411.7   436.9   467.7   509.9   596.3  2107.5  4483.7  7952.1  34546.2    34504
read      394.8   371.3    86.8   147.9   167.1   310.2   399.8   459.1   506.1   566.6   655.4   846.9  1791.4  4539.3  8852.3  66059.6    66010
read      752.2   980.9    80.4   166.2   190.2   311.1   440.4   811.4  1220.3  1578.9  2166.1  2774.6  4337.0  7917.5 10010.5  74011.6    73937
read      382.1   405.7    86.8   146.9   166.1   302.8   380.2   426.4   461.4   504.0   563.6   698.2  2317.8  4940.1  7986.8  54857.6    55020
read      379.1   414.6    86.8   146.9   165.6   299.4   371.8   415.4   448.6   490.8   548.1   688.9  2334.1  5068.8  8043.7  53244.4    53235
read      870.5  1168.6    86.8   178.3   205.9   316.5   431.6  1059.7  1486.3  1987.2  2621.3  3154.4  5200.9  8809.2 11752.2  97880.6    97743
read      437.4   940.7    93.8   165.6   181.0   249.2   282.3   305.9   328.9   378.1   566.5  1105.0  7352.5  8119.6 18467.0   5452.8     5419
read      300.8   200.4   101.3   166.5   186.1   279.3   315.3   335.3   349.2   366.8   390.4   433.4  1013.2  2489.9  7753.4  14795.8    14764
read      276.8   201.4   109.4   174.3   189.3   254.2   280.8   295.1   306.9   319.6   339.7   379.8   909.7  2433.3  7901.9   7510.0     7451

Total QPS = 53182.3 (15954685 / 300.0s)

Total connections = 64
Misses = 0 (0.0%)
Skipped TXs = 0 (0.0%)

RX 3940807195 bytes :   12.5 MB/s
TX          0 bytes :    0.0 MB/s
Warning! Detected max cpu usage > 95%
CPU Usage Stats (avg/min/max): 99.73%,49.75%,100.00%
