Random waveform, supplied seed
Total number of intervals = 360 (6927, 52892, 98921, 61129, 40613, 53226, 38560, 103465, 104758, 94759, 37799, 8296, 69443, 12517, 43591, 20430, 93758, 10485, 16518, 83230, 5484, 55611, 20774, 96726, 32442, 73039, 74055, 51197, 59442, 35654, 78747, 42212, 52488, 36950, 16762, 79473, 61431, 87172, 108181, 80515, 37149, 13444, 72057, 70041, 90162, 52082, 24258, 72013, 58012, 45398, 50177, 34504, 66010, 73937, 55020, 53235, 97743, 5419, 14764, 7451, 48208, 16149, 78989, 18886, 75954, 44409, 16431, 85707, 58253, 103867, 21604, 90401, 84467, 99700, 32052, 18173, 67789, 51929, 83850, 18614, 29315, 108090, 27024, 49907, 9150, 34328, 51881, 14569, 81517, 78694, 93409, 39093, 18729, 70818, 21942, 91810, 39588, 40957, 62645, 15539, 107672, 32954, 58866, 23739, 54701, 60706, 72350, 58661, 34912, 103268, 38703, 83358, 57408, 86837, 33517, 66204, 73758, 99742, 109462, 94453, 44096, 100467, 8576, 59359, 7614, 60329, 43762, 67038, 26095, 71173, 109276, 13150, 61250, 84472, 82226, 27671, 98736, 106314, 105027, 96867, 89493, 50538, 22083, 48618, 94298, 63579, 64573, 77178, 29824, 64495, 20917, 85651, 61935, 50216, 72251, 71798, 19701, 24952, 81838, 26648, 24837, 29420, 103882, 70314, 61679, 49557, 19325, 9128, 94933, 24327, 71896, 93771, 20452, 42338, 72627, 80603, 49049, 92305, 56889, 78036, 71583, 72609, 107382, 86530, 16550, 84534, 72631, 49291, 62175, 80213, 16566, 53985, 101949, 24076, 52574, 106271, 105451, 86087, 29108, 101115, 74326, 75832, 94901, 15809, 28874, 51882, 32653, 41676, 63019, 99164, 47055, 62394, 98519, 32122, 49464, 24034, 77363, 91698, 38997, 86028, 83012, 15024, 56640, 97362, 107412, 65030, 79278, 47544, 105368, 58181, 56960, 14849, 63672, 48289, 11797, 10781, 49362, 102119, 46213, 97025, 18351, 21426, 43013, 67376, 36043, 6255, 102499, 26263, 56974, 40869, 46514, 11431, 58600, 68058, 54502, 64022, 52142, 101375, 40606, 47485, 48977, 38615, 80279, 75843, 67095, 41325, 55752, 85561, 14194, 88002, 90515, 109283, 26699, 37400, 19307, 11527, 83787, 22209, 75169, 73833, 94641, 61338, 91825, 77235, 37257, 32057, 108618, 72930, 43714, 87369, 56640, 97360, 79788, 11352, 87962, 40663, 59386, 48302, 19398, 82197, 77387, 72753, 7720, 46279, 42102, 90892, 39976, 61084, 16735, 45909, 28976, 84704, 101822, 92571, 12106, 58568, 51319, 21556, 14191, 29072, 16350, 86891, 104441, 8906, 42175, 51797, 76678, 19630, 100132, 40498, 108559, 23964, 70760, 99567, 107548, 53742, 103931, 60359, 9725, 52014, 40053, 86436, 23983, 66595, 26056, 51764, 40202, 76665, 11133, 80405, 79106, 97258, 36307, 28636, 41620, 75736, 44979, 31478, 37586, 108330)
Average QPS expected = 57436
Timestamp start: 1778346198687
Timestamp end: 1778347999061

#type       avg     std     min      p5     p10     p50     p67     p75     p80     p85     p90     p95     p99    p999   p9999      QPS   target
read      238.4   116.7    93.8   152.5   164.7   222.9   254.4   271.1   283.1   296.4   315.3   345.1   453.1  1585.4  4009.7   6821.2     6927
read      327.9   237.1    80.4   133.8   149.2   288.7   358.9   401.7   434.8   477.8   534.4   629.2  1010.2  2887.0  7573.6  52655.0    52892
read      390.8   505.0    80.4   142.5   160.8   292.2   357.9   397.2   429.9   475.8   552.5   725.7  3354.7  5789.8  8923.6  98967.2    98921
read      266.6   118.4    80.4   132.4   146.3   250.7   310.5   337.9   356.6   377.1   402.6   443.4   546.6  1015.8  3078.0  61014.6    61129
read      267.4   106.2    80.4   137.4   151.3   265.8   311.9   333.2   346.9   364.8   386.2   419.1   495.8   751.6  2145.1  40706.4    40613
read      266.6   104.5    80.4   134.0   148.0   257.7   313.2   338.0   354.9   373.4   397.7   433.9   522.0   728.6  1921.0  53214.6    53226
read      265.7    97.9    80.4   137.5   151.6   265.1   309.2   329.7   343.2   360.1   380.4   412.8   488.2   722.0  2270.9  38685.2    38560
read      284.8   165.3    80.4   138.5   153.7   257.9   315.4   346.0   369.0   396.0   432.1   497.0   701.0  2066.6  5502.6 103585.4   103465
read      283.4   150.6    80.4   137.9   153.0   256.5   314.5   345.7   368.9   396.6   433.5   501.1   719.1  1600.2  3604.2 104565.2   104758
read      272.1   136.3    80.4   134.6   149.3   247.2   305.6   336.3   358.2   383.7   416.9   469.7   631.9  1590.7  3310.5  94796.0    94759
read      264.0    95.3    80.4   137.8   151.8   264.2   307.3   327.2   340.9   357.3   376.3   407.3   479.0   617.7  1772.2  37769.6    37799
read      229.6    78.0   101.3   154.9   168.5   222.3   246.7   260.1   269.6   280.8   295.0   318.9   374.5   500.5  3453.8   8286.0     8296
read      264.6   114.2    80.4   132.2   145.9   245.0   307.0   336.3   356.1   378.1   405.1   448.3   549.4   861.8  2509.0  69171.0    69443
read      236.2    69.5    86.8   151.5   166.5   231.1   258.2   271.7   281.9   293.4   309.2   333.4   389.8   503.8  2027.7  12483.0    12517
read      263.4    97.0    86.8   135.8   149.8   261.0   309.0   330.4   344.6   362.1   382.9   414.4   486.6   643.3  1758.0  43664.4    43591
read      255.1    86.8    86.8   147.2   163.5   255.6   286.3   301.5   312.5   324.7   341.8   367.9   426.1   606.8  2305.5  20378.2    20430
read      272.3   158.9    80.4   134.4   149.2   246.8   305.3   336.2   358.1   383.5   416.4   468.7   630.8  1679.7  3605.4  93680.4    93758
read      236.7    85.4    93.8   154.8   169.9   231.4   257.3   270.6   280.1   291.5   306.3   329.0   383.7   501.6  3642.3  10573.8    10485
read      244.9    70.3    93.8   149.3   165.1   243.0   271.6   286.4   296.2   309.0   323.1   346.2   398.6   501.2  2018.4  16488.4    16518
read      262.5   124.4    80.4   130.5   144.2   236.9   298.8   330.0   351.0   374.6   404.0   452.1   584.8  1343.6  2925.6  83089.6    83230
read      218.5    69.2   101.3   154.6   165.4   210.1   230.5   242.8   251.7   263.3   277.3   300.7   361.0   929.0  2428.2   5448.4     5484
read      263.4   104.0    80.4   132.5   146.3   252.4   309.4   334.9   352.0   371.2   395.5   432.0   514.4   706.7  1514.4  55423.0    55611
read      248.2    72.7    86.8   144.1   160.4   248.0   278.5   293.3   304.2   316.4   333.3   359.0   414.6   576.5  1772.4  20876.6    20774
read      265.3   150.0    80.4   131.1   145.1   238.0   295.7   326.3   347.5   372.4   403.4   455.9   613.5  2064.0  3603.3  96595.4    96726
read      257.2    84.6    80.4   138.3   152.6   258.8   297.4   315.1   327.5   341.8   360.9   389.2   448.7   551.9  1774.6  32377.8    32442
read      261.3   123.4    80.4   130.2   143.7   238.8   301.7   331.3   351.2   373.3   400.9   443.4   551.9  1080.7  3353.3  73012.8    73039
read      258.6   129.9    80.4   129.0   142.3   235.0   297.6   327.7   347.4   370.0   397.3   437.8   543.7  1147.9  3917.6  74255.4    74055
read      260.8   107.7    80.4   132.2   145.9   252.0   306.0   329.8   345.3   364.0   386.6   420.7   497.1   787.7  3198.1  51138.0    51197
read      263.3   112.2    80.4   131.3   145.2   245.9   305.0   332.7   351.5   372.9   400.8   445.1   545.8   858.0  2431.7  59293.2    59442
read      260.1   104.4    80.4   137.0   150.9   259.8   300.4   319.1   332.9   347.2   367.4   397.6   466.0   909.5  3105.0  35564.6    35654
read      255.6   112.8    80.4   128.5   141.5   232.6   294.5   324.8   345.2   368.3   396.1   436.1   536.3   924.6  2178.9  78767.4    78747
read      260.4   107.8    86.8   134.7   148.5   257.6   304.1   324.6   339.0   355.4   374.3   405.2   479.0   752.5  2726.7  42057.0    42212
read      259.6   101.0    80.4   131.6   145.1   250.8   305.9   329.8   345.4   364.1   386.8   420.7   494.7   691.5  2259.6  52516.0    52488
read      260.0    88.9    80.4   137.1   151.4   261.3   303.2   321.7   335.2   349.6   369.0   398.1   459.3   554.2  1528.9  36937.0    36950
read      244.1    75.9    86.8   148.1   164.0   241.9   270.4   284.9   294.4   306.9   320.8   345.0   401.0   537.5  2337.8  16749.2    16762
read      256.2   123.4    80.4   128.7   141.7   232.6   294.4   324.8   344.9   368.0   396.6   437.0   541.6   986.2  2315.9  79400.2    79473
read      259.4   106.4    80.4   130.0   143.5   243.8   304.9   331.9   349.4   369.4   394.2   430.2   508.5   719.8  2183.4  61409.6    61431
read      265.6   141.9    80.4   131.6   145.5   239.4   299.3   330.3   351.5   375.8   406.1   456.4   604.1  1701.1  3398.7  87222.4    87172
read      279.2   138.9    80.4   137.1   152.2   254.2   311.2   342.2   365.2   392.3   428.3   491.7   671.5  1577.3  3187.9 108277.8   108181
read      256.6   114.6    74.4   128.2   141.4   233.2   294.8   325.7   346.3   369.9   398.2   440.1   543.7   967.0  2517.0  80567.0    80515
read      262.1   108.4    86.8   137.3   151.4   262.0   304.7   323.9   337.6   352.9   371.7   401.0   465.7   653.9  4201.4  37235.6    37149
read      239.1   129.1    86.8   151.7   167.1   234.2   261.6   275.0   285.7   296.6   312.7   336.9   393.0   508.5  2158.5  13520.4    13444
read      256.5   106.1    80.4   129.1   142.2   235.6   298.5   328.0   347.3   369.7   396.0   434.1   523.1   725.4  1905.2  71953.8    72057
read      261.8   116.2    80.4   130.3   143.7   240.5   303.4   332.7   352.5   374.4   401.9   444.5   548.6  1015.7  2524.4  70360.4    70041
read      258.5   118.8    80.4   129.6   143.0   233.8   293.1   324.2   345.3   369.9   399.8   446.4   571.5  1264.2  2247.7  90186.8    90162
read      265.3   106.9    80.4   133.4   147.4   256.6   311.2   335.7   352.3   371.1   394.8   430.5   511.8   775.1  2302.6  52137.8    52082
read      259.6   102.0    86.8   145.0   161.0   260.5   293.6   310.3   321.0   335.6   352.8   380.7   438.6   627.0  2610.0  24276.2    24258
read      262.4   114.4    80.4   130.9   144.6   241.5   304.0   333.8   353.9   375.9   402.5   444.4   547.0   990.8  2099.0  71794.4    72013
read      262.0   113.4    80.4   131.7   145.4   247.8   306.8   333.2   350.6   370.5   395.0   431.2   510.0   761.1  3325.7  58209.8    58012
read      267.9   102.8    80.4   137.8   152.0   264.5   313.4   335.6   350.5   368.0   390.2   423.3   499.1   672.3  1716.4  45384.0    45398
read      262.9    98.0    74.4   133.5   147.7   256.7   309.5   333.1   348.6   366.9   389.4   422.9   496.2   628.8  1285.2  49967.8    50177
read      263.0   108.2    80.4   138.7   153.1   263.3   303.2   321.4   335.0   349.4   369.1   398.9   466.0   910.4  3788.7  34513.8    34504
read      261.5   116.6    80.4   131.1   144.5   243.2   304.8   333.3   352.2   373.0   399.0   437.1   530.8   779.3  3770.3  65993.2    66010
read      258.6   115.9    80.4   129.2   142.5   236.5   299.6   329.3   349.3   371.4   398.9   440.0   544.1   848.6  1997.6  73798.2    73937
read      259.5    99.5    80.4   131.6   145.1   249.2   305.9   330.8   347.0   365.9   388.9   423.2   497.9   637.3  1301.0  54978.0    55020
read      266.3   112.5    80.4   133.8   147.8   255.8   311.6   337.1   354.3   373.0   397.5   433.5   528.7   881.6  2135.2  53170.6    53235
read      259.8   117.3    80.4   130.7   144.6   235.4   293.2   323.6   345.1   369.7   399.6   448.0   581.5  1172.7  2218.2  97807.4    97743
read      220.7   108.6   101.3   154.7   165.9   210.9   231.5   244.1   253.2   264.9   278.9   303.7   365.3  1303.9  5827.2   5401.8     5419
read      241.6    69.6    86.8   150.6   166.3   238.6   266.4   280.6   290.8   302.7   317.7   341.7   395.3   514.1  2316.3  14701.8    14764
read      225.9    64.8   101.3   156.2   168.7   218.8   241.9   254.7   264.5   274.3   289.8   312.6   365.6   483.5  2062.5   7370.4     7451
read      261.6   110.6    74.4   133.1   147.0   255.6   307.1   330.1   345.1   363.0   384.7   417.9   492.8   680.0  2507.8  48100.4    48208
read      246.1    67.9    86.8   150.0   165.9   244.2   272.6   287.4   296.9   310.3   325.7   350.6   405.8   505.2  1658.6  16066.0    16149
read      260.9   109.9    80.4   130.5   144.2   239.0   300.5   331.0   351.6   374.4   403.1   448.4   552.5   812.7  2098.2  78985.8    78989
read      256.2    82.7    86.8   149.1   165.6   255.5   285.5   300.9   312.6   325.6   342.7   369.5   432.4   683.2  2030.2  18879.8    18886
read      264.7   131.8    80.4   131.4   145.3   241.4   303.6   334.1   354.8   377.8   406.2   453.0   570.9  1180.2  3713.7  75664.8    75954
read      268.3   103.6    80.4   136.8   150.8   265.0   314.5   337.0   352.2   369.4   391.8   425.9   502.6   673.1  2510.1  44346.0    44409
read      251.8    83.5    93.8   150.7   167.1   250.0   279.4   294.0   305.2   317.6   335.1   362.5   425.9   578.3  1943.6  16472.2    16431
read      268.7   132.1    80.4   132.8   147.0   243.6   304.5   335.8   357.4   381.9   413.2   463.3   618.0  1434.9  3006.6  85801.2    85707
read      266.6   109.9    80.4   133.4   147.5   253.6   313.3   339.8   357.8   377.5   401.8   439.8   528.2   735.9  1925.8  58298.6    58253
read      280.8   163.3    80.4   136.9   152.0   253.7   310.9   341.6   364.3   391.2   426.7   488.2   685.5  2100.5  5363.8 103980.8   103867
read      259.2    87.3    80.4   147.0   163.4   260.0   291.7   307.7   318.2   332.3   348.3   375.0   438.1   580.6  3121.8  21688.6    21604
read      272.9   162.4    80.4   133.7   148.1   245.4   305.4   336.5   358.5   383.7   415.7   466.7   634.6  2232.0  5424.9  90368.8    90401
read      268.4   128.0    80.4   132.8   147.0   243.9   305.2   336.4   358.0   382.3   413.1   462.5   593.1  1458.1  2748.6  84535.8    84467
read      280.0   176.0    80.4   135.8   150.6   252.3   310.2   341.3   363.9   390.5   425.3   483.9   676.3  2376.5  6229.7  99472.0    99700
read      260.0    85.6    80.4   139.1   153.7   261.3   300.3   318.2   331.3   345.1   364.9   394.5   455.0   553.2  1615.2  32115.6    32052
read      248.9    79.5    86.8   147.7   163.6   247.6   277.6   292.6   303.2   315.2   331.0   354.8   406.5   675.6  2447.5  18224.0    18173
read      260.9   123.7    80.4   130.0   143.5   241.2   303.2   331.9   351.0   372.0   398.2   436.1   535.3   939.6  3617.8  67808.8    67789
read      264.1   110.9    80.4   133.2   147.1   254.8   309.8   334.2   350.5   369.0   392.6   428.1   506.7   765.9  3350.4  51939.4    51929
read      261.3   115.0    80.4   130.7   144.5   238.2   298.6   329.3   350.2   373.6   402.9   449.3   567.3  1074.1  1938.7  83710.2    83850
read      247.4    80.8    86.8   146.9   163.1   245.1   274.9   290.2   300.5   313.4   329.7   355.3   412.5   711.5  3211.5  18691.6    18614
read      255.7    86.7    86.8   139.5   154.1   256.7   293.0   310.5   321.7   336.5   354.1   382.1   443.8   606.5  2311.8  29441.6    29315
read      273.7   149.8    80.4   134.9   150.0   247.6   303.6   334.3   356.5   382.6   416.6   472.2   656.4  1923.9  3769.3 108173.6   108090
read      256.6    88.1    80.4   141.5   156.9   257.9   292.2   309.0   319.8   334.4   351.1   377.2   435.8   591.5  3257.5  27020.6    27024
read      261.9   103.6    80.4   133.3   147.3   254.9   307.7   330.8   345.9   364.3   386.8   421.0   500.8   700.1  2288.8  49902.0    49907
read      227.6    87.2    93.8   154.3   167.6   220.5   244.3   257.3   267.0   277.5   292.5   315.3   370.7   562.5  3043.9   9145.6     9150
read      261.5    95.2    86.8   138.5   153.0   261.9   302.6   320.7   334.4   348.7   368.4   397.7   460.5   641.8  2989.1  34260.0    34328
read      261.6   103.3    74.4   132.0   145.8   253.2   307.9   331.9   347.4   366.1   389.1   423.9   502.1   686.4  2039.6  51895.8    51881
read      237.7    67.3    86.8   149.3   164.9   233.7   261.6   275.0   285.6   296.3   312.6   337.3   392.2   508.7  2152.1  14584.8    14569
read      256.3   217.3    80.4   128.6   141.6   231.2   292.9   323.5   343.9   367.1   395.5   436.9   545.3   978.1  3971.7  81298.8    81517
read      258.7   137.2    80.4   129.0   142.1   234.1   297.0   327.4   347.5   370.5   398.6   441.1   549.7  1052.0  6002.8  78647.0    78694
read      261.0   129.6    80.4   130.4   144.2   235.5   294.6   325.8   346.7   371.5   401.7   450.6   585.6  1218.9  3504.7  93201.8    93409
read      258.4    96.8    80.4   134.8   149.0   258.0   300.9   320.3   334.5   349.7   369.8   399.8   465.0   637.1  2303.5  38929.4    39093
read      243.1    71.3    80.4   145.9   161.6   241.2   271.1   286.0   295.7   308.6   323.1   347.7   402.3   500.9  1445.4  18661.2    18729
read      259.3   108.5    80.4   129.5   142.8   238.7   301.4   330.7   349.9   371.8   399.2   438.8   539.0   819.6  2028.2  70915.4    70818
read      251.0    90.6    80.4   143.5   159.5   251.3   282.2   296.6   308.1   319.7   337.0   362.9   420.7   588.5  3167.7  21768.4    21942
read      260.0   124.5    80.4   130.0   143.6   235.1   294.5   325.2   346.3   370.8   401.1   448.6   578.4  1183.6  2671.8  91673.2    91810
read      258.6    94.9    86.8   135.0   149.2   258.3   301.8   320.9   334.9   349.9   369.9   400.0   464.0   597.2  3250.3  39578.4    39588
read      261.4   105.7    80.4   135.2   149.2   260.0   305.1   325.5   339.6   356.1   375.2   404.4   470.1   623.9  2370.3  40923.2    40957
read      258.2   108.0    80.4   129.8   143.0   241.7   302.9   329.8   347.4   367.7   392.7   429.4   512.0   720.8  3009.1  62630.4    62645
read      238.5    69.3    86.8   148.0   163.6   235.2   263.5   277.2   287.7   298.6   315.0   339.6   391.5   528.3  1968.8  15606.0    15539
read      282.2   168.6    80.4   136.8   152.0   254.1   311.5   342.6   365.9   393.8   431.0   498.7   704.3  2109.1  5206.7 107349.8   107672
read      258.5    97.0    86.8   138.4   152.6   259.7   298.4   316.1   328.7   342.6   361.9   390.8   454.2   603.6  3751.5  32928.4    32954
read      259.7   102.5    80.4   130.9   144.4   246.1   305.4   331.3   348.4   368.2   392.8   428.7   508.1   700.3  1909.6  58746.8    58866
read      251.1    78.5    80.4   142.5   157.7   251.6   284.1   299.9   311.2   323.2   340.6   367.2   425.8   546.6  2054.2  23786.6    23739
read      259.8   104.7    80.4   131.5   145.0   249.0   305.3   330.2   346.3   365.6   389.2   424.5   504.4   695.6  1576.3  54712.0    54701
read      268.9   171.8    80.4   130.8   144.5   247.4   308.0   335.2   353.4   373.3   399.5   441.3   599.7  2341.4  5909.2  60648.2    60706
read      265.1   131.0    80.4   131.3   144.9   243.5   306.1   336.0   356.2   378.3   405.0   450.0   562.7  1054.7  4020.2  72384.2    72350
read      259.4   102.7    80.4   130.2   143.7   246.1   305.6   331.7   348.7   368.3   392.6   428.4   506.0   669.4  1685.0  58737.6    58661
read      257.9    89.6    80.4   136.4   150.9   259.0   298.9   316.9   330.0   344.2   363.9   393.4   458.1   579.9  2723.7  34923.4    34912
read      263.7   138.9    80.4   132.1   146.7   238.6   295.1   325.2   346.0   370.6   400.6   449.9   597.8  1472.7  3319.7 103233.6   103268
read      262.9    94.6    80.4   139.5   154.1   264.2   305.8   324.6   337.7   352.3   370.4   399.2   462.4   578.5  1897.7  38911.4    38703
read      256.6   110.8    80.4   129.0   142.5   233.3   295.1   325.8   345.9   369.0   396.7   436.5   541.5   999.1  1906.1  82928.6    83358
read      259.9   133.8    80.4   130.6   144.0   246.2   304.9   330.0   346.1   365.2   388.2   422.6   500.1   829.3  4898.5  57349.0    57408
read      252.3   108.3    74.4   127.5   140.5   228.8   289.2   320.0   340.9   364.2   392.2   432.7   535.6   901.5  1764.0  86946.8    86837
read      258.2    91.3    74.4   138.0   152.0   260.2   299.0   316.7   329.5   343.5   362.5   390.3   447.9   567.9  2818.4  33573.0    33517
read      257.7   128.1    80.4   128.5   141.6   238.3   301.3   329.0   346.7   367.5   392.6   429.3   517.1   943.8  3330.1  66150.0    66204
read      254.9   109.5    80.4   127.1   140.2   232.9   297.0   326.3   345.4   367.3   393.6   432.2   530.2   946.7  2202.3  73684.6    73758
read      261.3   128.2    80.4   131.2   145.3   236.1   293.2   323.7   345.2   369.7   399.9   448.0   588.2  1404.5  3204.1  99637.0    99742
read      279.8   151.0    80.4   137.9   153.1   254.3   310.4   341.0   363.2   389.4   424.1   482.1   675.6  1894.6  3538.9 109512.4   109462
read      255.5   114.0    74.4   128.9   142.2   230.8   289.7   320.8   342.3   366.4   395.8   439.1   560.8  1114.4  1918.5  94339.0    94453
read      258.5    96.6    80.4   132.6   146.5   256.1   304.2   325.1   339.3   355.6   374.2   403.7   469.6   652.3  2315.2  44126.2    44096
read      256.0   120.7    80.4   129.7   143.3   231.3   288.5   319.1   340.4   364.9   394.7   438.9   563.4  1143.1  3012.1 100385.6   100467
read      223.8    65.2    93.8   152.5   165.8   217.0   239.8   253.0   262.9   273.3   288.3   310.6   362.7   459.7  2505.7   8632.4     8576
read      262.4   113.3    80.4   131.6   145.2   248.0   307.9   334.1   351.3   370.7   395.1   431.2   516.3   872.4  2750.5  59210.8    59359
read      221.9    72.8    86.8   153.1   165.5   214.2   235.5   249.0   258.4   269.5   283.9   307.1   362.4   676.7  2816.4   7590.6     7614
read      262.1   120.6    80.4   131.2   144.9   246.8   307.2   333.7   351.1   370.7   395.3   431.4   512.9   782.2  3988.2  60085.4    60329
read      265.3   115.3    80.4   136.2   150.3   262.6   311.4   333.3   347.4   364.8   385.8   417.8   488.4   597.1  2009.4  43820.0    43762
read      259.1   106.2    80.4   129.7   142.9   240.1   303.4   332.1   350.8   371.4   397.1   434.4   526.1   786.3  1374.3  67119.0    67038
read      257.0    85.7    86.8   141.7   157.0   258.7   292.8   309.5   320.2   334.9   352.0   379.2   437.0   566.2  2468.2  26106.4    26095
read      261.3   112.4    80.4   130.6   144.1   241.1   303.9   333.3   353.0   374.1   401.1   441.6   539.3   868.2  2495.9  70918.6    71173
read      289.4   157.7    80.4   141.3   157.4   263.8   320.4   351.6   373.9   401.0   437.4   502.6   721.4  1704.3  5726.3 109309.0   109276
read      236.6    99.7    86.8   149.9   165.4   231.0   258.0   271.4   281.4   293.1   309.1   333.7   388.1   501.3  4200.3  13209.6    13150
read      263.1   111.4    74.4   131.8   145.6   248.5   308.9   335.9   354.0   373.5   398.7   435.2   520.5   702.2  2221.0  61276.6    61250
read      257.9   119.7    80.4   129.3   142.9   234.2   295.6   326.6   347.2   370.7   398.9   441.5   548.2   963.0  2322.9  84413.8    84472
read      254.7   115.3    74.4   127.6   140.6   230.5   292.7   323.8   344.3   367.7   395.9   436.5   540.8  1030.5  2516.9  82177.2    82226
read      253.1    82.6    80.4   139.6   154.0   255.1   289.6   306.4   317.5   331.7   347.5   374.2   432.0   539.1  1927.0  27821.8    27671
read      259.0   129.8    80.4   130.0   143.9   234.0   291.4   321.9   343.2   368.0   398.1   444.4   570.0  1353.8  3375.2  98725.2    98736
read      272.1   148.4    80.4   135.0   149.9   246.6   302.8   333.3   355.0   380.1   412.9   467.0   643.8  1716.0  4709.1 106048.6   106314
read      271.4   129.7    80.4   135.8   150.7   247.6   303.5   334.0   355.6   380.9   413.4   465.9   626.9  1490.5  2507.5 105190.6   105027
read      254.5   121.3    80.4   128.5   141.8   229.2   287.1   318.0   339.4   363.6   393.2   436.2   562.5  1220.5  2767.6  96848.0    96867
read      253.2   122.9    74.4   127.7   140.8   228.5   288.0   319.2   340.2   364.0   392.8   434.4   545.2  1016.5  2743.1  89360.6    89493
read      259.9    99.6    80.4   131.5   145.4   252.7   306.8   330.0   345.2   363.3   385.0   418.1   491.6   639.2  2133.3  50529.4    50538
read      249.6    99.6    80.4   142.4   158.3   248.3   280.2   295.8   307.4   319.3   337.2   363.8   419.3   628.2  3818.6  22068.0    22083
read      257.4    96.9    80.4   131.3   145.0   252.3   303.8   326.0   340.8   358.0   378.2   408.6   474.5   625.9  1897.0  48536.0    48618
read      253.6   115.1    80.4   128.2   141.4   228.9   287.4   318.5   340.0   364.1   393.4   436.3   549.1  1035.7  2743.2  94441.2    94298
read      257.4   115.0    80.4   128.7   141.9   239.9   302.1   329.7   347.3   367.5   392.0   428.0   507.4   774.5  3393.8  63744.0    63579
read      254.2   100.8    80.4   127.9   140.9   236.9   299.5   326.6   344.1   364.0   388.0   423.6   503.1   690.2  1475.7  64555.6    64573
read      252.5   111.0    74.4   126.7   139.7   229.9   293.1   323.3   343.0   365.2   391.7   430.1   517.3   744.1  2639.8  77116.2    77178
read      252.1    80.6    80.4   137.5   151.8   253.9   289.2   306.4   317.7   332.0   348.1   374.3   434.4   587.2  1290.6  29862.4    29824
read      259.0   109.0    80.4   130.0   143.2   242.1   303.7   331.1   349.0   369.3   394.6   431.1   510.6   734.4  3029.5  64465.6    64495
read      246.9    88.5    86.8   143.5   159.3   246.4   277.0   292.0   302.5   314.7   330.5   354.4   405.7   531.1  3178.9  20890.8    20917
read      252.0   119.0    80.4   127.0   140.1   227.9   288.5   319.3   340.1   363.4   391.6   432.6   536.9   909.0  2665.4  85560.4    85651
read      259.2   102.8    80.4   130.1   143.4   243.8   305.1   332.0   349.7   369.3   394.0   430.1   508.4   732.2  1697.4  62041.6    61935
read      259.7   107.5    80.4   131.8   145.4   253.4   306.3   329.5   344.5   362.3   383.5   415.4   483.6   638.1  2759.4  50341.0    50216
read      256.6   107.4    80.4   128.3   141.4   234.8   299.3   328.7   348.1   369.9   396.2   434.1   530.0   885.7  1767.7  72316.8    72251
read      255.1   109.3    80.4   127.7   140.7   234.5   298.3   327.4   346.3   367.9   393.6   430.7   514.4   765.5  1806.7  71674.4    71798
read      244.3    76.8    86.8   144.2   160.2   243.3   273.0   287.8   297.2   310.1   324.5   346.7   400.9   530.9  3183.7  19620.6    19701
read      253.8    87.0    80.4   141.3   156.6   255.5   288.1   304.5   315.7   329.0   344.3   370.6   427.2   563.4  2645.1  25043.0    24952
read      253.9   113.0    74.4   127.9   140.9   231.0   292.8   323.6   343.9   366.9   394.4   434.0   532.9   797.4  1671.5  81558.2    81838
read      252.1    89.1    80.4   139.5   154.4   253.6   287.3   303.7   314.9   328.3   344.7   370.9   428.7   544.8  2317.3  26650.6    26648
read      250.7    86.3    80.4   141.0   156.2   251.7   284.7   300.5   311.9   324.3   341.3   367.3   422.0   530.2  1928.8  24863.4    24837
read      256.3    86.2    80.4   139.3   154.1   258.4   294.1   311.4   322.7   337.2   354.7   381.8   438.6   562.8  1944.3  29357.6    29420
read      262.9   132.7    80.4   132.0   146.5   238.5   294.6   325.0   346.0   370.6   401.2   451.2   590.4  1357.3  3853.7 103679.2   103882
read      257.0   110.1    74.4   128.5   141.7   236.6   300.4   329.5   348.3   369.3   395.1   432.5   526.1   751.3  2490.9  70365.0    70314
read      259.6   115.4    74.4   129.4   143.0   243.2   304.6   331.6   349.1   369.0   393.4   429.2   508.6   842.2  3245.0  61602.2    61679
read      261.1   108.7    80.4   132.1   146.0   254.7   307.3   330.0   344.9   363.2   385.2   418.1   493.2   740.1  1867.4  49593.8    49557
read      244.0    75.6    86.8   144.0   160.1   243.2   272.9   287.8   297.3   310.3   324.9   348.9   401.9   508.3  1794.8  19221.8    19325
read      223.5    93.0    93.8   151.8   164.3   216.2   238.4   251.4   261.0   271.8   287.1   310.9   363.3   535.0  3837.6   9104.0     9128
read      258.8   117.9    80.4   130.2   143.9   234.5   293.0   323.6   344.7   369.2   399.1   445.4   572.0  1095.2  2757.2  94699.4    94933
read      252.6    76.7    86.8   142.1   157.8   254.9   286.9   302.6   313.7   326.4   342.7   368.8   424.3   520.9  1548.5  24284.0    24327
read      256.9   120.1    80.4   128.3   141.4   235.6   298.6   328.1   347.1   368.7   395.0   432.9   526.6   848.5  3921.7  71929.6    71896
read      256.5   120.8    80.4   129.4   142.9   232.3   290.7   321.6   342.9   367.0   396.3   439.6   554.4  1099.7  2377.6  93864.4    93771
read      248.1    76.9    86.8   144.9   161.2   247.2   278.0   293.1   304.1   316.5   333.5   359.4   413.6   533.7  2448.1  20476.8    20452
read      264.0   104.0    80.4   135.5   150.1   257.6   306.2   328.8   343.9   362.7   386.4   424.1   509.0   729.8  2185.9  42341.4    42338
read      256.5   104.7    80.4   129.0   142.3   235.8   299.3   328.8   347.9   369.4   395.4   433.2   519.5   773.3  1450.5  72725.8    72627
read      258.2   125.4    74.4   128.6   141.9   233.0   296.0   327.0   347.6   371.0   399.2   443.0   557.9  1095.4  3419.0  80637.8    80603
read      259.6    99.5    80.4   132.0   145.8   253.9   305.9   328.7   343.7   361.7   383.1   415.3   486.1   636.2  1900.4  48852.2    49049
read      252.7   107.7    80.4   128.4   141.5   229.0   287.7   318.7   339.9   363.7   392.7   434.5   544.1   890.6  1581.7  92326.4    92305
read      259.3   111.6    80.4   129.7   143.0   247.4   305.6   330.6   346.6   365.9   389.2   423.3   498.7   785.8  2618.9  56893.2    56889
read      254.2   119.0    80.4   127.4   140.4   230.7   293.7   324.5   344.7   367.1   394.1   433.1   527.3   870.6  3298.2  77955.8    78036
read      255.4   105.7    80.4   128.1   141.1   234.8   298.1   327.3   346.4   368.2   394.3   432.6   519.6   764.4  1971.1  71579.6    71583
read      255.3   109.0    80.4   128.1   141.1   233.9   297.1   327.0   346.1   368.1   394.2   432.4   521.6   764.0  2632.2  72765.2    72609
read      269.6   126.0    80.4   135.7   150.6   246.4   301.9   332.3   353.7   378.5   410.5   463.3   615.4  1296.0  2791.6 107590.2   107382
read      262.2   114.7    80.4   131.6   145.5   238.9   299.2   330.6   351.7   375.0   404.0   451.0   568.6   944.0  2025.0  86625.4    86530
read      244.1    78.7    86.8   147.8   163.5   241.6   270.5   285.3   295.1   308.1   322.8   348.0   402.8   570.5  1973.7  16510.2    16550
read      264.9   126.2    86.8   132.4   146.3   241.9   302.2   332.6   353.4   376.8   405.3   453.6   581.6  1102.7  3637.3  84354.4    84534
read      259.1   114.7    74.4   129.8   143.1   238.6   301.1   330.1   349.3   371.2   398.2   437.9   536.6   808.0  1966.0  72690.8    72631
read      263.4   100.0    80.4   134.0   147.8   257.5   309.3   332.4   347.4   365.9   388.8   424.0   501.5   680.4  2274.3  49288.8    49291
read      258.3   104.2    80.4   130.1   143.3   243.3   303.2   329.9   347.2   367.0   391.5   428.1   511.9   721.5  1727.0  62086.2    62175
read      260.5   110.1    80.4   130.7   144.4   238.7   299.9   329.9   350.0   372.9   401.1   444.9   556.7   897.9  1836.2  80411.4    80213
read      244.7   100.9    93.8   147.6   163.7   241.5   270.2   285.0   294.9   308.0   322.9   347.6   407.0   600.5  3877.4  16575.6    16566
read      261.5   102.7    74.4   132.2   145.8   252.1   308.4   332.9   349.0   367.8   390.7   425.0   502.4   683.0  2101.0  54125.2    53985
read      266.0   134.3    80.4   133.2   147.9   241.7   298.0   328.2   349.2   373.6   403.9   455.0   608.7  1455.1  3692.6 101973.8   101949
read      255.9    97.0    86.8   142.8   158.2   257.2   289.2   305.3   316.1   329.6   345.4   372.1   432.4   632.5  3518.0  24051.4    24076
read      262.1   111.8    74.4   132.6   146.2   253.2   308.5   332.6   348.4   367.1   390.2   424.7   500.9   702.7  3119.4  52595.4    52574
read      265.5   132.3    80.4   133.8   148.4   241.2   296.6   326.9   347.9   372.6   403.2   454.7   604.1  1382.8  3250.3 106318.8   106271
read      261.5   139.3    80.4   131.7   145.9   236.1   291.8   321.4   342.7   367.5   398.1   446.7   599.3  1534.8  3661.6 105532.0   105451
read      257.0   116.3    80.4   129.2   142.7   233.4   294.0   325.2   345.8   369.4   397.9   440.8   547.7   895.4  2102.8  85904.6    86087
read      259.5    80.9    74.4   140.8   155.8   262.8   298.4   315.2   327.1   340.9   359.2   386.4   439.5   547.1  1216.5  29053.2    29108
read      269.8   144.9    80.4   134.0   149.0   244.1   300.7   331.5   353.2   378.3   410.4   463.6   631.7  1813.2  4438.6 101202.8   101115
read      258.6   117.2    80.4   128.9   142.1   236.2   300.0   330.0   350.0   372.2   399.5   440.9   543.1   845.3  2033.7  74368.8    74326
read      257.6   108.8    80.4   128.8   142.1   235.9   298.8   329.2   349.1   371.4   398.4   437.7   537.9   786.1  1593.2  75974.4    75832
read      270.8   153.9    80.4   133.6   148.3   244.8   303.1   334.0   355.6   380.5   411.8   463.2   640.5  1733.8  3311.6  94944.4    94901
read      242.4    77.4    86.8   148.6   164.3   239.8   268.1   282.6   292.5   304.6   319.1   343.6   398.5   500.1  3175.7  15887.4    15809
read      256.2    86.2    80.4   139.5   154.4   258.3   293.2   310.3   321.2   336.1   353.4   380.4   437.6   560.5  2862.6  28697.4    28874
read      261.5   109.1    80.4   132.0   145.8   254.1   308.1   331.6   346.8   365.4   388.0   421.9   495.6   635.3  3056.0  51770.2    51882
read      258.8    89.8    86.8   138.3   152.7   260.2   298.5   316.7   329.6   343.7   363.3   391.9   453.9   633.3  2223.2  32670.2    32653
read      262.0    96.9    80.4   135.3   149.4   261.5   307.2   327.6   341.4   357.8   376.9   407.5   476.4   607.4  1346.4  41553.2    41676
read      259.4   114.0    80.4   129.7   143.1   242.4   304.1   331.1   348.6   368.9   393.8   430.6   516.1   872.0  3182.2  62919.2    63019
read      262.1   121.2    80.4   132.4   146.6   239.0   296.1   326.6   347.5   371.8   401.5   448.4   578.6  1089.8  2275.7  99050.6    99164
read      261.8   100.7    80.4   133.5   147.5   257.7   308.0   330.5   345.2   363.2   384.6   417.0   486.5   637.8  1321.1  47075.8    47055
read      257.8   109.6    80.4   129.5   142.7   242.2   303.6   330.1   346.8   366.7   390.6   426.3   504.3   703.5  2943.4  62233.8    62394
read      258.7   123.3    80.4   130.4   144.3   234.5   291.4   322.1   343.3   367.9   397.7   444.1   571.5  1241.2  2886.4  98477.0    98519
read      259.1    96.4    86.8   138.7   153.2   261.0   298.8   316.3   328.7   342.4   361.5   389.9   449.1   583.0  3914.2  32088.2    32122
read      259.9    98.2    80.4   131.8   145.6   254.3   306.5   329.4   344.4   362.3   383.7   416.2   488.5   655.0  1900.3  49620.0    49464
read      249.4    79.4    80.4   141.1   156.5   250.2   282.6   298.0   309.4   320.9   338.9   365.3   419.9   517.6  2036.1  24027.8    24034
read      257.8   120.0    80.4   129.0   142.3   235.0   297.7   327.6   347.2   369.8   397.2   436.8   540.7   962.2  3425.7  77571.8    77363
read      256.9   114.5    80.4   129.5   143.0   233.5   292.3   323.0   343.9   367.8   396.7   439.7   551.4  1058.2  2195.7  91723.4    91698
read      259.9    98.7    80.4   135.9   150.0   260.0   303.2   322.3   336.0   351.0   370.1   399.6   464.9   612.0  3024.4  38941.4    38997
read      254.6   119.3    80.4   128.2   141.1   230.3   291.1   322.0   343.2   366.8   395.3   436.2   545.8   977.8  3047.6  86168.6    86028
read      252.8   110.2    80.4   127.2   140.2   229.3   290.5   321.2   342.2   365.2   393.0   433.7   535.2   865.6  1876.9  83293.6    83012
read      237.6    73.9    86.8   147.1   163.4   234.1   261.6   274.8   285.2   295.8   312.4   337.0   389.8   497.9  2900.3  15002.2    15024
read      259.4   104.2    80.4   130.7   144.3   247.7   305.3   330.1   346.3   365.5   388.8   423.4   503.5   732.0  2661.5  56676.8    56640
read      259.0   120.9    80.4   130.5   144.4   235.0   292.4   322.9   343.9   368.3   397.9   443.5   572.1  1223.3  2385.6  97276.4    97362
read      266.5   129.4    80.4   133.8   148.8   242.9   298.1   327.9   348.7   373.3   404.3   456.4   610.1  1404.8  3173.5 107314.2   107412
read      259.6   115.4    80.4   129.8   143.1   241.5   304.1   332.0   350.2   370.1   395.0   432.0   518.5   924.6  3352.4  65122.8    65030
read      269.5   191.9    80.4   129.5   143.2   237.7   300.3   331.6   352.7   375.9   405.3   457.4   699.3  2623.8  6587.7  79225.6    79278
read      263.3   104.1    80.4   134.4   148.5   257.9   308.8   331.6   346.3   364.8   387.4   421.0   495.9   710.0  2233.9  47669.4    47544
read      281.1   156.0    80.4   138.1   153.0   254.6   311.2   341.9   364.7   391.7   427.2   489.3   690.1  1895.7  4079.9 105285.8   105368
read      262.3   102.6    80.4   132.4   146.1   250.1   308.0   334.0   351.2   370.2   394.4   430.4   517.0   728.2  1746.4  57991.8    58181
read      262.9   108.9    80.4   132.6   146.3   250.8   308.6   334.4   351.6   370.6   394.9   431.1   513.2   731.7  1813.9  57096.0    56960
read      239.7    78.2    86.8   150.4   165.5   235.7   263.2   276.7   287.3   298.0   314.3   339.6   394.7   583.2  3573.8  14810.2    14849
read      260.4   121.9    80.4   130.8   144.3   243.3   304.4   331.8   349.7   369.8   395.0   432.1   521.6   798.2  2516.6  63838.6    63672
read      265.1   101.8    86.8   136.2   150.3   259.8   310.7   333.6   348.6   366.4   388.6   422.3   496.7   628.0  2555.4  48329.0    48289
read      244.1    71.6    93.8   160.7   175.5   240.0   265.6   278.6   288.8   299.8   315.3   340.0   395.2   507.8  3000.9  11863.2    11797
read      237.2    75.4    93.8   158.1   172.5   231.8   257.2   270.3   279.8   291.4   306.6   330.7   380.4   480.0  3186.7  10760.2    10781
read      262.6   109.2    86.8   135.2   149.2   256.4   307.6   330.4   345.4   363.6   385.3   418.0   492.3   683.1  2384.8  49329.4    49362
read      271.2   141.2    74.4   134.5   149.4   246.0   302.3   333.0   354.6   379.9   412.9   466.6   644.6  1534.3  3806.4 102070.8   102119
read      264.7   103.9    80.4   135.3   149.5   260.5   310.2   332.5   346.9   365.2   387.3   420.4   496.7   713.6  2878.3  46129.2    46213
read      260.3   135.6    80.4   130.8   144.5   234.5   292.6   323.2   344.7   369.3   399.5   447.9   583.1  1432.3  3570.0  96944.6    97025
read      242.8    65.1    86.8   145.8   161.6   241.5   271.0   285.6   295.2   307.9   321.7   346.0   399.4   492.7   914.5  18482.4    18351
read      250.2    75.3    80.4   144.4   160.8   250.3   281.3   296.4   308.3   320.4   338.2   364.3   418.5   509.1  1575.8  21371.2    21426
read      264.2   106.4    80.4   136.3   150.1   261.8   308.7   330.0   344.0   361.2   381.8   414.1   487.6   667.2  3395.6  42928.4    43013
read      263.3   115.7    80.4   131.9   145.5   244.2   306.7   335.6   355.0   376.3   402.3   443.6   542.7   802.7  2071.3  67462.8    67376
read      264.7    89.3    86.8   139.7   154.1   265.9   307.3   326.7   340.4   356.5   374.6   403.7   468.2   580.5  1386.8  35980.4    36043
read      223.9    95.6    93.8   156.8   167.6   214.6   236.1   249.4   258.7   270.3   285.1   307.6   363.2  1320.7  3959.1   6238.4     6255
read      283.5   150.4    74.4   141.2   156.7   259.2   315.6   346.1   368.6   395.1   429.7   488.4   665.5  1599.6  3768.9 102195.2   102499
read      265.6    77.9    86.8   148.3   163.6   268.3   302.7   319.1   331.6   344.7   364.0   392.6   451.3   535.9  1228.5  26316.0    26263
read      269.3   117.8    80.4   137.0   150.8   256.3   314.7   341.0   358.7   377.9   401.7   438.1   526.9   764.8  3421.5  56966.2    56974
read      269.5   101.2    80.4   140.5   154.8   268.3   314.2   335.1   348.7   365.5   386.4   418.4   490.6   655.6  2528.3  40704.2    40869
read      267.5   107.5    80.4   137.3   151.0   262.4   313.3   336.1   351.6   369.4   392.4   426.5   502.9   691.4  2604.5  46490.8    46514
read      234.2    75.9    93.8   152.9   167.5   229.1   254.9   268.5   277.7   289.5   304.1   327.6   382.0   493.1  1929.0  11429.2    11431
read      262.9   108.2    80.4   132.5   146.1   249.5   308.3   334.5   352.0   371.7   396.4   432.5   518.3   732.3  2759.8  58657.0    58600
read      262.8   109.1    80.4   132.1   145.8   244.0   305.6   334.5   353.9   375.0   401.7   443.4   539.2   793.6  1954.1  68060.0    68058
read      267.2   120.2    80.4   134.7   148.7   256.8   313.1   338.0   354.8   373.4   397.6   433.4   516.3   849.6  3757.6  54356.2    54502
read      259.7   109.0    80.4   130.5   143.9   242.6   304.3   331.8   349.7   369.8   395.0   432.4   525.5   814.9  1885.0  64089.4    64022
read      260.9   110.7    80.4   131.7   145.3   252.4   307.1   331.1   346.5   365.5   388.4   422.6   496.6   703.3  3028.5  52206.4    52142
read      273.2   150.9    80.4   135.1   150.0   247.4   304.4   335.3   357.3   382.7   416.0   469.8   644.7  1794.7  4111.9 101258.0   101375
read      264.2    94.7    80.4   136.5   150.5   263.1   309.0   330.2   344.2   361.4   381.8   413.7   486.3   620.6  1760.0  40619.8    40606
read      262.8    99.3    80.4   133.8   147.8   257.8   309.3   332.3   347.3   365.6   387.9   421.3   493.7   627.9  1585.8  47557.4    47485
read      262.7   110.8    86.8   133.5   147.5   256.1   307.8   331.0   346.0   364.4   387.0   421.6   500.0   710.2  3334.1  49025.6    48977
read      263.9    96.9    80.4   137.3   151.1   263.1   307.8   328.5   342.3   359.1   378.9   409.6   478.0   640.2  1591.3  38701.6    38615
read      262.6   123.1    80.4   131.0   144.5   238.2   300.1   330.7   351.4   374.6   403.7   451.8   579.3  1139.9  3285.0  80279.4    80279
read      264.1   125.1    80.4   131.9   145.7   241.4   303.4   333.9   354.6   377.3   405.3   451.7   572.8   995.8  2294.2  76042.8    75843
read      265.9   111.8    80.4   133.1   147.1   247.1   309.2   338.4   358.3   380.2   406.7   450.7   547.3   791.0  1918.7  67224.4    67095
read      267.7   102.6    80.4   138.0   151.9   266.2   312.9   334.2   348.2   365.6   387.0   419.6   491.8   692.3  2441.5  41232.4    41325
read      264.1   106.3    80.4   133.6   147.3   253.0   310.1   335.9   353.2   372.0   396.0   431.9   513.2   668.6  2150.3  55641.4    55752
read      268.4   128.5    80.4   133.7   147.8   243.3   303.3   334.8   356.6   381.3   413.0   463.3   610.7  1402.5  2778.0  85559.0    85561
read      239.2    76.6    93.8   150.3   165.4   235.3   263.7   277.1   287.6   298.5   314.7   338.8   392.0   512.0  1495.6  14266.8    14194
read      266.9   131.8    80.4   133.0   147.2   242.5   302.0   332.9   354.2   378.3   408.8   459.6   605.1  1293.1  3269.4  87960.8    88002
read      272.1   142.1    80.4   134.4   148.9   245.6   304.8   335.9   357.8   383.5   416.8   469.2   649.2  1653.7  3594.6  90328.4    90515
read      308.7   195.5    80.4   143.0   160.1   274.7   335.5   370.2   396.7   430.4   478.9   571.7   834.7  2509.3  6187.2 109434.6   109283
read      259.7    89.0    86.8   142.5   157.6   261.7   295.9   312.9   324.3   338.4   356.1   383.5   445.8   621.4  2840.0  26756.0    26699
read      264.5    93.7    80.4   138.3   152.5   265.3   308.0   327.6   341.2   357.5   376.5   406.9   471.4   606.9  1653.4  37435.6    37400
read      249.6    92.8    86.8   145.9   162.0   248.0   277.8   292.7   303.6   316.2   333.4   360.6   425.5   650.6  3454.8  19334.2    19307
read      231.7    69.2    86.8   150.8   165.5   226.7   252.5   265.9   274.4   286.4   300.2   322.6   378.5   521.4  1979.7  11513.6    11527
read      262.8   120.8    80.4   131.9   145.6   239.1   299.5   330.3   351.4   374.8   404.0   451.9   575.7  1093.0  2558.5  83771.0    83787
read      252.6    79.2    86.8   144.0   160.0   253.5   284.5   299.4   310.8   322.8   340.2   366.7   426.5   636.7  2338.9  22182.4    22209
read      259.2   112.7    80.4   130.0   143.4   236.6   299.6   329.7   349.6   371.8   399.1   441.4   545.6   896.1  2540.7  75175.2    75169
read      256.8   107.5    80.4   129.4   142.6   235.8   298.9   328.1   347.1   369.2   395.8   434.4   530.8   743.5  1755.6  73865.6    73833
read      266.3   143.5    74.4   131.9   146.1   240.0   298.4   329.2   350.6   375.2   406.7   458.6   621.2  1624.7  3604.6  94581.0    94641
read      259.6   106.0    80.4   130.5   143.9   244.6   304.9   331.7   349.2   369.3   394.2   430.8   511.5   700.5  1687.0  61663.4    61338
read      265.7   129.3    80.4   132.3   146.6   241.1   299.8   330.9   352.4   376.8   407.4   458.0   600.7  1396.0  3135.8  91711.6    91825
read      260.4   127.9    80.4   130.0   143.3   237.1   298.8   329.1   349.1   371.7   399.8   443.6   559.4  1058.2  3971.7  77287.2    77235
read      260.1    91.4    80.4   136.8   150.8   261.1   303.1   321.8   335.5   350.2   369.7   399.3   465.5   589.6  1660.1  37321.2    37257
read      257.3    83.0    86.8   138.9   153.1   259.6   297.0   314.7   327.1   341.2   360.0   388.3   448.4   555.1  1658.1  32087.6    32057
read      304.8   263.8    80.4   138.3   154.0   262.4   321.8   355.8   381.1   412.7   459.7   555.9   962.8  3635.1  8062.4 108764.6   108618
read      261.2   112.6    80.4   130.6   144.0   240.2   302.5   332.2   352.1   373.7   401.6   445.1   549.2   870.0  1910.5  73108.2    72930
read      264.1    98.3    80.4   136.1   149.8   262.4   309.3   330.8   344.8   362.2   383.0   415.2   486.7   658.7  2297.5  43558.6    43714
read      268.5   149.5    80.4   132.2   146.4   240.9   301.0   332.4   354.1   379.2   411.3   464.9   680.6  1422.0  3604.3  87495.8    87369
read      262.4   105.8    80.4   131.4   145.0   250.3   307.9   333.6   350.7   370.2   395.1   432.6   527.9   798.2  1576.3  56749.8    56640
read      262.4   128.7    80.4   131.2   145.3   236.3   294.4   325.5   346.8   371.5   401.9   451.2   605.5  1430.8  2612.7  97318.8    97360
read      254.7   122.1    74.4   127.9   140.9   230.5   292.5   323.2   343.4   366.0   393.3   433.2   540.7  1011.0  3674.6  79819.4    79788
read      230.5    90.3    93.8   150.4   165.0   224.6   249.6   263.0   272.0   283.6   296.8   320.1   371.8   508.8  3338.5  11418.6    11352
read      265.2   125.5    80.4   132.1   146.2   240.7   300.3   331.5   352.9   377.2   406.9   455.6   593.1  1362.1  2764.6  87775.6    87962
read      260.5    97.8    80.4   134.5   148.7   259.6   304.0   323.8   337.7   353.4   372.8   403.6   479.2   695.9  2312.2  40668.2    40663
read      260.3   102.1    80.4   131.1   144.8   246.9   305.9   332.1   349.3   368.8   393.1   429.2   509.0   721.6  1659.0  59444.2    59386
read      261.0   101.2    80.4   133.5   147.5   256.4   306.6   328.6   343.3   361.0   382.2   414.3   485.1   657.8  2641.2  48327.8    48302
read      251.1   123.8    86.8   149.1   165.1   250.0   279.0   293.3   304.0   316.0   332.6   357.8   410.4   542.7  4870.5  19360.8    19398
read      253.9   110.8    80.4   127.9   140.8   230.3   291.6   322.2   342.9   366.0   393.8   434.5   539.7   949.9  2196.1  82090.0    82197
read      256.1   120.3    74.4   128.3   141.2   232.2   295.1   325.4   345.5   368.4   395.8   435.1   539.5  1076.9  2958.9  77356.2    77387
read      256.9   105.7    80.4   128.8   141.9   235.6   298.9   328.4   347.7   369.7   396.4   435.3   536.7   801.6  1366.6  72765.2    72753
read      224.2    96.1    93.8   154.1   165.9   215.5   237.8   251.4   261.2   272.1   287.8   312.0   370.2   810.5  3018.5   7785.0     7720
read      262.4    95.3    80.4   134.1   148.1   259.0   308.5   330.6   345.3   363.3   384.8   417.2   489.3   635.4  1406.5  46172.0    46279
read      264.4   115.2    80.4   135.7   150.1   262.6   308.7   330.0   344.3   361.7   382.4   414.5   486.7   669.2  2201.2  41952.6    42102
read      266.0   135.2    80.4   132.6   146.7   241.3   299.8   330.6   351.8   376.1   406.5   456.3   603.7  1418.5  3411.3  91065.2    90892
read      263.5    93.9    80.4   136.0   150.4   263.2   307.9   328.6   342.5   359.4   379.6   411.0   479.4   618.7  1545.4  39969.6    39976
read      261.1   102.6    74.4   131.2   144.7   246.5   306.8   333.8   351.6   371.3   396.5   433.4   516.0   682.5  1502.4  61125.6    61084
read      246.7   121.7    86.8   147.8   164.0   243.3   272.5   287.2   296.6   309.6   324.3   350.3   407.0   695.9  4722.2  16764.8    16735
read      270.2   136.3    80.4   135.4   149.6   261.9   312.0   335.0   350.6   369.1   393.3   431.7   543.1  1567.8  4276.8  45923.0    45909
read      258.8   119.8    86.8   140.0   155.1   260.2   295.6   312.8   324.4   338.6   356.7   385.3   452.2   605.3  4588.7  28912.0    28976
read      267.2   145.5    80.4   132.0   146.1   240.9   301.7   332.9   354.2   378.3   408.1   458.3   628.0  1485.5  4776.4  84709.4    84704
read      284.7   170.0    80.4   138.4   153.4   255.2   312.2   343.1   365.9   392.8   428.4   492.5   804.3  2077.2  4025.2 101846.8   101822
read      270.7   133.3    86.8   134.6   149.2   246.2   304.7   335.5   357.1   381.9   413.6   464.8   631.9  1387.9  3320.1  92731.4    92571
read      231.9    81.6    86.8   150.0   164.3   226.4   252.5   266.0   274.6   286.8   300.7   323.9   379.2   541.6  3229.3  12121.2    12106
read      262.2   119.1    80.4   131.5   145.0   249.8   308.9   334.7   351.7   371.0   395.2   430.9   511.8   729.0  1313.8  58333.0    58568
read      257.2   107.1    80.4   130.1   143.5   249.1   303.3   326.3   341.6   359.2   380.1   413.2   487.8   741.4  2394.9  51394.2    51319
read      248.0    79.2    80.4   140.3   155.3   247.4   280.4   296.4   308.5   320.8   339.1   366.4   425.9   549.4  1901.1  21597.4    21556
read      240.8    82.2    86.8   148.7   164.6   236.9   264.9   279.1   289.7   301.6   317.3   342.8   400.2   569.3  2546.5  14203.4    14191
read      254.7    85.4    80.4   137.8   152.2   257.5   292.4   309.4   320.3   334.8   351.4   379.1   439.6   583.3  2286.3  29119.0    29072
read      236.0    78.1    80.4   144.2   160.4   232.2   260.7   274.3   285.0   296.1   312.5   336.9   390.6   542.0  3336.7  16342.2    16350
read      257.3   115.9    80.4   129.0   142.5   233.3   293.7   324.3   344.9   368.7   397.2   439.7   562.6  1063.1  2576.6  86951.2    86891
read      271.3   151.7    80.4   134.0   149.0   245.2   301.2   331.5   352.9   377.9   410.2   463.5   651.5  1965.1  3959.7 104495.2   104441
read      217.4    79.4    86.8   149.0   161.7   210.7   231.8   244.5   253.3   265.0   278.5   300.8   357.3   468.1  3175.5   8947.6     8906
read      255.9    94.2    80.4   132.2   145.7   254.7   300.4   320.4   334.6   349.7   369.2   398.5   463.6   614.2  2228.7  42356.2    42175
read      257.7   100.8    80.4   130.1   143.6   249.9   304.0   327.4   342.8   360.9   382.6   415.1   487.6   703.1  2416.5  51843.4    51797
read      256.6   115.6    80.4   128.9   142.2   234.2   297.0   327.1   346.7   369.2   396.1   434.6   531.1   770.5  3267.5  76537.6    76678
read      240.2    76.1    80.4   141.7   157.0   238.4   268.1   282.9   292.9   305.5   320.1   345.3   400.8   501.2  2785.5  19609.6    19630
read      260.3   134.5    80.4   130.4   144.2   234.3   291.4   321.8   343.3   367.8   398.1   446.5   599.9  1490.2  3360.8 100104.0   100132
read      258.8    89.9    80.4   134.7   148.9   258.4   302.8   322.5   336.7   352.3   371.5   401.0   465.2   591.9  1559.3  40570.2    40498
read      325.5   314.4    80.4   141.0   157.6   271.6   332.9   367.9   395.0   429.9   483.5   593.5  1474.3  3762.2  7908.5 108460.2   108559
read      250.7    80.8    86.8   141.1   156.6   251.7   283.9   299.5   311.0   323.0   340.7   367.5   426.3   567.7  2318.5  23859.0    23964
read      255.8   118.3    80.4   128.4   141.4   235.5   298.2   327.1   345.8   367.5   393.7   431.5   517.9   751.5  3056.1  70712.2    70760
read      261.5   130.1    80.4   130.6   144.7   236.5   293.5   323.7   345.1   370.0   400.2   448.6   588.4  1489.7  3153.1  99264.4    99567
read      272.8   166.0    80.4   134.6   149.6   246.0   301.3   331.6   353.2   378.4   411.3   465.9   658.8  2263.7  4603.3 107753.4   107548
read      257.7   105.5    80.4   130.1   143.5   248.3   303.8   327.6   343.3   361.9   384.4   418.8   494.6   640.8  3037.5  53759.2    53742
read      261.1   142.5    80.4   131.0   145.0   235.4   291.2   320.8   342.1   366.7   397.1   444.7   592.5  1664.8  3644.4 104078.6   103931
read      260.0   101.6    80.4   130.7   144.0   246.2   305.8   332.5   349.9   369.7   394.1   430.4   509.5   686.5  1373.8  60483.4    60359
read      221.9    71.3    93.8   150.1   163.1   214.8   237.9   251.3   260.9   271.7   286.7   309.8   361.1   493.2  3500.3   9726.2     9725
read      258.4   103.0    80.4   130.8   144.3   249.4   303.9   327.7   343.4   362.2   384.8   419.1   495.3   749.4  1606.4  51934.2    52014
read      256.3    94.3    86.8   133.5   147.6   255.9   299.8   319.3   333.2   347.6   368.0   397.3   459.6   588.2  1996.9  40116.4    40053
read      256.5   106.7    74.4   129.3   142.8   233.9   293.4   323.9   344.9   368.7   397.8   441.1   548.1   800.9  1970.4  86321.0    86436
read      248.7   105.7    86.8   139.6   154.7   248.3   281.1   296.4   307.7   319.3   336.6   362.2   418.0   597.4  3699.7  24042.2    23983
read      255.2   103.6    80.4   128.4   141.4   236.7   299.1   326.9   345.0   365.7   390.8   428.1   514.1   725.1  1822.9  66444.2    66595
read      254.7    93.1    86.8   141.0   156.0   256.2   290.1   306.7   317.7   331.5   346.8   372.9   430.4   545.1  3659.7  25948.4    26056
read      259.2   103.3    80.4   131.5   145.0   251.1   305.4   329.2   344.7   363.3   385.7   419.7   496.2   660.6  1428.3  51724.6    51764
read      257.6    92.6    80.4   133.6   147.6   257.1   301.7   321.0   335.2   350.4   370.0   399.8   464.2   594.1  1932.5  40294.6    40202
read      254.6   121.5    80.4   127.7   140.6   232.0   294.6   324.8   344.5   366.8   393.8   432.6   527.2   857.6  2873.0  76641.4    76665
read      225.8    60.7    93.8   149.5   163.1   219.6   244.5   258.0   267.7   278.6   293.6   317.5   371.0   473.4  2009.1  11100.6    11133
read      257.8   108.2    74.4   129.7   143.2   235.5   296.9   327.2   347.3   370.3   398.3   440.1   545.9   810.4  1516.8  80382.2    80405
read      256.4   113.6    80.4   128.8   142.0   234.0   295.6   325.8   345.9   368.6   396.2   436.6   539.5   857.1  2510.4  79071.8    79106
read      257.7   120.2    80.4   129.8   143.7   234.1   291.0   321.1   342.3   366.4   396.4   442.0   575.6  1122.3  2188.3  96984.2    97258
read      256.1    91.3    80.4   134.7   148.9   256.7   297.5   316.0   329.0   343.1   363.0   393.0   459.0   713.1  2445.9  36310.2    36307
read      255.0    81.1    86.8   138.5   153.1   257.6   292.6   309.5   320.3   335.2   352.6   380.3   438.3   558.9  1660.1  28659.4    28636
read      263.0   116.8    80.4   134.6   148.9   261.5   307.2   328.0   342.0   358.9   378.8   410.0   481.5   677.6  2950.3  41531.2    41620
read      258.0   116.8    86.8   128.7   141.8   235.7   297.7   327.4   346.8   369.4   396.9   437.2   545.0  1054.5  2568.1  75795.2    75736
read      259.4   103.6    80.4   132.7   146.5   256.6   304.8   326.1   340.6   357.5   377.1   408.4   478.5   606.6  2013.5  44927.0    44979
read      258.6    99.8    74.4   138.1   152.6   260.8   298.0   315.6   328.1   342.2   361.3   390.2   456.1   579.6  1852.7  31429.6    31478
read      268.3   109.7    86.8   141.7   157.0   268.3   309.8   329.2   342.3   358.1   376.2   406.0   477.9   687.9  3035.1  37524.2    37586
read      275.2   128.5    80.4   137.3   152.4   252.1   307.8   338.1   359.9   385.5   418.8   472.4   640.5  1357.1  2734.2 107955.8   108330

Total QPS = 57424.5 (103364112 / 1800.0s)

Total connections = 64
Misses = 0 (0.0%)
Skipped TXs = 0 (0.0%)

RX 25530935170 bytes :   13.5 MB/s
TX          0 bytes :    0.0 MB/s
Warning! Detected max cpu usage > 95%
CPU Usage Stats (avg/min/max): 100.00%,50.00%,100.00%
