Random waveform, supplied seed
Total number of intervals = 60 (6927, 52892, 98921, 61129, 40613, 53226, 38560, 103465, 104758, 94759, 37799, 8296, 69443, 12517, 43591, 20430, 93758, 10485, 16518, 83230, 5484, 55611, 20774, 96726, 32442, 73039, 74055, 51197, 59442, 35654, 78747, 42212, 52488, 36950, 16762, 79473, 61431, 87172, 108181, 80515, 37149, 13444, 72057, 70041, 90162, 52082, 24258, 72013, 58012, 45398, 50177, 34504, 66010, 73937, 55020, 53235, 97743, 5419, 14764, 7451)
Average QPS expected = 53209
Timestamp start: 1778664179496
Timestamp end: 1778664479789

#type       avg     std     min      p5     p10     p50     p67     p75     p80     p85     p90     p95     p99    p999   p9999      QPS   target
read      381.7   686.0    93.8   164.4   180.1   252.2   281.6   298.6   314.6   336.7   389.1  1023.3  3582.2  8111.5 10778.9   6870.4     6927
read      631.6  1254.6    93.8   155.1   177.9   328.4   429.0   501.4   560.6   655.1   967.9  2112.9  6988.7 14987.8 22005.2  52859.8    52892
read      609.0   958.1    86.8   172.2   196.8   322.3   382.5   425.1   465.4   546.6  1378.7  2911.8  5039.9  8093.4 10871.0  98823.4    98921
read      454.2   776.8    86.8   147.0   164.9   298.7   376.8   431.0   477.1   542.8   657.5  1054.6  3966.0  9019.8 16706.9  61276.2    61129
read      492.0   734.2    86.8   148.8   167.6   309.3   388.6   438.7   483.6   548.8   734.4  1578.5  3984.3  7888.3 10896.3  40587.8    40613
read      702.3  1482.4    86.8   151.8   172.5   309.0   389.5   451.3   515.2   640.4  1159.8  2876.6  8122.6 14551.2 18622.0  53107.0    53226
read      467.1   783.4    86.8   144.9   162.5   290.8   356.3   398.0   432.4   488.1   631.3  1495.0  3799.5  9090.9 15639.3  38563.4    38560
read      794.4  1282.1    86.8   190.9   223.7   362.5   436.0   507.0   670.9  1412.7  1796.1  3313.6  6446.1 12821.0 19406.6 103391.0   103465
read      845.5  1434.1    86.8   185.6   214.3   353.7   422.0   474.2   536.9   981.2  2709.6  3768.0  7076.5 10648.1 15351.7 104588.6   104758
read      850.6  1312.8    93.8   192.9   222.4   371.4   455.5   541.5   760.2  1509.5  2345.1  3532.4  6778.1 10277.9 16043.7  94914.8    94759
read      684.5  1139.6    93.8   167.6   186.3   299.6   390.0   500.6   707.0  1064.3  1553.1  2719.0  6978.8  9242.3 12784.0  37786.8    37799
read      452.2   748.4    93.8   158.8   174.7   261.6   309.5   346.3   395.6   531.9   886.4  1383.5  3382.7  8116.5 10115.7   8339.0     8296
read      816.7  1240.0    86.8   174.6   201.0   345.0   478.9   737.2  1105.3  1490.5  2078.0  3062.7  6245.8 10919.3 20227.4  69204.0    69443
read      368.7   420.2   101.3   167.1   186.8   279.7   319.2   343.2   364.1   394.9   482.8   978.9  2110.5  7125.4  8090.4  12627.0    12517
read      696.4  1615.6    86.8   155.2   176.8   320.6   401.8   459.6   509.5   597.3  1026.4  2386.3  9722.2 16590.3 24760.9  43531.6    43591
read      459.3   736.1    93.8   158.1   178.8   302.2   355.1   387.5   413.6   455.5   617.2  1440.5  3439.4  8824.7 15879.5  20374.8    20430
read      815.7  1285.9    93.8   185.5   216.0   345.8   431.4   548.3  1046.6  1477.5  1868.5  3322.8  6554.2 11123.4 20734.0  93470.6    93758
read      385.4   613.0    93.8   160.4   177.5   263.4   300.7   325.5   347.2   389.1   540.9  1026.5  2581.4  7985.0 10103.5  10393.6    10485
read      394.2   503.0    93.8   161.4   182.3   293.4   338.7   366.0   389.0   424.2   535.7  1069.7  2244.2  7701.4  9405.9  16493.0    16518
read      707.8  1174.6    80.4   172.2   197.9   328.8   399.8   462.5   542.2   944.4  1649.1  3134.2  6270.1 10030.4 15879.9  83031.4    83230
read      310.3   371.2   101.3   165.0   180.8   246.1   272.8   289.6   302.8   320.9   362.8   683.1  1603.0  7172.9  8052.0   5492.2     5484
read      673.5  1228.8    80.4   156.4   178.7   319.0   409.5   486.7   566.0   737.7  1303.7  2825.0  7169.8 11004.9 17076.0  55333.2    55611
read      346.9   387.7    93.8   156.2   174.8   279.6   320.7   344.2   363.6   388.3   429.0   725.5  2065.4  4743.5  8554.2  20725.2    20774
read      731.4  1370.9    86.8   171.3   196.2   324.1   386.1   432.1   482.8   618.7  1542.9  3384.5  7690.4 11832.9 14474.6  96688.2    96726
read      576.2   956.1    86.8   153.8   174.1   305.6   386.5   443.7   500.1   638.2  1119.4  2185.6  5475.7  8719.2 12711.8  32397.4    32442
read      869.8  1549.3    86.8   171.9   199.3   334.6   416.7   524.2   844.4  1445.5  2237.6  3607.1  8914.0 12505.8 16384.6  72945.6    73039
read      871.0  1685.9    86.8   176.7   204.3   330.5   398.0   467.4   600.2  1117.9  1761.7  4256.0  9162.5 12566.6 16249.0  74005.0    74055
read      675.4  1284.6    80.4   156.7   178.2   313.1   398.4   467.5   539.7   684.7  1191.3  2862.1  7790.4 11983.7 14112.1  51034.2    51197
read      949.9  1667.9    86.8   171.8   199.3   355.8   459.9   566.7   793.0  1562.7  2727.9  4171.1  8830.9 13198.7 17820.4  59389.4    59442
read      542.9   867.0    86.8   153.9   174.2   312.9   389.0   442.3   493.3   587.9  1026.4  2009.4  4752.7  8577.6 11976.1  35609.4    35654
read      644.3  1081.0    86.8   165.4   189.4   323.2   403.3   479.0   569.5   780.3  1308.0  2586.8  6164.0 10386.2 17758.7  78835.6    78747
read      443.5   599.0    86.8   153.5   173.3   310.3   383.5   430.8   470.9   528.0   625.6  1140.9  3229.9  7469.2  8971.3  42338.6    42212
read      445.0   584.2    86.8   149.0   167.3   303.1   382.5   438.4   488.6   559.2   681.0  1174.7  3122.4  7385.9  8393.5  52531.6    52488
read      416.2   513.7    93.8   150.8   169.5   302.1   367.8   407.6   440.0   487.4   577.8  1119.7  2782.8  6985.9  8626.7  37044.8    36950
read      335.9   325.6   101.3   162.1   181.9   282.9   320.7   343.2   361.0   383.3   421.3   636.1  1672.8  3440.2  8098.0  16782.4    16762
read      662.8  1020.4    86.8   169.2   193.3   328.1   414.4   502.9   636.6   980.6  1501.7  2648.2  5725.4  9235.3 12823.1  79233.8    79473
read      486.9   651.2    86.8   151.4   171.2   310.4   401.0   472.3   542.1   651.0   870.4  1412.2  3223.7  7625.3 10678.7  61318.0    61431
read      667.1  1109.4    93.8   173.3   198.0   339.5   411.3   462.1   509.3   604.3  1349.9  3269.7  6191.1  8878.6 20510.8  87231.4    87172
read      612.9   913.5    86.8   183.7   210.9   345.5   408.4   454.4   498.2   591.3  1343.1  2773.4  4448.4  8085.5 11549.3 107959.6   108181
read      577.0   855.4    86.8   164.2   186.4   311.6   387.5   457.7   548.5   757.5  1214.2  2239.6  4454.3  8044.7 10515.6  80396.0    80515
read      344.1   357.7    86.8   147.4   164.3   283.9   337.5   367.8   390.8   420.3   465.6   602.2  2072.8  4546.2  7938.4  37307.6    37149
read      320.6   281.1    86.8   164.7   184.1   277.0   312.3   332.4   346.6   368.1   400.8   548.4  1424.6  3086.1  7966.4  13461.4    13444
read      608.9   814.5    86.8   160.2   182.1   316.5   431.7   580.5   746.5  1017.1  1392.3  2197.0  3938.4  7928.9 11514.9  72046.6    72057
read      511.0   681.0    86.8   152.9   173.1   305.0   389.2   461.8   539.6   686.4  1022.7  1759.3  3465.9  7493.2  8669.6  70022.6    70041
read      664.7  1001.2    80.4   181.0   208.1   344.3   418.4   479.9   556.8   853.0  1500.0  2869.3  5975.8  8070.3 10672.2  90314.2    90162
read      452.1   597.9    86.8   152.2   172.9   318.0   403.2   462.0   508.1   569.6   667.2  1077.1  3187.4  7696.6  9831.0  52005.0    52082
read      324.6   272.6    93.8   156.7   175.7   286.3   328.8   352.5   370.5   394.1   428.6   519.9  1465.3  3153.7  7955.1  24209.2    24258
read      514.1   674.9    86.8   154.8   175.4   307.8   394.5   470.1   550.4   699.8  1029.7  1751.2  3433.1  7416.4  8898.4  72156.4    72013
read      459.4   553.2    86.8   152.1   173.0   319.5   412.7   479.3   534.4   607.6   731.5  1188.8  2996.9  7134.0  9079.2  58033.4    58012
read      437.1   613.9    86.8   148.8   167.0   298.6   369.2   416.5   458.3   517.8   626.8  1142.6  3283.7  7632.2  9698.1  45381.8    45398
read      430.0   505.7    86.8   150.6   169.9   311.6   394.8   452.4   500.5   564.7   667.3  1063.7  2679.2  5912.8  8861.3  50181.6    50177
read      339.2   300.2    86.8   149.6   166.9   289.2   341.3   370.7   393.6   423.1   467.6   592.8  1781.0  3278.3  7768.2  34611.6    34504
read      499.6   628.3    86.8   151.7   171.3   307.5   403.5   490.1   577.2   716.4   997.3  1562.3  3225.6  7231.3  8249.6  65965.2    66010
read      575.9   797.3    86.8   159.4   181.1   312.0   400.7   492.1   604.4   837.6  1252.4  2171.2  4107.0  7720.1  9575.3  73971.0    73937
read      465.4   580.1    86.8   152.0   171.2   310.2   394.6   458.7   518.0   613.2   789.7  1306.9  3124.3  7238.6  8104.3  55236.6    55020
read      479.7   625.9    86.8   153.6   173.1   311.0   394.1   455.5   513.6   606.3   817.9  1479.7  3195.9  7587.5  9253.9  53450.8    53235
read      664.1  1047.2    86.8   181.9   208.6   344.5   408.7   455.7   501.0   600.6  1468.2  3238.1  6102.2  8019.5  9822.6  97736.2    97743
read      278.8   260.1   109.4   165.1   180.1   243.0   267.2   281.2   292.3   307.4   331.0   419.1  1146.2  3158.7  7993.5   5381.4     5419
read      327.4   301.2   101.3   163.4   182.8   280.5   317.5   339.0   355.2   374.3   406.3   584.3  1526.3  3099.5  8128.4  14748.2    14764
read      306.6   315.0   101.3   167.1   184.4   258.4   286.6   303.5   316.9   335.7   367.1   562.8  1375.7  3966.2  9164.2   7619.4     7451

Total QPS = 53189.4 (15956830 / 300.0s)

Total connections = 64
Misses = 0 (0.0%)
Skipped TXs = 0 (0.0%)

RX 3941337010 bytes :   12.5 MB/s
TX          0 bytes :    0.0 MB/s
Warning! Detected max cpu usage > 95%
CPU Usage Stats (avg/min/max): 99.74%,49.75%,100.00%
