Random waveform, supplied seed
Total number of intervals = 20 (6927, 52892, 98921, 61129, 40613, 53226, 38560, 103465, 104758, 94759, 37799, 8296, 69443, 12517, 43591, 20430, 93758, 10485, 16518, 83230)
Average QPS expected = 52565
Timestamp start: 1778807674717
Timestamp end: 1778807974994

#type       avg     std     min      p5     p10     p50     p67     p75     p80     p85     p90     p95     p99    p999   p9999      QPS   target
read      228.7    76.0    93.8   154.6   166.4   220.9   243.4   256.3   267.0   279.0   295.9   323.1   393.2   743.4  2607.2   6930.1     6927
read      257.2   101.7    74.4   128.7   143.0   246.1   298.7   323.5   340.2   359.8   384.4   424.0   505.2   640.7  1913.3  52917.5    52892
read      259.6   119.9    74.4   128.8   143.1   236.2   290.8   320.6   341.2   366.2   401.0   460.9   593.8   900.9  2735.0  98930.9    98921
read      254.5   107.9    74.4   126.4   140.2   239.4   294.8   321.1   338.9   359.3   385.6   428.3   519.5   685.4  2159.2  61150.5    61129
read      259.4    98.2    74.4   133.3   148.8   253.8   298.4   320.0   335.5   352.9   374.7   411.5   489.9   623.5  2271.5  40641.1    40613
read      260.4   103.4    80.4   131.6   146.7   249.3   301.2   325.9   342.4   362.0   387.0   426.9   508.9   675.2  2453.5  53268.3    53226
read      260.0    95.4    80.4   134.9   150.4   255.6   298.7   319.3   334.3   350.7   372.2   406.7   484.5   634.3  2502.1  38454.4    38560
read      259.0   116.4    74.4   129.0   143.2   235.6   289.7   319.4   340.3   365.5   400.1   460.4   596.1   897.0  2196.4 103551.7   103465
read      263.0   118.2    74.4   130.5   145.1   239.1   293.6   323.7   344.6   370.5   406.9   469.1   614.0   907.2  2269.0 104734.8   104758
read      255.9   115.1    74.4   127.6   141.4   233.3   287.8   317.6   338.3   362.8   396.0   452.7   581.0   863.5  2234.8  94813.1    94759
read      260.7    97.5    80.4   135.3   151.0   255.7   298.6   319.4   334.6   351.4   372.7   408.2   488.0   677.1  2555.7  37792.1    37799
read      232.1    73.0    93.8   153.9   166.6   224.3   248.0   262.0   272.0   285.7   303.1   332.4   403.2   740.8  2493.6   8347.1     8296
read      252.7   109.5    74.4   125.1   139.2   234.4   290.6   319.0   338.0   359.8   387.9   431.7   528.0   706.4  2808.2  69439.7    69443
read      242.7    74.4    80.4   153.9   168.4   235.6   262.6   277.4   289.3   302.8   320.2   350.3   425.4   725.9  2413.0  12536.1    12517
read      259.4   103.4    74.4   131.9   147.1   252.7   299.1   321.3   337.3   355.2   377.0   414.3   493.7   647.8  2550.9  43606.4    43591
read      254.9    87.1    80.4   148.4   164.4   249.8   282.0   299.0   312.1   327.0   345.6   376.5   451.3   705.5  2459.5  20395.9    20430
read      253.7   112.2    74.4   126.7   140.5   232.1   286.3   315.9   336.0   359.5   391.3   444.6   564.7   808.5  2418.5  93668.9    93758
read      237.5    74.6    86.8   154.3   168.1   230.3   255.3   270.2   281.1   294.0   311.8   339.6   410.1   732.8  2049.8  10454.9    10485
read      250.7    88.4    86.8   150.9   166.4   244.2   274.2   291.3   303.5   317.8   337.9   369.0   440.2   716.5  2820.5  16589.5    16518
read      253.7   112.1    74.4   125.2   139.1   232.3   287.7   317.5   337.7   361.1   392.4   445.5   568.2   803.7  2473.1  83242.9    83230

Total QPS = 52573.3 (15771989 / 300.0s)

Total connections = 64
Misses = 0 (0.0%)
Skipped TXs = 0 (0.0%)

RX 3895681283 bytes :   12.4 MB/s
TX          0 bytes :    0.0 MB/s
Warning! Detected max cpu usage > 95%
CPU Usage Stats (avg/min/max): 99.73%,49.75%,100.00%
