Random waveform, supplied seed
Total number of intervals = 60 (6927, 52892, 98921, 61129, 40613, 53226, 38560, 103465, 104758, 94759, 37799, 8296, 69443, 12517, 43591, 20430, 93758, 10485, 16518, 83230, 5484, 55611, 20774, 96726, 32442, 73039, 74055, 51197, 59442, 35654, 78747, 42212, 52488, 36950, 16762, 79473, 61431, 87172, 108181, 80515, 37149, 13444, 72057, 70041, 90162, 52082, 24258, 72013, 58012, 45398, 50177, 34504, 66010, 73937, 55020, 53235, 97743, 5419, 14764, 7451)
Average QPS expected = 53209
Timestamp start: 1778680469690
Timestamp end: 1778680769975

#type       avg     std     min      p5     p10     p50     p67     p75     p80     p85     p90     p95     p99    p999   p9999      QPS   target
read      297.2   274.9   109.4   181.7   200.3   271.3   295.3   309.6   318.9   332.7   349.0   384.9  1010.9  4378.6  7840.7   6949.8     6927
read      336.8   253.4   101.3   161.3   177.0   299.3   362.2   395.3   419.9   450.0   492.0   575.7  1148.8  3534.4  7344.4  52873.4    52892
read      592.9   794.2   101.3   200.2   226.8   357.3   425.0   476.2   533.6   661.2  1241.2  2086.6  3792.2  7867.0 11443.5  99098.6    98921
read      335.1   238.7    86.8   157.5   173.6   291.7   358.3   393.5   420.2   453.5   500.4   597.0  1235.7  2801.2  7025.1  61156.2    61129
read      322.7   209.5    93.8   160.8   176.4   299.3   354.1   380.3   398.8   422.3   454.3   512.0  1046.3  2439.4  7480.9  40580.0    40613
read      327.6   209.8    93.8   159.2   174.9   293.6   356.9   389.2   412.0   440.1   480.4   560.6  1116.7  2383.4  6243.0  53115.4    53226
read      333.5   243.5    93.8   164.1   180.2   304.5   359.4   386.7   405.1   430.1   463.7   533.4  1218.0  2978.7  7599.2  38659.4    38560
read      641.2   797.0   101.3   213.8   244.5   382.6   455.7   518.0   603.1  1035.0  1536.8  1874.6  3758.8  7918.9 10886.5 103383.2   103465
read      655.4   870.9   101.3   224.0   256.0   393.8   464.4   520.0   580.0   715.3  1424.9  2471.4  4369.9  8087.1 10757.0 104872.2   104758
read      632.9   789.9   101.3   209.7   238.8   377.0   449.3   510.1   601.0   974.7  1495.2  1882.4  3890.0  7906.6 10150.4  95017.6    94759
read      340.1   259.4   101.3   167.1   183.8   304.3   359.6   387.9   407.5   432.9   469.5   559.1  1260.3  3400.6  7795.2  37946.0    37799
read      284.9   143.2   109.4   181.6   200.4   273.0   296.5   310.1   318.8   331.5   345.9   379.4   783.1  1993.5  4359.6   8231.8     8296
read      361.8   340.3    93.8   161.7   178.0   296.8   363.6   401.6   432.0   470.3   528.4   663.2  1777.8  4604.2  7863.3  69236.6    69443
read      298.0   161.4   101.3   182.5   201.3   285.0   312.9   327.6   338.4   350.6   368.8   401.4   866.7  1727.8  7361.0  12511.4    12517
read      335.4   209.7    93.8   165.6   182.2   307.2   364.0   392.3   412.6   437.0   472.1   547.2  1174.5  2511.8  6555.0  43636.6    43591
read      316.6   155.0   109.4   180.7   199.5   306.1   340.9   358.6   370.2   386.2   404.8   448.7   865.5  1778.7  5845.6  20471.4    20430
read      512.5   626.0    93.8   181.9   204.4   326.3   392.9   446.6   510.6   671.9  1033.4  1612.9  3278.8  7332.9  8999.2  93477.6    93758
read      288.4   141.5   101.3   182.6   201.4   277.4   302.7   316.2   326.3   338.5   354.5   384.6   783.0  1756.5  5443.4  10468.0    10485
read      310.8   185.2   101.3   179.9   199.0   295.8   326.9   343.3   356.0   369.9   391.2   431.2   918.5  2390.0  7310.5  16470.0    16518
read      435.1   492.2    93.8   172.5   192.0   320.7   394.7   447.1   494.4   562.3   681.2  1026.0  2611.7  6730.1  9216.1  83299.4    83230
read      281.1   151.4   118.1   180.1   198.4   268.1   291.7   305.2   315.0   327.3   344.2   379.0   781.2  1914.3  7207.2   5537.2     5484
read      340.2   253.6   101.3   162.4   178.1   298.9   362.9   396.2   421.4   452.5   495.8   581.3  1295.3  3217.2  7299.3  55337.6    55611
read      316.3   162.5   101.3   176.9   195.0   303.2   338.7   356.8   369.1   385.4   405.5   453.4   943.9  2066.6  3739.9  20647.8    20774
read      551.6   713.1    93.8   188.1   212.5   335.1   398.3   449.9   509.0   708.2  1209.6  1809.2  3474.2  7691.6 10842.7  96744.4    96726
read      323.7   163.5   101.3   168.9   186.1   309.9   358.0   381.9   398.7   419.9   447.5   498.3   869.0  1870.4  3482.5  32447.2    32442
read      371.6   355.6    93.8   163.6   180.5   300.9   369.5   410.6   444.3   488.3   551.5   709.9  1853.3  4560.5  7921.5  72937.0    73039
read      360.4   315.8    93.8   161.7   178.1   296.1   363.8   403.5   435.8   478.7   541.2   680.7  1685.9  3864.9  7765.6  73961.2    74055
read      325.7   192.3    93.8   160.1   175.7   296.0   359.0   390.7   413.9   442.2   481.0   552.0   982.7  2298.5  4710.5  51316.2    51197
read      345.1   279.4    93.8   157.8   174.1   295.2   361.8   397.5   425.1   459.4   506.9   611.3  1491.2  3217.1  7736.7  59397.4    59442
read      321.1   175.2    93.8   163.1   179.6   305.7   358.1   383.6   400.9   423.6   453.8   505.6   822.7  1936.8  5827.0  35509.2    35654
read      385.5   353.4    93.8   164.0   182.3   309.2   382.3   430.1   469.1   522.1   599.3   779.5  1830.9  4272.3  8296.9  78608.0    78747
read      325.2   192.1    93.8   160.6   176.7   302.8   359.8   388.1   407.6   432.1   465.3   530.1   973.0  2198.4  6166.2  42162.0    42212
read      328.2   211.8    93.8   156.5   172.4   294.0   357.2   389.2   412.4   441.0   482.1   565.6  1145.3  2504.5  4060.9  52494.8    52488
read      325.8   190.3    93.8   165.9   182.6   307.2   359.8   384.9   402.0   425.5   456.4   509.2   942.0  2154.7  7134.0  36969.2    36950
read      307.8   139.0   101.3   179.5   199.4   298.4   331.2   347.4   360.6   373.8   395.6   433.2   751.6  1712.1  3968.1  16686.2    16762
read      379.4   345.9    86.8   163.6   181.4   305.8   375.9   421.6   458.8   507.6   584.1   767.0  1748.5  4338.8  7964.3  79511.4    79473
read      341.0   268.5    93.8   157.7   173.9   294.9   362.8   398.9   426.8   460.8   508.3   606.2  1245.4  3526.8  7810.5  61439.4    61431
read      475.9   592.3    93.8   174.0   194.6   326.6   399.8   454.2   504.4   584.7   755.5  1353.9  3259.1  7364.7  9485.2  87019.6    87172
read      641.2   835.4   101.3   215.0   245.8   388.6   459.0   509.1   564.6   725.4  1465.8  2243.5  3919.4  8043.8 11586.9 107882.4   108181
read      472.1   617.0    93.8   174.4   196.5   337.1   407.5   454.1   491.7   542.9   634.5  1067.8  3481.3  7605.7  9216.1  80567.0    80515
read      320.7   172.1   101.3   161.8   177.9   303.9   356.8   382.1   399.5   422.2   452.3   505.0   926.0  1993.7  4312.2  37228.4    37149
read      300.9   155.1   109.4   182.6   202.5   291.3   319.4   334.9   344.9   359.3   374.8   407.6   737.5  1843.8  7025.9  13485.4    13444
read      376.0   351.3    93.8   162.5   179.8   306.9   377.4   419.8   453.5   496.8   561.8   722.8  1860.3  4566.4  7827.8  71963.6    72057
read      353.0   290.8    93.8   159.5   176.1   296.5   365.4   404.0   434.7   472.6   529.5   653.6  1486.6  3430.5  7611.0  69802.6    70041
read      536.4   686.3    86.8   180.4   204.8   345.7   425.5   487.2   549.3   665.0   987.4  1646.5  3520.3  7748.0 10289.0  90243.2    90162
read      333.0   227.9    93.8   158.7   174.6   298.6   362.9   395.3   419.4   448.7   489.8   571.4  1140.7  2656.1  6446.9  52297.0    52082
read      316.1   155.4   101.3   171.5   189.3   305.4   344.4   364.1   377.5   395.2   418.8   462.6   890.6  1791.8  3757.2  24183.2    24258
read      360.1   340.1    93.8   160.4   176.3   294.4   362.0   400.8   431.2   469.2   527.1   663.2  1776.4  4422.6  7932.4  71837.6    72013
read      338.6   259.8    93.8   157.4   173.5   294.6   361.1   396.1   422.2   454.4   498.7   586.5  1338.4  3501.6  7725.4  57925.0    58012
read      336.6   232.7   101.3   161.4   177.6   305.7   366.7   397.7   420.9   448.7   486.5   555.8  1156.4  2986.7  7411.5  45365.0    45398
read      335.6   235.8    93.8   158.5   174.7   300.0   363.0   395.3   419.2   448.0   487.8   568.6  1270.1  2802.4  7391.6  50219.0    50177
read      328.6   194.7    80.4   165.4   182.7   309.9   361.4   387.1   404.3   427.7   458.8   515.8   984.7  2305.0  7475.9  34594.4    34504
read      353.0   305.3    93.8   159.6   175.9   296.2   364.2   402.0   431.7   468.1   520.8   630.3  1602.2  3706.0  7879.4  66230.4    66010
read      376.7   388.3    93.8   161.9   179.0   302.2   371.5   414.0   448.4   493.3   559.1   712.8  1977.4  5095.9  8682.0  73982.2    73937
read      340.8   246.4    93.8   160.5   176.4   300.3   366.2   400.3   426.7   459.0   503.1   589.3  1251.9  2959.4  7521.1  55033.2    55020
read      335.9   247.3    93.8   157.5   173.3   296.6   360.8   394.2   418.9   449.5   493.0   581.0  1240.9  2970.8  7471.6  53243.4    53235
read      590.5   785.4    93.8   193.0   220.0   352.2   420.4   471.5   531.0   707.2  1388.6  1934.3  3706.6  7965.9 11857.9  97655.2    97743
read      275.4   150.6   118.1   177.9   194.6   262.0   285.1   296.8   306.9   317.3   334.4   366.8   753.8  2165.6  5825.2   5419.6     5419
read      303.7   146.8   101.3   180.6   200.0   293.0   322.1   338.1   348.8   363.5   381.9   420.9   822.6  1741.1  4957.4  14710.4    14764
read      281.3   130.9    93.8   180.5   198.6   270.2   294.0   307.3   316.1   327.9   343.3   372.7   767.2  2041.2  3426.9   7482.6     7451

Total QPS = 53192.2 (15957656 / 300.0s)

Total connections = 64
Misses = 0 (0.0%)
Skipped TXs = 0 (0.0%)

RX 3941541032 bytes :   12.5 MB/s
TX          0 bytes :    0.0 MB/s
Warning! Detected max cpu usage > 95%
CPU Usage Stats (avg/min/max): 99.72%,49.75%,100.00%
