#type       avg     std     min      p5     p10     p50     p67     p75     p80     p85     p90     p95     p99    p999   p9999      QPS   target       ts_start         ts_end
read      222.6    90.0    80.4   137.2   149.3   210.2   240.3   258.6   271.5   287.5   308.0   341.5   419.0   795.1  3370.4  30050.4    30000  1778864173633  1778864183716
read      219.7    84.2    80.4   134.1   145.5   203.8   236.1   257.2   272.5   290.8   313.8   349.8   424.4   610.5  2911.0  30054.2    30005  1778864185228  1778864195296
read      228.5    95.5    74.4   135.3   147.4   212.8   248.1   269.5   285.2   303.7   328.0   367.0   443.5   729.7  3344.5  29918.5    30010  1778864196807  1778864206863
read      216.4    78.2    80.4   132.1   143.7   201.7   233.9   254.1   268.9   286.1   308.1   342.2   410.5   550.5  2544.6  30002.5    30015  1778864208375  1778864218434
read      215.2    84.3    80.4   132.1   143.3   200.4   232.0   251.6   266.4   283.6   305.4   339.3   409.3   634.8  2665.5  30056.5    30020  1778864219946  1778864230003
read      221.8    85.9    80.4   131.9   143.8   206.6   240.3   261.4   276.5   294.9   318.1   356.5   432.5   653.2  2899.0  29960.2    30025  1778864231517  1778864241576
read      222.7    89.6    74.4   133.1   145.5   208.8   241.8   262.1   276.2   293.6   315.4   350.2   426.9   732.2  2699.8  30042.0    30030  1778864243088  1778864253147
read      226.5    89.8    80.4   134.4   146.7   211.3   246.0   267.1   282.7   301.3   325.5   365.2   441.1   631.1  2882.2  29988.9    30035  1778864254659  1778864264714
read      243.1   106.5    74.4   143.0   157.2   227.0   260.8   280.4   294.9   313.5   339.9   386.9   525.5  1088.3  3205.2  30125.8    30040  1778864266226  1778864276281
read      220.1    77.8    80.4   136.9   149.5   209.9   238.0   254.5   267.1   281.6   300.3   331.9   408.7   655.4  2754.4  29973.9    30045  1778864277792  1778864287849
read      220.6   134.4    80.4   136.9   149.0   205.1   232.4   248.7   260.6   274.2   293.4   324.6   426.9  1993.0  5049.1  29998.3    30050  1778864289361  1778864299416
read      236.2   104.7    80.4   140.1   153.1   219.3   252.7   272.9   288.8   308.1   335.2   382.3   496.0   948.4  3441.3  30061.0    30055  1778864300928  1778864310984
read      280.9   116.0    80.4   161.4   179.4   268.2   305.5   326.7   343.1   363.8   390.8   433.3   541.3  1224.9  3963.5  30151.3    30060  1778864312495  1778864322550
read      264.8   115.4    80.4   148.4   164.3   248.7   288.1   310.9   328.1   349.9   379.6   427.2   540.1  1242.8  3625.3  30072.2    30065  1778864324063  1778864334119
read      278.1   134.8    86.8   153.7   170.6   259.5   300.6   324.7   343.6   367.1   397.7   448.0   582.6  1702.6  4330.8  30085.4    30070  1778864335631  1778864345689
Read from remote host 34.65.42.135: Operation timed out
client_loop: send disconnect: Broken pipe
