Random waveform, supplied seed
Total number of intervals = 80 (6927, 52892, 98921, 61129, 40613, 53226, 38560, 103465, 104758, 94759, 37799, 8296, 69443, 12517, 43591, 20430, 93758, 10485, 16518, 83230, 5484, 55611, 20774, 96726, 32442, 73039, 74055, 51197, 59442, 35654, 78747, 42212, 52488, 36950, 16762, 79473, 61431, 87172, 108181, 80515, 37149, 13444, 72057, 70041, 90162, 52082, 24258, 72013, 58012, 45398, 50177, 34504, 66010, 73937, 55020, 53235, 97743, 5419, 14764, 7451, 48208, 16149, 78989, 18886, 75954, 44409, 16431, 85707, 58253, 103867, 21604, 90401, 84467, 99700, 32052, 18173, 67789, 51929, 83850, 18614)
Average QPS expected = 53849
Timestamp start: 1778890029838
Timestamp end: 1778891230131

#type       avg     std     min      p5     p10     p50     p67     p75     p80     p85     p90     p95     p99    p999   p9999      QPS   target
read      230.5    85.2    86.8   154.4   167.0   223.7   247.8   261.5   270.7   282.0   295.6   319.1   374.4   785.0  3819.9   6892.4     6927
read      271.8   117.8    74.4   128.4   142.5   255.4   313.8   344.1   368.3   395.5   427.8   474.0   578.4   805.0  2033.7  52902.9    52892
read      244.2   110.1    74.4   124.7   138.3   222.1   273.7   302.7   322.3   345.0   374.2   420.1   534.8  1043.7  2445.9  98761.8    98921
read      253.8    98.7    74.4   127.1   140.9   238.1   295.6   323.2   340.7   361.7   387.6   424.2   496.5   626.9  1304.2  61183.6    61129
read      271.5   108.1    80.4   133.8   149.3   263.1   314.7   339.9   358.8   380.8   406.0   443.3   527.9   754.3  2530.7  40687.5    40613
read      269.9   122.3    68.9   127.4   141.3   252.2   311.1   341.6   365.5   392.8   425.2   471.1   577.8   837.3  2882.5  53274.5    53226
read      272.1   104.6    74.4   134.6   150.1   265.0   315.0   339.9   358.6   380.4   405.4   441.8   526.1   703.4  2208.7  38497.5    38560
read      244.3   115.0    74.4   125.1   138.8   222.7   273.2   301.3   320.6   343.2   372.6   418.3   536.4  1070.2  3191.5 103511.9   103465
read      243.3   109.7    74.4   125.2   138.9   223.0   272.6   300.1   319.5   341.7   370.4   415.1   527.6   906.8  2919.0 104879.9   104758
read      241.2   101.9    74.4   123.3   136.7   220.5   272.5   301.4   320.7   342.8   371.5   414.6   510.2   756.0  1940.1  94688.4    94759
read      272.3   132.4    74.4   133.8   149.3   262.5   311.1   335.7   353.5   375.6   401.8   441.4   542.4  1482.5  3183.6  37785.9    37799
read      229.1   127.1    93.8   149.6   161.5   217.7   242.8   257.1   266.8   277.3   293.1   317.6   391.2  1894.1  5015.5   8329.9     8296
read      279.8   201.3    74.4   121.1   134.5   239.4   306.1   343.2   373.8   410.7   458.1   535.9   813.0  2677.1  5635.0  69358.2    69443
read      241.8   103.1    86.8   149.7   163.4   234.5   263.9   278.1   289.0   301.1   317.3   343.3   413.1  1357.0  3164.2  12559.3    12517
read      271.8   157.1    74.4   127.4   141.3   254.7   308.5   336.4   357.4   382.9   413.0   458.2   578.6  2266.7  4296.2  43655.5    43591
read      257.0   113.3    80.4   143.8   159.4   252.4   286.5   304.1   316.1   330.9   348.3   381.4   453.8  1378.3  2979.5  20452.6    20430
read      245.9   121.6    74.4   123.9   137.4   222.5   275.1   304.5   324.2   346.4   377.0   424.2   555.7  1175.9  3504.7  93702.2    93758
read      239.8   142.2    86.8   151.4   164.8   229.4   256.8   270.7   281.1   293.4   310.2   335.9   409.2  1957.8  7236.5  10456.5    10485
read      252.1    92.1    86.8   149.1   163.8   247.6   279.1   295.0   306.8   319.3   337.4   366.4   433.0  1084.7  2926.5  16529.5    16518
read      246.6   121.9    74.4   122.9   136.3   223.9   278.8   307.9   327.6   349.6   380.0   425.5   552.3  1024.8  3352.1  83272.4    83230
read      216.7   121.1    93.8   148.0   158.2   206.8   228.2   240.8   250.5   261.6   273.9   296.1   363.3  1531.2  6166.9   5486.3     5484
read      275.5   167.0    74.4   124.3   138.3   249.0   310.3   343.0   369.6   399.1   434.4   491.0   658.5  2183.8  3820.0  55576.9    55611
read      262.2   116.8    80.4   148.0   163.4   257.9   292.3   310.2   321.8   337.0   356.1   388.0   456.8  1374.2  3117.1  20781.1    20774
read      249.7   146.4    74.4   125.6   139.1   224.4   276.3   305.7   325.8   348.8   380.5   427.5   571.1  1764.8  4739.0  96710.6    96726
read      272.6   114.3    80.4   139.0   154.3   265.6   310.9   333.9   350.0   371.3   396.4   432.5   529.1  1161.7  2869.3  32529.1    32442
read      274.1   196.7    74.4   122.8   136.4   236.1   300.3   335.4   362.4   395.4   437.2   511.5   737.3  2907.6  5309.5  72971.1    73039
read      248.7   106.5    74.4   124.2   137.9   228.4   285.2   314.7   334.5   357.3   386.3   426.4   512.0   736.5  2143.2  74216.6    74055
read      260.9   100.2    74.4   131.1   146.2   251.3   304.2   329.1   345.2   365.8   390.0   423.4   491.6   634.7  2192.8  51233.5    51197
read      256.7   103.9    74.4   128.0   142.0   241.4   298.8   325.9   343.8   365.8   391.8   427.4   500.9   680.4  2389.2  59431.6    59442
read      276.0   128.4    74.4   138.9   154.5   265.8   314.0   338.2   356.2   377.7   402.5   439.1   541.9  1505.3  3199.0  35643.8    35654
read      252.1   129.0    74.4   124.6   138.3   228.1   284.4   314.8   335.3   359.4   390.4   434.3   563.5  1267.3  4070.3  78730.2    78747
read      277.1   158.0    74.4   132.1   147.1   260.5   314.2   341.5   362.8   387.1   415.8   460.0   579.2  2323.2  3999.8  42157.8    42212
read      277.9   170.2    74.4   126.3   140.3   252.4   312.6   344.7   371.1   399.7   434.4   490.9   645.0  2363.7  4023.4  52449.7    52488
read      273.2   135.1    74.4   133.9   149.2   261.5   311.4   337.1   356.1   379.1   404.6   443.7   542.1  1730.2  3685.5  36946.6    36950
read      259.2   142.9    86.8   150.4   165.3   251.4   283.7   300.2   312.7   327.0   345.3   379.1   469.6  1484.8  7579.2  16763.0    16762
read      254.4   131.9    74.4   123.9   137.7   228.4   285.7   316.0   337.1   362.8   395.8   446.8   605.6  1419.9  3349.9  79491.7    79473
read      253.8   100.3    74.4   126.7   140.6   238.8   294.5   321.0   339.2   360.8   387.6   424.7   503.3   668.3  1837.8  61444.9    61431
read      244.7   110.4    74.4   123.0   136.5   223.2   276.5   305.3   325.0   347.2   377.4   421.8   532.9   986.1  2336.1  87285.7    87172
read      248.2   114.9    68.9   127.6   141.3   227.0   275.9   303.8   322.8   345.1   375.0   423.0   560.5  1186.8  2495.9 108235.9   108181
read      245.6   108.3    74.4   123.0   136.5   224.6   279.7   308.9   328.3   350.2   380.1   423.1   525.6   822.6  2440.8  80385.3    80515
read      270.5   139.0    74.4   132.5   147.5   258.1   307.2   332.1   349.8   372.6   399.2   437.8   545.8  1948.7  3421.4  37170.3    37149
read      249.8   145.4    86.8   151.1   165.1   239.5   269.4   285.1   295.8   309.9   327.0   357.2   446.5  2017.3  7077.0  13484.3    13444
read      271.9   183.9    68.9   124.9   138.7   237.2   297.9   330.7   354.8   385.2   425.5   502.4   750.2  2302.9  5732.3  71903.5    72057
read      249.9   107.2    74.4   124.9   138.7   231.7   287.5   315.7   334.9   357.2   385.5   424.8   508.6   714.7  2132.5  70084.7    70041
read      244.1   104.5    68.9   124.0   137.4   222.9   275.3   304.4   324.0   346.4   376.6   421.6   533.0   856.4  1979.1  90257.0    90162
read      257.8   105.0    74.4   129.4   144.0   248.1   299.6   324.2   340.9   361.3   386.1   420.7   492.0   617.4  2499.2  52034.7    52082
read      268.5   112.3    80.4   146.0   162.0   262.6   300.9   320.0   334.6   350.9   373.5   405.3   490.6  1372.6  3182.2  24198.3    24258
read      269.9   194.1    74.4   124.4   138.2   236.2   296.3   328.3   351.8   382.1   421.1   491.4   714.4  2783.8  6691.5  71986.1    72013
read      253.6   102.2    74.4   126.7   140.7   240.6   294.3   319.7   337.4   358.3   384.5   420.5   497.0   648.1  2113.0  57949.7    58012
read      261.7   103.8    80.4   133.0   148.2   254.3   303.0   326.5   342.4   362.4   386.3   419.4   491.4   669.4  3047.6  45405.9    45398
read      260.5   103.8    74.4   131.1   146.0   250.4   301.8   326.4   343.3   364.2   389.1   423.7   500.6   737.0  2181.8  50141.1    50177
read      275.3   143.4    74.4   137.7   152.7   264.3   311.2   335.7   353.5   374.6   400.5   438.5   544.7  1976.2  4529.3  34499.9    34504
read      285.4   210.0    74.4   123.8   137.7   245.4   310.5   348.5   379.5   414.8   461.8   538.5   846.7  2857.2  5424.6  65971.5    66010
read      256.8   146.6    74.4   124.2   137.9   231.7   289.0   318.7   340.0   365.9   397.6   447.7   590.1  1645.8  4241.5  73798.0    73937
read      257.7   107.2    74.4   128.9   143.3   245.7   299.0   324.4   341.9   363.0   388.2   423.7   502.1   679.3  1903.5  55069.3    55020
read      257.7    98.0    74.4   129.6   144.1   247.6   299.9   325.0   342.0   362.6   387.0   421.2   492.3   624.4  1437.3  53185.9    53235
read      243.7   109.3    68.9   124.4   138.1   222.1   272.5   301.4   320.9   344.1   374.3   420.1   538.0   971.8  2538.9  97787.1    97743
read      219.8   110.4    93.8   150.1   161.1   210.1   232.6   245.4   253.7   265.1   278.3   303.1   369.5  1419.6  4371.4   5439.3     5419
read      254.3    94.9    93.8   154.7   169.5   249.9   278.9   294.3   305.9   318.3   336.6   365.1   429.2  1128.9  3147.5  14787.5    14764
read      229.1   141.0    93.8   151.3   162.9   218.0   242.3   254.7   264.9   275.1   291.3   316.1   392.0  1807.8  7598.5   7449.5     7451
read      281.0   148.6    80.4   131.2   145.8   259.7   318.6   352.1   376.8   403.1   435.2   487.8   618.0  1859.1  3190.5  48122.3    48208
read      259.9   108.8    93.8   155.4   170.4   255.6   286.1   302.1   313.4   326.8   344.4   373.0   434.7  1236.2  4186.0  16162.7    16149
read      255.6   140.2    74.4   125.2   138.9   229.8   285.8   316.5   338.6   364.9   396.8   444.6   593.7  1490.1  4436.0  78987.3    78989
read      264.4   105.6    86.8   153.4   168.8   259.8   292.2   309.3   320.4   336.1   355.4   385.3   457.3  1464.7  3136.4  18799.7    18886
read      254.7   124.6    74.4   125.8   139.6   231.8   288.5   318.3   339.6   364.8   395.2   437.0   553.7  1133.5  3832.4  75795.3    75954
read      286.2   175.5    74.4   134.3   149.5   264.5   320.9   352.4   375.2   400.0   431.1   482.5   629.9  2504.1  5095.4  44454.5    44409
read      261.6   109.2    86.8   154.0   169.8   255.5   287.5   304.5   316.3   331.3   349.9   381.7   456.2  1350.6  2783.7  16477.0    16431
read      251.5   133.8    74.4   125.3   138.9   227.0   280.9   310.9   331.9   356.7   388.2   432.4   569.3  1442.2  3840.9  85775.6    85707
read      259.2   117.7    74.4   129.5   143.8   245.2   300.7   327.9   346.1   368.0   393.5   428.6   504.5   673.3  2109.7  58140.5    58253
read      249.2   116.7    68.9   127.7   141.3   227.0   276.6   304.8   324.6   348.2   379.9   426.8   557.9  1224.2  2774.1 103796.9   103867
read      275.2   107.8    80.4   156.1   172.6   270.3   305.8   324.0   338.5   355.1   374.9   404.2   483.8  1360.6  3001.6  21581.5    21604
read      253.6   132.0    74.4   126.9   140.6   228.9   282.0   311.7   333.0   358.9   391.6   438.4   589.3  1285.9  3928.7  90421.5    90401
read      247.8   104.4    74.4   124.9   138.6   226.2   280.3   309.9   330.7   355.1   386.0   428.7   536.0   832.2  1610.9  84506.8    84467
read      247.3   115.6    74.4   126.4   140.1   224.9   275.2   304.0   323.9   348.0   379.7   426.0   552.4  1080.8  3083.2  99774.4    99700
read      286.2   153.1    80.4   143.2   159.4   273.5   320.8   346.5   365.8   387.1   412.3   453.8   584.5  2095.5  4329.8  32024.8    32052
read      274.2   148.1    86.8   155.6   171.2   264.2   297.7   315.4   328.7   344.8   366.6   398.3   534.6  2022.3  5405.4  18176.7    18173
read      299.9   261.6    74.4   127.3   141.2   251.3   317.9   360.7   392.4   430.4   483.7   566.7  1030.6  3579.3  7737.3  67769.4    67789
read      290.4   194.8    74.4   130.2   144.8   260.5   322.0   359.2   385.1   414.0   452.5   512.4   745.8  2599.3  5437.0  51994.4    51929
read      252.6   144.5    74.4   124.9   138.7   227.2   281.6   311.4   332.6   357.9   389.3   432.7   565.3  1823.4  3823.8  83906.7    83850
read      267.6   111.0    86.8   154.7   170.1   262.3   295.0   312.0   323.7   339.7   359.9   389.8   467.4  1583.7  3062.5  18613.9    18614

Total QPS = 53846.7 (64616088 / 1200.0s)

Total connections = 64
Misses = 0 (0.0%)
Skipped TXs = 0 (0.0%)

RX 15960173983 bytes :   12.7 MB/s
TX          0 bytes :    0.0 MB/s
Warning! Detected max cpu usage > 95%
CPU Usage Stats (avg/min/max): 99.84%,5.53%,100.00%
