Random waveform, supplied seed
Total number of intervals = 60 (6927, 52892, 98921, 61129, 40613, 53226, 38560, 103465, 104758, 94759, 37799, 8296, 69443, 12517, 43591, 20430, 93758, 10485, 16518, 83230, 5484, 55611, 20774, 96726, 32442, 73039, 74055, 51197, 59442, 35654, 78747, 42212, 52488, 36950, 16762, 79473, 61431, 87172, 108181, 80515, 37149, 13444, 72057, 70041, 90162, 52082, 24258, 72013, 58012, 45398, 50177, 34504, 66010, 73937, 55020, 53235, 97743, 5419, 14764, 7451)
Average QPS expected = 53209
Timestamp start: 1778674117892
Timestamp end: 1778674418174

#type       avg     std     min      p5     p10     p50     p67     p75     p80     p85     p90     p95     p99    p999   p9999      QPS   target
read      262.1   130.6   118.1   174.3   190.3   253.9   275.7   288.3   296.1   307.8   320.3   344.3   456.1  1560.4  7057.5   6860.6     6927
read      312.9   161.2    93.8   158.6   173.9   291.7   351.7   382.0   403.1   430.2   465.2   522.5   713.7  1876.4  3999.8  52759.4    52892
read      529.9   717.8    93.8   182.0   204.9   319.4   376.9   420.7   464.2   555.6   954.4  2080.9  3465.7  7570.1  9121.3  98816.0    98921
read      319.4   200.4    93.8   158.2   173.8   288.0   349.4   382.8   407.2   437.9   479.9   550.4   848.4  2841.2  7136.3  61195.0    61129
read      306.8   135.9    93.8   160.9   175.9   296.9   348.5   373.8   392.1   412.9   439.5   484.8   620.3  1526.9  3193.6  40506.2    40613
read      313.5   170.7    93.8   158.3   173.5   290.1   350.4   380.9   402.4   429.9   465.2   525.9   720.4  2307.6  5146.4  53322.2    53226
read      304.4   123.9   101.3   161.5   176.4   297.5   346.4   370.9   388.7   408.2   433.9   476.0   592.6  1372.2  2986.4  38575.2    38560
read      561.0   806.6    93.8   187.3   211.3   324.5   378.0   416.5   452.6   515.9  1001.4  2683.7  3636.2  7750.6  9787.3 103240.4   103465
read      597.6   779.5    93.8   198.9   226.1   352.6   419.1   470.7   530.8   684.1  1456.3  1983.2  3673.9  7733.0 10571.0 104736.6   104758
read      553.4   708.8    93.8   186.0   209.5   330.9   395.9   448.6   506.9   665.9  1349.0  1818.5  3528.4  7561.5  9877.4  94815.6    94759
read      311.8   157.4   101.3   164.5   180.0   299.9   352.0   377.4   395.8   417.7   445.6   491.7   643.0  1568.1  5790.9  37782.0    37799
read      283.1   222.9   109.4   180.7   197.7   266.3   289.7   302.5   312.5   323.2   339.9   369.1   783.8  3063.5  8022.8   8245.6     8296
read      339.3   252.1    93.8   160.2   175.9   291.9   357.7   395.4   425.1   462.7   515.9   620.5  1196.0  3266.6  7350.3  69324.6    69443
read      282.6   113.3   109.4   180.3   198.5   278.0   303.4   316.7   326.9   339.4   355.3   378.6   477.4  1271.5  5188.3  12556.0    12517
read      328.4   225.6    93.8   162.9   178.6   301.8   358.6   387.7   408.1   433.8   468.1   532.9   973.6  2929.3  7779.6  43434.0    43591
read      322.1   285.1   109.4   177.7   196.0   304.3   339.5   358.0   370.4   386.6   405.0   443.1   808.4  4484.7 10193.5  20351.6    20430
read      542.6   746.4    86.8   182.5   205.2   328.0   392.6   440.3   491.3   595.2  1030.8  1873.7  3583.1  7760.1 14070.5  93648.0    93758
read      280.6   138.2   101.3   178.7   197.3   272.8   297.2   310.9   319.5   332.4   346.3   373.0   523.0  1726.8  7084.7  10471.2    10485
read      290.8    95.0   109.4   176.6   194.9   289.7   319.2   334.6   344.4   357.9   372.6   399.7   477.4  1105.5  3086.6  16513.6    16518
read      405.7   442.7    93.8   166.8   185.3   306.4   374.1   421.6   463.0   524.7   626.7   917.0  2175.2  6183.5  8027.8  83000.0    83230
read      269.8   153.2   109.4   176.4   193.1   258.4   280.0   291.8   300.2   312.0   326.4   354.3   630.5  2080.9  7694.5   5475.2     5484
read      317.5   207.7    86.8   157.6   173.5   289.4   350.9   382.5   405.3   434.3   471.0   534.7   777.5  2903.1  7302.4  55541.6    55611
read      296.2   114.3   101.3   173.0   190.5   294.9   327.2   343.6   355.8   368.9   386.8   413.5   502.5  1436.4  3115.4  20830.2    20774
read      533.5   711.5    86.8   178.9   201.2   318.3   375.4   419.9   466.2   588.3  1218.4  1839.8  3449.2  7663.7 10366.7  96635.6    96726
read      306.5   161.5    93.8   165.2   180.9   300.2   345.0   366.8   382.1   399.4   423.6   461.2   587.2  1826.8  5317.2  32332.0    32442
read      322.8   227.3    93.8   156.7   172.4   282.9   346.1   381.6   408.4   443.8   491.3   569.3   971.2  3042.2  7019.6  72956.4    73039
read      330.2   253.1    93.8   157.9   173.7   284.9   348.4   385.4   414.0   451.2   501.7   589.2  1102.1  3432.5  7602.0  73931.8    74055
read      309.1   196.4    93.8   156.2   171.4   287.6   346.9   376.1   397.5   423.3   456.4   506.8   685.2  2143.7  8085.8  51061.4    51197
read      313.4   171.1    93.8   157.2   172.4   285.9   348.2   380.9   403.8   432.8   470.4   536.3   778.2  2181.9  3667.4  59555.6    59442
read      302.3   136.2    93.8   161.5   176.6   296.4   343.5   366.4   382.4   400.4   425.8   464.5   582.4  1297.9  4343.8  35617.6    35654
read      349.5   365.9    93.8   159.4   175.5   289.2   353.3   392.0   422.8   462.7   517.9   616.9  1405.8  6025.2  8007.7  78789.2    78747
read      305.5   138.1    93.8   159.8   174.9   294.8   347.9   373.4   392.1   413.2   439.9   484.6   608.1  1670.5  4113.1  42215.2    42212
read      309.6   152.9    93.8   156.4   171.8   288.3   349.1   379.1   400.9   427.4   460.9   512.9   699.6  1974.0  3214.5  52480.8    52488
read      308.2   142.1    93.8   162.7   178.5   299.2   349.4   373.2   390.5   409.4   434.5   474.7   618.0  1674.9  3739.0  37110.6    36950
read      288.7   126.1   101.3   174.6   192.4   286.4   315.4   330.7   341.2   354.1   369.8   396.6   482.7  1174.5  5661.7  16896.0    16762
read      347.7   284.1    93.8   161.1   177.2   292.3   358.8   399.1   432.8   475.9   536.0   644.2  1302.0  3782.1  7654.0  79503.4    79473
read      316.0   195.3    86.8   156.0   171.3   284.9   348.7   382.3   406.1   436.0   476.6   545.0   822.6  2420.3  6113.1  61454.2    61431
read      357.0   277.5    86.8   163.5   180.4   296.4   364.3   409.8   449.9   502.7   576.3   708.4  1259.0  3327.1  7650.7  87195.2    87172
read      565.6   741.0    93.8   197.4   224.4   343.9   401.4   444.8   489.1   580.5  1301.5  1926.5  3600.1  7612.4  8877.4 108035.4   108181
read      354.0   297.8    93.8   162.3   178.9   295.1   359.8   399.9   433.6   478.2   541.7   664.0  1467.0  3821.0  7806.7  80319.6    80515
read      301.3   109.4   101.3   161.8   176.9   297.0   345.5   369.0   385.4   402.9   428.0   465.7   564.7   954.2  2452.7  37141.6    37149
read      289.4   118.3   101.3   180.3   198.9   285.2   312.6   327.2   337.9   349.5   366.2   392.7   491.5  1665.1  4798.4  13480.8    13444
read      355.0   317.7    93.8   163.7   180.5   301.7   368.3   408.2   440.5   481.7   538.4   637.5  1237.0  4720.8  8960.0  71866.8    72057
read      340.4   283.1    93.8   161.3   177.3   294.3   358.6   395.2   424.5   461.2   511.2   598.1  1121.3  4054.4  8074.1  70045.8    70041
read      383.5   365.0    93.8   165.1   183.1   298.5   366.2   414.5   459.2   521.8   618.8   834.6  1731.9  4582.6  8132.2  90206.8    90162
read      311.9   190.0    93.8   157.6   172.8   287.3   346.8   376.9   398.8   425.5   460.0   516.7   749.4  2506.4  7340.8  52201.4    52082
read      303.0   137.3   101.3   170.2   187.4   299.1   335.4   353.5   366.1   380.7   399.7   433.0   575.5  1698.9  5190.1  24214.6    24258
read      328.1   260.9    93.8   156.4   172.2   284.4   348.7   385.2   412.7   447.9   495.9   577.1  1100.0  3361.3  8137.7  72208.0    72013
read      308.5   178.0    93.8   155.6   170.5   281.9   342.8   374.1   397.2   425.0   461.2   520.3   717.7  2600.7  4280.9  57867.2    58012
read      310.6   164.7    93.8   160.2   175.2   294.1   349.9   377.6   397.3   421.3   452.2   501.6   668.9  1856.3  5902.2  45450.8    45398
read      313.3   157.4    93.8   158.3   173.8   292.4   350.9   381.6   403.3   430.9   465.9   525.5   713.2  1846.0  4104.2  50000.4    50177
read      305.8   153.2    93.8   161.5   177.3   297.2   344.5   367.2   383.1   400.7   426.2   465.6   616.6  1835.9  4202.2  34395.8    34504
read      332.9   241.0    93.8   157.5   173.7   290.8   354.9   390.8   418.3   453.1   501.3   587.7  1158.5  2995.6  6783.5  66021.2    66010
read      426.1   554.3    93.8   161.6   178.5   299.6   367.2   410.5   447.7   499.6   590.7  1115.6  2970.1  7267.4  9648.4  73882.6    73937
read      312.0   165.4    93.8   158.0   173.3   289.2   350.1   381.3   403.2   431.0   466.2   524.6   703.3  2125.8  3667.0  55069.2    55020
read      313.6   159.7    93.8   159.4   174.9   292.4   353.1   383.7   404.7   432.1   466.8   524.4   696.6  1771.2  3916.2  53215.4    53235
read      496.1   578.4    93.8   179.4   201.7   323.8   392.5   447.5   507.9   642.3   956.4  1560.8  3194.4  6145.3  8521.8  97668.2    97743
read      258.5   123.6   109.4   176.2   191.5   251.3   271.1   282.5   290.6   299.8   313.8   336.2   431.4  1486.9  7054.0   5455.4     5419
read      291.1    94.5   109.4   182.2   200.9   289.5   316.9   332.1   342.3   355.4   370.8   397.6   469.1   970.1  3956.9  14760.8    14764
read      264.8   108.5   109.4   177.8   194.7   259.9   281.5   293.1   301.9   312.7   325.6   346.5   425.5  1073.9  4626.4   7395.4     7451

Total QPS = 53177.3 (15953195 / 300.0s)

Total connections = 64
Misses = 0 (0.0%)
Skipped TXs = 0 (0.0%)

RX 3940439165 bytes :   12.5 MB/s
TX          0 bytes :    0.0 MB/s
Warning! Detected max cpu usage > 95%
CPU Usage Stats (avg/min/max): 99.73%,49.75%,100.00%
