Random waveform, supplied seed
Total number of intervals = 120 (6927, 52892, 98921, 61129, 40613, 53226, 38560, 103465, 104758, 94759, 37799, 8296, 69443, 12517, 43591, 20430, 93758, 10485, 16518, 83230, 5484, 55611, 20774, 96726, 32442, 73039, 74055, 51197, 59442, 35654, 78747, 42212, 52488, 36950, 16762, 79473, 61431, 87172, 108181, 80515, 37149, 13444, 72057, 70041, 90162, 52082, 24258, 72013, 58012, 45398, 50177, 34504, 66010, 73937, 55020, 53235, 97743, 5419, 14764, 7451, 48208, 16149, 78989, 18886, 75954, 44409, 16431, 85707, 58253, 103867, 21604, 90401, 84467, 99700, 32052, 18173, 67789, 51929, 83850, 18614, 29315, 108090, 27024, 49907, 9150, 34328, 51881, 14569, 81517, 78694, 93409, 39093, 18729, 70818, 21942, 91810, 39588, 40957, 62645, 15539, 107672, 32954, 58866, 23739, 54701, 60706, 72350, 58661, 34912, 103268, 38703, 83358, 57408, 86837, 33517, 66204, 73758, 99742, 109462, 94453)
Average QPS expected = 55318
Timestamp start: 1778461104457
Timestamp end: 1778462904765

#type       avg     std     min      p5     p10     p50     p67     p75     p80     p85     p90     p95     p99    p999   p9999      QPS   target
read      247.2   131.8    93.8   160.9   174.4   235.6   262.6   277.3   289.8   303.9   320.4   355.0   453.7  1402.2  7464.9   6922.4     6927
read      325.5   250.0    74.4   131.4   147.2   276.7   349.4   396.5   432.6   474.1   530.6   626.6  1183.3  2941.6  7282.5  52910.3    52892
read      320.1   291.9    80.4   134.5   151.4   266.3   328.8   368.5   398.9   436.9   490.5   589.5  1476.8  3661.0  7733.4  99006.3    98921
read      273.6   122.6    74.4   130.4   145.6   253.8   314.3   346.0   369.3   396.1   429.6   476.6   575.9   789.2  3095.2  61055.7    61129
read      277.2   113.2    80.4   138.4   154.6   269.5   320.2   344.6   362.3   382.4   407.8   448.7   527.8   673.5  2994.4  40610.3    40613
read      270.1   117.0    74.4   129.9   145.0   255.9   311.5   340.4   361.3   385.2   415.4   460.9   549.8   713.5  2722.5  53274.2    53226
read      274.7   105.0    74.4   138.0   154.2   267.9   316.1   340.2   357.3   376.5   401.6   441.0   522.3   676.0  2307.5  38625.6    38560
read      302.5   177.7    74.4   135.3   152.1   266.6   330.4   370.2   399.8   436.3   487.4   576.4   825.4  1799.8  3992.1 103323.3   103465
read      312.5   188.0    74.4   136.8   154.1   272.5   340.0   382.2   414.1   454.0   507.9   610.3   881.6  1863.4  5052.6 104681.5   104758
read      276.4   144.3    74.4   130.1   145.5   250.0   307.0   341.6   367.6   397.7   436.7   500.2   654.8  1309.9  4057.5  94812.6    94759
read      273.8   101.5    80.4   138.2   154.5   267.5   315.2   339.1   356.1   375.1   400.3   436.5   512.6   635.3  1990.0  37883.7    37799
read      235.3    90.3    93.8   159.5   173.7   228.0   250.5   263.8   272.8   285.1   299.6   326.0   393.2   637.7  3665.8   8328.2     8296
read      269.5   127.5    74.4   127.8   142.2   246.8   305.8   340.1   364.7   393.0   428.2   479.7   590.6   916.1  2792.9  69277.7    69443
read      253.7    89.0    86.8   162.6   178.3   248.3   275.1   290.4   300.8   313.9   330.7   357.3   420.5   587.4  3946.6  12535.7    12517
read      276.5   107.3    80.4   135.2   151.4   267.2   319.7   346.8   366.5   388.5   415.2   455.6   538.6   690.9  2280.2  43562.1    43591
read      262.7    84.1    80.4   151.0   168.3   258.9   291.8   310.0   322.6   338.2   357.7   388.0   455.7   593.1  2486.0  20453.6    20430
read      279.2   153.0    74.4   130.5   145.8   251.1   308.7   343.8   370.5   401.5   442.1   506.5   680.3  1613.6  3876.2  93818.9    93758
read      246.6    82.3    86.8   162.0   175.8   240.7   266.6   280.6   290.8   303.1   319.3   344.7   405.0   550.1  3162.3  10500.1    10485
read      269.0    87.4    80.4   158.5   175.7   264.4   296.5   314.5   327.2   342.1   363.1   396.4   472.8   630.4  2317.8  16430.0    16518
read      282.0   187.0    80.4   128.9   143.6   248.9   307.0   340.9   367.4   398.9   440.1   510.5   795.8  2389.7  5381.8  83226.0    83230
read      227.6   108.7    93.8   157.6   168.5   219.8   241.4   253.5   263.3   273.6   289.3   314.3   378.3   833.2  4385.2   5507.9     5484
read      270.9   126.4    74.4   130.2   145.3   255.8   311.9   341.5   362.7   386.9   417.5   463.6   559.5   741.9  3223.3  55579.6    55611
read      267.7    92.0    80.4   154.8   172.3   265.4   297.7   315.0   327.4   341.8   361.1   390.1   458.8   630.9  3308.5  20818.5    20774
read      283.8   156.1    80.4   132.5   148.6   256.3   313.8   346.9   373.6   406.1   449.8   517.2   687.6  1570.5  4337.3  96582.0    96726
read      277.6   104.9    80.4   145.4   162.6   274.7   317.2   339.8   355.2   371.4   393.6   427.3   502.7   636.6  2908.8  32432.9    32442
read      268.6   129.2    74.4   128.2   142.6   246.4   304.3   335.7   359.2   387.3   423.7   479.1   596.4   936.2  3272.9  73126.5    73039
read      268.9   125.2    74.4   128.1   142.6   246.9   304.9   336.4   360.1   388.1   424.5   480.5   603.9   936.4  2825.0  74069.6    74055
read      273.4   115.1    74.4   132.6   148.3   261.1   315.8   344.8   365.0   387.8   416.5   460.7   549.2   700.4  2006.7  51193.1    51197
read      270.9   134.0    74.4   129.5   144.4   253.6   310.4   340.3   362.2   387.5   419.8   468.6   578.7   806.9  3514.8  59367.7    59442
read      275.9   101.3    80.4   141.6   158.7   272.2   316.7   339.9   356.2   373.6   396.8   431.7   507.9   639.5  2147.3  35716.1    35654
read      269.2   128.0    80.4   127.8   142.3   246.1   303.6   334.9   358.8   388.2   426.2   485.2   617.9  1032.0  2750.4  78763.9    78747
read      274.3   109.1    74.4   136.5   152.6   267.3   316.5   341.8   360.1   380.2   403.7   443.0   527.6   664.1  3387.7  42248.3    42212
read      274.2   114.2    80.4   132.4   148.3   260.7   316.7   346.5   366.9   390.0   419.2   463.1   556.0   720.1  2177.3  52458.5    52488
read      279.0   103.5    74.4   141.8   159.1   274.9   321.5   346.0   362.3   379.9   401.5   436.3   516.0   674.2  2640.0  36923.5    36950
read      265.1   117.5    86.8   161.1   177.2   262.2   291.5   307.2   317.7   332.1   349.1   374.5   440.9   641.6  7106.9  16768.7    16762
read      265.4   123.9    74.4   126.2   140.8   243.3   300.6   331.4   354.3   382.1   418.9   475.8   597.9   894.5  2693.5  79362.8    79473
read      269.3   118.7    74.4   128.4   143.4   251.7   309.8   340.6   362.8   387.8   419.3   467.6   570.8   746.4  2694.8  61528.9    61431
read      266.0   127.6    74.4   126.6   141.2   242.8   299.4   330.2   353.1   381.7   419.5   479.8   615.1  1021.6  2955.9  87098.1    87172
read      324.5   194.8    80.4   135.1   152.7   276.6   347.6   396.5   435.2   484.4   550.9   680.5   990.5  1583.9  3622.0 108084.6   108181
read      266.7   126.8    74.4   127.0   141.9   244.5   301.3   331.8   354.6   382.8   420.0   478.7   605.1   903.2  3053.3  80626.1    80515
read      277.1   104.3    80.4   139.8   156.8   271.1   317.5   341.9   359.6   379.1   402.8   443.8   537.1   682.6  2261.9  37214.1    37149
read      255.4    95.6    86.8   161.1   175.8   251.7   278.9   293.4   304.2   316.4   333.9   361.3   425.7   741.7  3868.1  13382.1    13444
read      262.8   116.9    74.4   124.6   139.2   242.8   300.0   329.4   350.7   377.4   413.5   468.9   586.8   835.2  1997.6  72012.2    72057
read      263.0   119.9    74.4   125.0   139.8   243.5   300.4   330.1   351.4   377.1   411.4   466.0   579.3   771.0  3082.9  69905.1    70041
read      268.2   129.7    74.4   126.3   141.3   245.3   301.1   331.0   353.3   382.5   423.0   488.7   634.8  1075.9  2459.7  90201.4    90162
read      270.1   114.4    80.4   130.8   146.3   257.8   312.2   340.0   360.0   382.6   409.8   454.3   545.0   707.2  3015.1  52008.3    52082
read      270.9    83.8    80.4   151.7   169.3   270.1   305.3   323.0   336.9   352.1   370.8   400.1   467.2   585.1  1956.6  24255.5    24258
read      264.7   123.0    74.4   125.5   140.3   244.7   301.9   331.9   353.7   380.4   415.4   469.6   587.0   808.9  2789.0  71913.7    72013
read      269.2   115.8    74.4   128.6   143.6   253.6   310.0   340.0   361.4   385.5   415.8   463.5   565.1   747.6  2622.2  58038.6    58012
read      273.3   108.1    74.4   134.4   150.7   265.4   315.9   342.1   360.7   381.2   405.1   445.9   533.1   674.5  2839.8  45245.9    45398
read      272.8   113.3    80.4   132.3   148.3   261.8   314.9   342.2   361.8   384.2   411.8   455.8   546.3   713.0  2557.3  50169.7    50177
read      277.0    98.9    80.4   143.2   160.7   274.5   318.3   340.9   356.6   373.4   395.2   428.2   502.8   644.0  2571.3  34505.7    34504
read      267.7   122.6    80.4   127.6   142.2   248.3   306.4   337.0   359.6   385.8   418.5   469.1   582.1   817.4  2993.4  65964.5    66010
read      265.4   123.2    74.4   126.5   141.1   244.5   302.1   332.5   354.9   382.3   417.4   471.8   587.9   809.3  3035.3  73986.5    73937
read      268.3   115.5    74.4   129.2   144.2   254.6   309.3   337.4   358.0   381.9   411.7   458.5   554.9   707.7  2597.3  55036.5    55020
read      269.5   120.0    74.4   129.8   145.1   256.3   310.9   339.2   359.8   383.2   411.9   457.9   549.7   689.6  2608.7  53243.5    53235
read      276.8   142.5    74.4   128.8   144.2   250.6   307.5   339.0   363.9   395.6   438.9   509.4   682.4  1290.7  3508.4  97728.3    97743
read      223.0   118.1    93.8   153.6   164.9   214.7   235.9   249.1   258.3   269.5   284.3   308.3   369.9   918.2  5307.0   5421.8     5419
read      261.4    78.9    86.8   159.1   175.2   258.9   288.6   304.6   315.8   330.1   347.2   374.7   442.0   558.5  1954.6  14787.3    14764
read      238.0    91.8    86.8   160.4   172.8   231.5   256.2   269.6   279.2   291.2   307.0   332.7   397.4   584.2  3956.4   7430.7     7451
read      296.1   138.3    74.4   132.0   148.3   275.4   339.2   376.3   403.7   437.2   478.9   537.9   644.2   836.8  3444.3  48171.7    48208
read      271.1   100.3    86.8   158.2   175.6   268.3   300.7   317.5   330.6   345.0   365.2   395.9   463.9   593.9  3218.1  16156.3    16149
read      270.6   141.0    74.4   126.7   141.3   245.0   303.2   335.6   360.0   389.4   428.2   491.5   649.5  1359.1  3121.4  78967.7    78989
read      266.6    85.4    80.4   158.8   175.3   265.8   296.5   312.7   323.6   337.8   354.8   379.6   439.4   558.8  2554.2  18911.3    18886
read      264.6   119.3    74.4   125.9   140.4   242.8   300.4   332.0   355.6   383.5   419.6   474.3   589.0   819.4  2129.3  75978.9    75954
read      273.7   110.9    80.4   134.6   150.7   264.9   316.2   342.9   361.5   382.3   407.9   449.5   533.8   673.1  2675.8  44426.2    44409
read      261.9    90.0    86.8   159.5   175.5   259.3   288.7   304.3   315.4   328.8   344.8   370.8   432.7   589.8  3247.6  16428.3    16431
read      266.7   124.1    74.4   127.4   141.9   243.3   299.5   330.9   355.0   384.3   422.7   482.8   616.9   981.0  2304.9  85779.7    85707
read      276.3   138.3    80.4   130.6   145.9   257.4   314.7   346.1   368.9   395.5   428.7   480.5   591.0  1196.7  3464.2  58204.9    58253
read      302.8   164.3    80.4   136.2   153.4   269.2   331.2   370.7   401.2   438.6   490.6   576.4   804.7  1493.6  3538.2 103707.9   103867
read      268.7    97.0    80.4   152.8   170.5   265.5   299.9   317.9   331.2   345.4   365.5   395.5   463.1   608.9  4057.4  21584.5    21604
read      270.2   129.6    74.4   129.0   143.9   246.1   302.2   333.9   358.5   388.5   427.3   488.4   627.8  1073.6  2971.7  90279.5    90401
read      269.4   129.4    74.4   128.5   143.2   245.3   302.2   334.2   358.8   388.4   426.5   486.7   620.2  1096.9  2836.1  84608.4    84467
read      286.5   157.3    74.4   132.2   148.3   256.7   315.4   350.9   378.5   412.2   457.8   531.5   724.9  1485.8  3913.3  99699.9    99700
read      277.8   104.7    74.4   145.2   162.7   274.4   317.7   339.9   355.2   371.6   394.4   428.3   502.4   642.7  2711.2  32027.7    32052
read      262.7    83.4    86.8   156.7   173.4   260.0   290.6   307.3   318.7   333.4   350.5   378.1   443.2   588.3  2802.9  18187.7    18173
read      266.0   121.2    74.4   127.0   141.3   245.8   302.9   334.0   357.3   384.8   419.9   470.7   579.3   811.4  2754.3  67690.8    67789
read      271.2   118.7    74.4   131.0   146.4   258.1   313.1   341.8   362.1   385.3   414.6   459.1   546.0   697.7  3091.7  51866.1    51929
read      268.8   128.0    74.4   128.8   143.4   244.7   301.8   334.4   359.5   389.4   427.4   485.5   612.3   936.9  2709.7  83918.1    83850
read      267.6    86.2    80.4   158.9   175.4   265.6   297.0   314.0   325.7   339.3   356.6   383.0   445.8   591.0  2742.8  18643.3    18614
read      281.3    97.7    80.4   151.4   169.1   279.1   320.3   340.7   355.0   370.8   392.6   425.7   498.7   634.9  2564.0  29395.3    29315
read      320.5   187.5    74.4   136.7   154.1   275.9   346.5   393.0   428.3   472.5   536.5   654.8   941.5  1472.0  4187.7 108071.1   108090
read      275.1    97.0    80.4   149.5   166.5   273.5   312.3   332.1   345.1   361.8   382.0   414.0   478.8   587.1  2443.2  27053.1    27024
read      274.3   111.8    74.4   133.0   148.9   262.0   317.2   346.0   366.0   389.2   418.2   460.8   544.9   695.2  2189.5  49835.9    49907
read      242.1    85.8    86.8   161.7   174.7   235.6   260.7   273.6   283.8   294.6   311.5   336.8   396.1   743.4  3184.2   9200.5     9150
read      279.1   116.0    74.4   143.5   160.9   274.5   320.2   342.7   358.6   375.5   399.2   433.8   508.3   754.6  3209.0  34364.3    34328
read      276.2   131.5    74.4   131.9   147.6   260.6   318.1   348.3   369.2   393.9   424.4   468.6   566.7   939.2  3428.7  51893.1    51881
read      259.9    76.7    86.8   161.7   177.4   256.6   285.4   300.5   312.2   324.9   341.5   369.0   433.1   550.2  2447.1  14579.7    14569
read      266.0   123.4    74.4   126.0   140.6   242.0   299.1   332.5   357.4   386.9   424.3   481.9   611.2   941.5  2231.4  81372.3    81517
read      264.0   123.7    74.4   125.0   139.4   241.0   297.6   330.2   355.1   384.4   421.3   477.3   600.8   863.7  2283.7  78721.7    78694
read      281.0   142.5    80.4   130.2   145.8   253.4   312.4   347.9   374.9   407.3   450.8   518.0   686.0  1190.5  3118.7  93408.2    93409
read      271.1   112.8    74.4   134.7   150.6   264.7   311.5   336.1   353.3   372.7   398.3   435.6   518.4   695.3  3477.9  38998.4    39093
read      259.7   118.4    80.4   150.8   168.0   254.5   285.8   302.8   315.5   330.6   348.2   379.1   452.7   803.7  5528.0  18759.4    18729
read      265.4   125.4    74.4   125.4   139.6   243.1   301.8   334.2   357.7   385.2   420.4   473.6   595.5   969.7  2643.8  70838.3    70818
read      262.2    99.6    80.4   147.4   164.3   258.4   292.1   310.6   323.4   339.1   359.3   391.3   461.1   597.9  3847.2  21952.5    21942
read      268.1   126.9    74.4   127.3   141.8   243.6   300.4   333.6   358.4   388.0   426.1   486.1   628.1  1030.5  3023.6  91871.6    91810
read      267.5   105.4    74.4   133.0   148.6   261.7   307.3   331.4   348.0   368.2   393.6   432.0   515.8   681.8  2583.9  39587.5    39588
read      269.6   102.4    80.4   133.5   149.4   263.3   311.4   336.2   353.5   373.2   399.0   436.6   517.9   633.8  1855.6  41013.6    40957
read      267.7   122.6    74.4   127.6   141.9   248.0   306.5   338.7   361.9   388.7   421.7   470.1   572.0   787.7  3038.3  62638.7    62645
read      261.0   130.1    80.4   158.5   174.8   255.2   284.8   300.5   312.6   326.2   343.7   373.1   444.5   925.0  7508.4  15499.4    15539
read      333.2   201.4    74.4   138.2   155.9   283.0   359.9   408.4   447.0   496.0   568.1   702.5  1004.4  1640.3  4219.2 107656.5   107672
read      278.0   105.1    80.4   143.9   161.1   273.6   318.6   340.9   356.6   373.7   397.4   432.3   504.8   636.6  3258.6  32993.1    32954
read      271.6   126.7    74.4   128.6   143.1   252.8   311.7   344.0   367.0   393.5   426.5   475.2   579.2   797.5  3019.1  58824.9    58866
read      263.6    88.5    80.4   145.5   163.2   259.7   293.7   312.7   326.3   342.7   364.8   398.2   473.3   638.7  2490.6  23815.6    23739
read      264.8   112.0    74.4   126.6   140.9   251.8   304.7   333.3   354.4   378.1   408.1   455.9   555.2   735.4  2325.0  54678.5    54701
read      267.2   121.2    74.4   127.2   141.4   249.8   306.3   337.7   360.4   386.3   418.8   467.3   571.8   748.6  2851.0  60767.5    60706
read      265.7   123.6    80.4   125.7   140.1   244.3   301.3   334.1   358.5   386.6   422.1   475.3   592.7   833.3  2174.8  72402.5    72350
read      267.3   114.9    74.4   127.8   142.0   251.0   306.8   337.8   360.1   385.6   417.7   465.7   568.1   739.2  2227.8  58545.7    58661
read      271.6   105.1    80.4   137.8   154.0   266.4   309.3   333.0   349.6   369.3   394.8   432.4   514.8   662.7  2066.1  34921.1    34912
read      301.9   165.0    80.4   135.9   152.7   267.2   331.4   371.5   401.1   437.5   488.6   576.2   806.3  1535.5  3407.3 103421.6   103268
read      273.1   114.3    74.4   136.0   152.0   266.1   313.2   338.1   355.5   374.6   400.6   439.6   525.9   748.0  2994.0  38623.9    38703
read      272.0   149.5    74.4   127.7   142.1   244.4   302.4   337.0   362.8   393.0   431.6   493.7   650.3  1566.5  4174.0  83446.1    83358
read      268.6   114.5    80.4   128.7   143.3   251.7   309.0   340.2   362.3   387.8   419.4   465.8   564.1   741.1  2130.1  57327.7    57408
read      272.1   127.0    80.4   129.7   144.5   247.8   304.7   339.0   364.6   394.4   431.9   491.3   624.7  1024.1  2358.3  86900.1    86837
read      271.1   116.2    80.4   140.0   156.5   266.0   308.1   330.3   345.0   363.7   387.2   424.4   506.7   730.2  3870.3  33557.9    33517
read      264.1   114.8    74.4   127.1   141.2   244.9   302.2   334.0   356.9   383.4   416.1   464.4   559.1   699.8  2005.3  66228.9    66204
read      264.3   122.4    74.4   127.2   141.4   242.1   300.1   333.0   357.1   385.1   420.4   470.6   574.2   734.4  2403.4  73749.1    73758
read      279.0   133.7    80.4   132.1   147.8   252.0   310.2   345.7   372.5   404.1   447.1   512.5   666.7   933.1  3054.7  99644.1    99742
read      312.3   172.2    74.4   136.4   153.2   269.6   338.8   383.8   418.5   462.3   524.5   635.2   899.0  1230.0  2914.5 109489.0   109462
read      269.3   122.3    74.4   129.5   144.3   245.1   301.3   335.1   360.6   390.5   428.9   489.1   614.7   842.0  2073.2  94435.0    94453

Total QPS = 55313.9 (99565040 / 1800.0s)

Total connections = 64
Misses = 0 (0.0%)
Skipped TXs = 0 (0.0%)

RX 24592564633 bytes :   13.0 MB/s
TX          0 bytes :    0.0 MB/s
Warning! Detected max cpu usage > 95%
CPU Usage Stats (avg/min/max): 100.00%,50.75%,100.00%
