Random waveform, supplied seed
Total number of intervals = 60 (6927, 52892, 98921, 61129, 40613, 53226, 38560, 103465, 104758, 94759, 37799, 8296, 69443, 12517, 43591, 20430, 93758, 10485, 16518, 83230, 5484, 55611, 20774, 96726, 32442, 73039, 74055, 51197, 59442, 35654, 78747, 42212, 52488, 36950, 16762, 79473, 61431, 87172, 108181, 80515, 37149, 13444, 72057, 70041, 90162, 52082, 24258, 72013, 58012, 45398, 50177, 34504, 66010, 73937, 55020, 53235, 97743, 5419, 14764, 7451)
Average QPS expected = 53209
Timestamp start: 1778709978173
Timestamp end: 1778710278460

#type       avg     std     min      p5     p10     p50     p67     p75     p80     p85     p90     p95     p99    p999   p9999      QPS   target
read      246.7   282.4   101.3   151.9   163.3   213.7   234.4   247.6   256.8   270.1   292.2   335.3  1043.9  4531.4  8028.3   6942.6     6927
read      286.7   174.2    80.4   127.4   141.0   258.7   319.3   353.5   378.3   407.9   446.6   510.6   835.7  2100.6  4184.6  52613.0    52892
read      552.8   846.5    80.4   149.6   171.5   305.0   376.9   427.5   471.6   546.7  1056.9  2628.6  3800.4  7907.7 10136.3  98742.2    98921
read      335.0   469.7    80.4   125.3   139.3   258.4   326.1   366.2   397.4   435.7   491.9   605.7  1985.6  7430.9 11173.1  61294.4    61129
read      282.5   170.3    80.4   130.0   144.3   261.0   315.5   344.1   365.6   391.1   423.7   476.9   718.8  2142.3  5636.9  40680.2    40613
read      288.4   201.2    80.4   126.2   139.7   256.2   317.2   350.7   375.1   405.8   445.7   510.5   947.4  2558.4  4501.4  53265.4    53226
read      280.7   173.7    80.4   131.3   145.7   259.9   310.9   338.5   358.3   381.4   411.2   461.6   772.9  2393.8  3844.0  38527.2    38560
read      619.8  1039.8    80.4   165.4   191.7   329.8   406.6   457.6   497.6   550.4   682.5  3313.8  6039.5  8797.0 11104.4 103255.0   103465
read      591.2   929.7    80.4   166.3   191.6   325.1   398.6   445.6   481.6   530.5   634.6  3305.3  3966.3  7927.8 10474.4 104760.2   104758
read      561.3   912.8    80.4   151.1   173.5   306.5   376.3   424.6   464.0   518.5   624.3  3257.2  3738.4  7986.8 10172.9  94869.0    94759
read      282.0   225.1    74.4   130.6   145.1   257.4   308.5   335.6   355.2   378.2   408.2   459.7   768.1  3502.5  7571.6  37773.6    37799
read      221.1    98.1    93.8   149.0   160.3   211.0   231.2   243.2   252.0   263.8   278.8   310.7   410.5  1160.8  2983.5   8251.4     8296
read      308.7   325.9    80.4   124.2   137.8   248.1   316.7   356.9   388.2   427.2   480.6   581.8  1476.4  4666.4  7947.8  69363.6    69443
read      242.8   184.1    86.8   147.3   162.6   226.7   251.4   265.9   275.6   291.7   311.7   343.7   549.6  2205.5  7395.5  12521.8    12517
read      285.3   197.8    80.4   128.7   142.7   258.4   314.8   345.0   367.0   392.6   425.3   480.3   927.0  2435.1  7122.6  43713.2    43591
read      253.6   102.8    86.8   140.1   156.4   244.8   276.3   296.9   311.1   327.0   346.8   382.6   490.4  1198.1  3204.9  20455.4    20430
read      458.4   693.5    80.4   137.6   155.4   277.6   347.2   394.3   435.0   499.7   653.2  1585.1  3468.1  7622.3  9876.5  93640.6    93758
read      227.0    97.1    93.8   147.1   159.7   216.9   239.1   252.1   262.7   274.6   294.1   323.2   422.9  1123.7  3164.8  10500.2    10485
read      243.7   105.5    86.8   143.4   159.5   234.5   262.8   278.9   293.0   308.5   326.8   358.6   451.8  1118.1  3141.2  16559.2    16518
read      251.6   134.8    80.4   123.1   136.2   225.4   281.8   315.1   336.5   360.5   390.5   435.4   601.6  1404.2  3729.2  83298.2    83230
read      210.0    80.0    86.8   148.0   156.9   200.7   218.7   230.0   237.5   248.5   263.0   291.0   367.9  1085.4  3054.4   5485.0     5484
read      256.1   146.2    80.4   124.2   137.5   240.1   292.7   319.5   336.8   356.4   380.9   421.0   537.7  2122.5  3581.4  55455.6    55611
read      246.3    88.4    80.4   140.7   156.8   240.4   269.2   286.6   299.5   314.8   334.6   366.3   446.2  1036.2  2684.0  20787.6    20774
read      253.4   176.1    80.4   124.0   137.4   223.5   276.6   309.1   331.3   357.1   389.2   437.4   666.9  1847.9  6272.1  96739.6    96726
read      252.0   104.1    80.4   133.5   148.2   248.8   284.6   304.5   317.6   333.4   352.2   382.6   459.1   775.1  3993.7  32516.6    32442
read      249.9   125.6    80.4   122.8   135.7   228.6   285.5   316.9   337.0   359.4   386.7   426.5   538.6  1039.1  3956.1  73189.8    73039
read      251.1   109.4    80.4   123.1   136.2   230.0   287.6   319.1   339.4   362.2   390.5   432.5   550.9   964.3  1883.2  74237.4    74055
read      249.3   114.0    80.4   124.3   137.5   241.0   289.8   314.5   330.5   347.1   369.5   402.9   485.5   673.8  2092.7  51137.6    51197
read      250.8   106.4    80.4   123.3   136.6   236.3   290.9   318.2   335.9   355.7   380.4   419.6   514.7   804.5  2588.4  59559.8    59442
read      250.4   107.2    80.4   131.0   145.3   247.7   284.7   304.7   317.8   333.8   353.0   384.3   456.7   746.9  3028.4  35617.8    35654
read      249.2   114.7    80.4   122.9   135.9   226.2   282.9   315.6   337.0   360.8   389.7   431.9   552.9   988.0  2021.7  78799.2    78747
read      251.4    95.4    80.4   129.2   142.9   247.8   289.6   311.0   325.1   341.1   361.9   394.2   470.8   669.1  1881.3  42198.2    42212
read      251.9    96.9    80.4   125.7   138.9   242.5   293.4   318.4   334.8   352.9   375.3   411.5   496.1   697.2  1463.6  52419.2    52488
read      249.1   111.5    80.4   129.2   143.1   245.2   282.5   303.2   316.7   333.1   353.2   386.3   467.3   793.7  2913.0  36958.0    36950
read      240.4   120.4    86.8   142.0   158.1   232.4   259.4   273.8   287.1   302.2   319.7   349.1   437.1  1071.3  5081.9  16745.2    16762
read      255.5   151.5    80.4   123.5   136.5   228.5   286.0   318.2   339.4   363.8   394.0   440.6   620.5  1745.4  4403.0  79513.0    79473
read      251.6   118.9    80.4   124.2   137.4   235.9   291.3   319.6   337.6   357.8   383.0   421.8   517.3   828.1  3071.4  61371.2    61431
read      252.4   131.7    80.4   124.3   137.4   226.9   282.6   315.6   337.3   361.7   391.4   435.4   605.2  1279.0  4151.8  87191.6    87172
read      268.6   171.1    80.4   130.3   144.7   236.5   290.2   321.7   344.2   371.3   404.9   462.7   800.4  2322.3  3555.5 108267.8   108181
read      251.7   118.9    74.4   123.6   136.8   228.3   285.7   317.9   338.8   362.7   392.0   435.4   581.8  1039.9  2423.7  80449.4    80515
read      260.7   163.4    80.4   131.2   145.6   250.2   291.0   312.3   326.8   343.3   366.2   402.2   554.8  2044.3  7491.1  37295.6    37149
read      231.2    76.9    86.8   144.8   160.1   224.4   248.2   262.0   271.9   286.0   304.4   332.6   415.2  1014.7  1907.7  13424.0    13444
read      254.6   151.0    80.4   123.4   136.3   230.1   288.2   318.9   339.5   362.4   390.8   433.7   582.6  1801.1  4307.1  71970.4    72057
read      249.8   108.7    80.4   123.4   136.3   230.7   287.8   318.3   337.7   359.3   385.5   424.0   531.8   875.4  2180.4  69901.4    70041
read      255.5   140.7    80.4   124.6   138.0   227.5   283.3   316.3   338.6   364.2   395.6   443.6   651.6  1627.1  3646.9  90283.8    90162
read      251.1   102.4    80.4   124.9   138.2   241.8   291.6   316.5   333.0   350.8   373.5   409.1   499.1   727.6  2769.1  52019.4    52082
read      243.5    80.3    80.4   138.3   153.7   241.0   269.3   286.0   298.1   312.8   331.0   360.4   428.6   588.9  1494.1  24273.8    24258
read      252.7   117.3    80.4   124.5   137.7   232.2   290.3   321.1   340.9   363.7   391.3   431.9   543.7   883.5  3113.7  71915.6    72013
read      255.5   121.1    80.4   125.5   138.7   240.2   296.5   324.2   341.7   362.1   387.5   426.3   532.1   922.6  3734.2  58050.2    58012
read      255.0    95.1    80.4   129.0   142.7   250.1   295.6   317.8   332.8   348.7   370.6   403.7   488.2   739.4  1915.4  45321.2    45398
read      253.8   100.3    80.4   126.9   140.1   245.2   295.2   319.5   336.1   354.8   377.5   413.1   495.0   690.3  2158.4  50057.4    50177
read      251.5    90.2    80.4   131.5   146.2   249.0   285.9   306.4   320.0   336.5   357.0   390.0   463.0   623.7  1856.0  34428.8    34504
read      253.5   131.2    80.4   123.4   136.5   234.3   291.7   321.4   340.3   362.2   389.5   429.9   539.5  1098.6  3632.2  65973.2    66010
read      248.1   108.1    74.4   122.1   134.7   227.3   284.4   316.4   336.9   359.7   387.6   429.0   538.4   838.9  2037.7  73904.6    73937
read      254.3   109.9    80.4   126.0   139.2   242.3   296.6   323.1   340.2   360.0   384.2   420.7   506.6   714.0  1436.6  54906.4    55020
read      254.0   108.7    80.4   125.3   138.6   243.3   295.0   320.4   336.9   355.7   379.7   417.4   508.4   885.6  3074.3  53190.6    53235
read      256.1   145.9    74.4   124.5   138.3   226.7   280.5   313.4   336.3   362.7   395.4   448.2   703.8  1727.0  3391.6  97966.8    97743
read      209.4   116.6    93.8   144.6   154.4   199.3   218.3   229.8   237.4   248.7   263.2   289.6   361.2  1067.1  5038.8   5426.0     5419
read      238.5    97.9    86.8   142.8   159.1   230.3   256.6   271.5   284.0   299.1   317.7   346.2   433.4  1097.0  2887.8  14733.0    14764
read      217.6    96.4   101.3   149.1   160.2   209.6   229.1   240.0   248.8   259.2   273.3   301.9   374.1  1029.9  4851.4   7461.6     7451

Total QPS = 53202.8 (15960849 / 300.0s)

Total connections = 64
Misses = 0 (0.0%)
Skipped TXs = 0 (0.0%)

RX 3942329703 bytes :   12.5 MB/s
TX          0 bytes :    0.0 MB/s
Warning! Detected max cpu usage > 95%
CPU Usage Stats (avg/min/max): 99.73%,51.00%,100.00%
