Random waveform, supplied seed
Total number of intervals = 20 (6927, 52892, 98921, 61129, 40613, 53226, 38560, 103465, 104758, 94759, 37799, 8296, 69443, 12517, 43591, 20430, 93758, 10485, 16518, 83230)
Average QPS expected = 52565
Timestamp start: 1778624952727
Timestamp end: 1778625252998

#type       avg     std     min      p5     p10     p50     p67     p75     p80     p85     p90     p95     p99    p999   p9999      QPS   target
read      309.7   543.0    93.8   159.0   170.4   230.3   257.5   273.5   287.9   305.6   331.4   431.8  2282.0  7901.4 12264.4   6936.4     6927
read      398.4   588.7    80.4   137.8   153.7   288.3   370.2   418.3   455.0   500.9   568.0   745.2  2977.6  7979.7 11333.0  52902.5    52892
read      909.9  1390.9    80.4   181.2   207.2   347.4   440.5   528.4  1053.9  2060.0  2932.1  3709.0  6629.8 10425.4 14724.4  98868.2    98921
read      564.7   966.6    80.4   159.1   180.2   309.4   384.4   437.4   488.0   573.6   972.0  1974.9  5373.7  9540.1 15020.2  61179.1    61129
read      412.0   653.5    80.4   138.0   154.5   292.8   369.2   411.0   441.1   479.2   535.4   755.4  3579.3  8020.7 10985.7  40626.3    40613
read      465.6   839.4    80.4   138.4   155.6   297.6   385.9   437.9   478.4   530.8   615.1  1094.3  4385.0 10654.7 13288.4  53182.7    53226
read      365.3   451.8    80.4   138.2   154.1   290.5   362.7   401.3   429.3   462.9   507.8   611.5  2382.0  6555.4  8450.0  38511.9    38560
read      923.5  1592.4    80.4   189.4   216.1   376.6   496.0   725.0  1369.7  1572.0  1817.8  3260.3  9552.0 12573.8 16304.7 103377.7   103465
read      701.2   914.3    86.8   196.6   223.1   386.0   484.8   563.7   675.3  1403.6  1694.9  2521.2  4389.2  8054.0 13483.0 104801.3   104758
read      504.5   691.8    86.8   174.5   198.2   321.8   392.6   440.8   482.4   541.8   680.1  1714.9  3569.3  7673.8  9865.6  94822.8    94759
read      420.6   718.0    80.4   140.7   156.0   259.1   329.5   380.2   422.2   479.8   589.2  1147.4  3342.2  8869.4 14555.6  37782.2    37799
read      273.1   324.5    86.8   152.2   164.7   229.7   259.2   275.0   289.8   307.8   333.0   399.3  1285.9  5320.0  9386.2   8294.5     8296
read      861.7  1384.1    80.4   159.3   182.5   316.3   425.5   582.9  1247.3  1731.0  2603.6  3349.1  7356.2 12273.4 16192.5  69355.2    69443
read      264.7   163.3    93.8   149.8   163.7   246.1   281.4   302.3   316.0   332.5   353.2   391.1   803.3  2018.4  7332.5  12549.9    12517
read      376.7   517.8    80.4   137.0   152.9   288.0   363.6   405.1   435.3   473.2   526.4   649.2  2596.8  7594.8 10173.2  43573.4    43591
read      294.3   190.7    80.4   145.1   161.1   272.6   323.8   348.3   366.2   386.8   412.3   455.7   941.8  2486.6  6690.5  20446.0    20430
read      942.6  1355.1    86.8   176.3   201.5   334.3   443.6   722.6  1562.9  2342.0  2823.9  3794.2  6388.1  9073.4 12269.3  93716.4    93758
read      455.8  1078.1    86.8   150.4   164.1   245.3   288.2   315.8   338.2   370.0   440.4  1163.4  7590.7 11077.5 16245.5  10450.7    10485
read      294.7   252.2    86.8   148.5   164.1   265.0   310.3   333.5   349.4   369.3   395.5   441.6  1153.0  3059.5  8111.1  16544.6    16518
read      709.2  1279.9    80.4   156.7   179.7   310.6   393.8   458.3   526.7   714.5  1489.3  3252.7  6537.9  8547.0 11987.6  79067.3    83230

Total QPS = 52349.5 (15704836 / 300.0s)

Total connections = 64
Misses = 0 (0.0%)
Skipped TXs = 0 (0.0%)

RX 3879094492 bytes :   12.3 MB/s
TX          0 bytes :    0.0 MB/s
Warning! Detected max cpu usage > 95%
CPU Usage Stats (avg/min/max): 99.72%,50.00%,100.00%
