Random waveform, supplied seed
Total number of intervals = 20 (6927, 52892, 98921, 61129, 40613, 53226, 38560, 103465, 104758, 94759, 37799, 8296, 69443, 12517, 43591, 20430, 93758, 10485, 16518, 83230)
Average QPS expected = 52565
Timestamp start: 1778808112641
Timestamp end: 1778808412931

#type       avg     std     min      p5     p10     p50     p67     p75     p80     p85     p90     p95     p99    p999   p9999      QPS   target
read      228.1    86.0    93.8   153.6   165.3   219.1   242.1   255.2   266.2   278.3   295.3   323.3   398.4   760.3  3021.9   6928.1     6927
read      258.3   105.3    74.4   127.3   141.6   246.2   300.1   325.8   343.1   363.5   389.5   430.2   518.4   700.1  2367.6  52852.2    52892
read      262.9   122.9    80.4   127.6   141.8   237.7   295.1   326.2   347.5   373.7   412.6   475.7   620.9   899.8  2919.3  98862.7    98921
read      255.4   105.9    74.4   124.7   138.9   239.3   296.1   323.9   342.6   364.0   391.6   434.4   528.8   708.7  1869.6  61245.8    61129
read      260.0    96.0    74.4   131.6   147.0   254.6   300.2   322.1   337.8   355.7   377.6   414.7   493.8   663.1  2318.1  40654.7    40613
read      257.7   110.2    74.4   127.0   141.4   245.3   299.2   324.9   342.3   362.6   388.3   428.6   516.1   687.7  3087.2  53268.1    53226
read      260.9    99.4    74.4   133.1   148.9   255.8   300.2   321.9   337.5   355.2   376.5   412.7   490.4   642.3  2636.6  38574.8    38560
read      265.3   122.9    74.4   128.7   143.2   239.6   296.7   328.1   350.0   376.9   416.9   482.9   634.9   932.2  2212.0 103511.0   103465
read      270.3   133.7    80.4   129.4   144.2   243.0   300.7   332.5   355.5   384.5   426.8   497.8   670.3  1051.7  3438.5 104881.3   104758
read      260.5   120.1    74.4   126.8   140.8   235.7   293.0   323.9   345.2   371.0   407.6   469.7   611.3   899.0  2533.1  94730.4    94759
read      262.1   104.1    74.4   134.0   149.8   256.7   300.8   322.3   337.9   355.6   377.1   413.9   495.3   695.2  2738.9  37776.9    37799
read      230.3    78.4    86.8   152.7   165.2   222.5   246.2   260.2   270.5   283.7   300.6   329.3   399.3   736.9  2665.4   8362.7     8296
read      253.7   108.5    74.4   123.3   137.6   234.4   292.3   321.8   341.5   363.9   393.3   439.6   542.0   727.8  1971.4  69381.3    69443
read      243.1    78.7    86.8   152.5   167.1   235.7   263.7   279.0   290.7   304.8   322.6   353.0   426.0   731.9  2813.9  12560.5    12517
read      260.3   101.2    74.4   130.7   145.7   253.4   301.3   324.0   339.9   358.4   381.4   419.8   501.7   680.0  2588.2  43564.3    43591
read      254.8    78.9    80.4   147.7   163.9   250.3   282.1   299.1   312.1   327.0   345.8   376.4   452.2   689.8  2207.7  20396.7    20430
read      257.3   114.7    74.4   125.8   139.8   233.5   290.3   320.9   342.2   367.2   401.6   461.6   593.4   860.4  1872.0  93668.9    93758
read      241.8    79.4    86.8   157.9   172.1   234.0   259.3   273.4   285.0   297.4   315.9   344.6   423.5   750.9  3008.2  10451.6    10485
read      252.1    88.0    86.8   152.2   168.2   245.9   275.3   292.2   304.5   318.5   338.3   368.7   442.5   727.7  2708.1  16507.7    16518
read      257.6   141.3    74.4   124.0   138.2   232.7   290.0   320.4   341.6   366.0   398.9   456.5   594.2  1367.0  4143.3  83131.0    83230

Total QPS = 52565.5 (15769660 / 300.0s)

Total connections = 64
Misses = 0 (0.0%)
Skipped TXs = 0 (0.0%)

RX 3895106020 bytes :   12.4 MB/s
TX          0 bytes :    0.0 MB/s
Warning! Detected max cpu usage > 95%
CPU Usage Stats (avg/min/max): 99.73%,49.75%,100.00%
