Random waveform, supplied seed
Total number of intervals = 20 (6927, 52892, 98921, 61129, 40613, 53226, 38560, 103465, 104758, 94759, 37799, 8296, 69443, 12517, 43591, 20430, 93758, 10485, 16518, 83230)
Average QPS expected = 52565
Timestamp start: 1778880917751
Timestamp end: 1778881218020

#type       avg     std     min      p5     p10     p50     p67     p75     p80     p85     p90     p95     p99    p999   p9999      QPS   target
read      231.3    83.3    93.8   155.7   168.1   225.1   247.7   260.1   269.0   279.5   293.8   317.0   383.6   852.9  3554.2   6879.1     6927
read      257.3    99.6    74.4   129.1   143.5   247.2   297.4   322.2   340.7   362.2   388.1   424.4   497.3   621.6  1915.1  52884.8    52892
read      242.8   105.6    74.4   123.9   137.8   221.9   271.3   298.5   318.5   343.1   374.5   422.2   531.5   876.2  2214.6  99035.9    98921
read      253.2   100.6    74.4   126.4   140.4   238.7   292.3   318.6   338.2   360.8   388.0   426.1   503.4   648.4  2047.2  61105.3    61129
read      263.6    98.9    74.4   136.7   152.1   260.4   304.8   326.2   341.5   359.5   380.5   410.9   470.6   582.9  2041.1  40578.3    40613
read      259.2   101.7    74.4   130.4   145.2   248.8   300.4   325.7   343.5   364.6   389.4   424.3   495.4   619.9  2442.0  53213.0    53226
read      265.7    92.5    74.4   139.1   154.8   263.6   307.0   327.8   342.3   359.9   380.6   409.7   469.0   586.5  2074.6  38500.4    38560
read      244.3   103.7    74.4   125.4   139.4   224.5   272.6   299.5   319.0   343.4   374.7   423.3   532.8   850.0  1951.3 103663.9   103465
read      244.7   105.9    74.4   125.7   139.8   224.9   272.9   299.6   319.1   343.6   375.0   422.9   531.3   866.0  2055.1 104866.1   104758
read      243.3   103.1    74.4   123.5   137.4   222.6   273.0   300.6   320.3   344.9   377.0   424.1   526.9   793.2  2003.5  94708.7    94759
read      265.7    94.2    74.4   139.5   155.1   263.9   306.7   327.2   341.4   358.8   379.4   408.7   468.0   580.3  2026.5  37744.3    37799
read      236.4    71.4    93.8   157.0   170.4   231.6   255.3   268.3   276.8   288.3   301.7   324.4   387.7   647.5  2551.5   8301.3     8296
read      253.5   108.2    74.4   126.2   140.1   233.8   290.9   319.5   340.2   364.8   394.4   434.1   520.7   692.2  2124.1  69433.7    69443
read      254.7    77.5    93.8   163.5   179.4   253.5   278.2   291.2   300.1   311.7   325.0   346.7   404.1   572.0  3350.9  12523.7    12517
read      267.3    98.5    68.9   136.9   152.5   262.5   311.1   333.7   348.7   367.6   390.1   422.2   486.2   604.3  2467.5  43606.2    43591
read      271.9    83.1    80.4   163.1   180.9   274.0   302.4   316.6   327.1   339.4   355.7   381.9   435.0   547.2  2268.6  20406.1    20430
read      245.5   108.2    74.4   124.7   138.6   223.5   274.9   303.6   323.9   348.7   382.7   428.7   531.9   875.2  2073.0  93630.5    93758
read      245.1    96.1    80.4   161.1   175.1   240.6   265.5   277.8   287.3   296.8   312.3   335.4   396.8   916.2  4219.6  10485.8    10485
read      256.8    80.8    86.8   157.6   173.7   256.8   284.5   297.7   308.2   318.7   334.8   359.3   415.3   577.9  3267.0  16486.9    16518
read      248.2   111.0    74.4   124.6   138.6   226.2   280.3   309.5   330.2   354.9   387.3   432.6   535.6   825.8  2468.3  83234.8    83230

Total QPS = 52564.4 (15769331 / 300.0s)

Total connections = 64
Misses = 0 (0.0%)
Skipped TXs = 0 (0.0%)

RX 3895024757 bytes :   12.4 MB/s
TX          0 bytes :    0.0 MB/s
Warning! Detected max cpu usage > 95%
CPU Usage Stats (avg/min/max): 99.73%,50.00%,100.00%
