#type       avg     std     min      p5     p10     p50     p67     p75     p80     p85     p90     p95     p99    p999   p9999      QPS   target       ts_start         ts_end
read      207.1    98.7   101.3   144.6   154.4   196.7   217.5   230.6   240.2   251.9   267.4   291.5   350.2   628.4  6985.7   4931.5     5000  1778339688462  1778339690720
read      246.1    77.2    86.8   138.2   155.5   245.2   276.0   292.3   304.1   317.6   335.5   362.4   419.6   509.1  1443.7  14820.0    15000  1778339692225  1778339694470
read      273.2    94.2    86.8   134.2   149.5   275.8   317.3   337.9   352.3   369.6   391.6   424.0   496.0   637.1  1414.1  24967.0    25000  1778339695975  1778339698176
read      289.4   127.1    80.4   133.3   149.0   282.4   337.4   365.6   385.4   407.6   435.7   478.9   566.5  1018.7  2712.3  35011.8    35000  1778339699681  1778339701884
read      299.3   124.6    80.4   135.4   151.6   285.6   349.7   384.1   407.8   435.5   468.7   517.0   614.9   804.5  1744.9  45154.4    45000  1778339703388  1778339705589
read      316.8   134.0    80.4   138.5   156.8   302.1   367.1   403.8   431.4   462.6   500.0   551.7   654.9   793.3  1618.3  54887.5    55000  1778339707093  1778339709295
read      375.3   183.4    80.4   156.5   184.1   350.4   426.0   470.7   504.3   542.9   591.0   664.3   834.8  1092.9  4484.4  65097.5    65000  1778339710799  1778339712999
read      890.8   397.1   101.3   601.9   661.2   797.0   849.2   879.4   923.3  1148.0  1443.2  1573.5  1735.5  7134.6  8828.3  72300.0    75000  1778339714503  1778339716702
read      975.9   418.6   118.1   698.5   742.6   864.0   914.8   940.2   987.8  1286.4  1583.1  1708.2  1869.5  7211.6  8039.0  67433.4    85000  1778339718207  1778339720407
read      921.1   421.1   127.6   648.1   686.2   805.9   857.8   898.4   941.3  1338.5  1485.8  1597.1  1745.1  7285.3 10055.5  71703.5    95000  1778339721912  1778339724116
read      880.6   379.6   160.7   611.9   646.6   762.7   817.8   867.8   976.4  1315.8  1415.3  1512.6  1689.6  7131.4  7801.4  74817.0   105000  1778339725621  1778339727824
read      878.9   386.2   187.4   617.8   652.3   766.5   813.5   860.2   929.6  1306.0  1422.6  1517.8  1677.4  7053.7 10803.4  74934.0   115000  1778339729328  1778339731534
read      924.8   411.6   187.4   651.7   694.5   807.5   857.2   895.9   941.8  1351.6  1503.5  1602.5  1742.4  7219.3  9226.1  71405.2   125000  1778339733039  1778339735241
Warning! Detected max cpu usage > 95%
CPU Usage Stats (avg/min/max): 50.00%,0.00%,100.00%
