#type       avg     std     min      p5     p10     p50     p67     p75     p80     p85     p90     p95     p99    p999   p9999      QPS   target       ts_start         ts_end
read      204.0    60.5    93.8   143.8   153.4   194.8   215.4   228.1   236.6   249.9   265.8   290.1   346.7   431.2  2993.1   4992.0     5000  1778339738083  1778339740357
read      250.8    93.0    86.8   139.7   155.5   249.1   279.7   295.2   307.3   320.2   339.6   369.8   436.0  1351.2  2880.9  15046.0    15000  1778339741862  1778339744101
read      272.2    94.8    80.4   136.7   151.1   273.5   315.1   336.2   350.6   367.7   389.8   423.8   497.7   630.0  1284.1  24915.0    25000  1778339745606  1778339747812
read      282.9   109.3    80.4   133.0   148.1   278.2   332.3   359.8   378.4   399.8   426.7   466.4   546.8   652.6  1019.1  34990.0    35000  1778339749316  1778339751519
read      293.3   119.7    80.4   130.4   146.1   282.6   341.3   374.2   398.8   426.3   460.0   506.1   600.2   720.5   872.8  45243.0    45000  1778339753023  1778339755223
read      318.2   139.7    80.4   136.7   155.3   302.8   368.3   404.8   432.6   463.4   501.1   555.3   660.9   928.7  3037.9  54629.0    55000  1778339756728  1778339758926
read      361.4   161.4    80.4   152.4   177.2   340.2   413.0   456.1   486.8   522.5   566.9   632.4   782.9  1076.0  4139.1  64816.5    65000  1778339760431  1778339762632
read      840.7   394.3    86.8   344.5   509.0   783.1   833.9   862.4   895.3   991.0  1420.1  1562.0  1720.9  7000.8  7534.4  72228.0    75000  1778339764137  1778339766336
read      913.2   384.3   173.5   651.0   688.3   802.9   853.8   888.1   932.6  1324.6  1486.4  1591.9  1735.7  7115.2  7922.4  71960.5    85000  1778339767841  1778339770042
read      929.7   392.2   137.8   660.6   699.4   821.6   870.2   913.6   942.9  1320.1  1499.1  1615.7  1790.4  7175.6  9226.2  70909.0    95000  1778339771546  1778339773751
read      955.5   415.7   160.7   694.1   725.3   844.4   893.0   926.6   961.5  1289.2  1547.3  1672.3  1839.8  7245.1  9506.4  69153.5   105000  1778339775255  1778339777459
read      971.6   417.0   127.6   703.7   741.4   856.7   908.7   937.3   983.3  1326.1  1574.5  1695.4  1861.6  7285.2  8059.4  68069.0   115000  1778339778963  1778339781164
read      994.5   417.2   137.8   728.9   764.4   879.3   924.9   952.6   994.2  1300.7  1624.5  1730.4  1878.8  7273.8  8061.0  66575.6   125000  1778339782668  1778339784870
Warning! Detected max cpu usage > 95%
CPU Usage Stats (avg/min/max): 50.25%,0.50%,100.00%
