#type       avg     std     min      p5     p10     p50     p67     p75     p80     p85     p90     p95     p99    p999   p9999      QPS   target       ts_start         ts_end
read      206.4    80.1    93.8   145.9   155.3   196.1   216.6   229.2   237.9   250.1   265.8   290.1   363.6   961.6  3231.3   5018.5     5000  1778339787787  1778339790046
read      247.7    87.0    86.8   139.3   156.3   246.4   277.6   293.8   305.8   318.9   337.4   365.4   429.7   545.2  2199.0  15022.5    15000  1778339791549  1778339793800
read      271.0   110.0    80.4   134.9   150.0   272.5   313.2   333.8   347.5   365.7   387.7   420.3   488.4   629.2  3072.0  25035.0    25000  1778339795303  1778339797502
read      285.0   111.3    80.4   132.0   147.2   281.6   334.2   360.9   379.3   400.4   427.9   467.8   547.1   684.1  2033.9  35196.0    35000  1778339799007  1778339801207
read      295.6   138.6    80.4   130.8   146.8   284.6   344.8   377.0   399.7   426.2   458.8   506.9   604.2   774.9  4397.3  44999.5    45000  1778339802711  1778339804912
read      339.8   148.7    80.4   142.9   164.1   320.8   390.9   430.2   458.7   492.8   536.8   605.9   763.1  1012.6  1557.7  54821.3    55000  1778339806417  1778339808618
read      421.5   204.1    80.4   160.6   192.1   392.2   481.5   534.6   574.4   622.6   685.8   787.0   990.3  1262.8  4397.7  64968.3    65000  1778339810123  1778339812325
read      926.4   381.8   148.8   673.8   707.9   818.6   862.1   897.9   932.4  1287.0  1512.6  1608.4  1743.0  7164.2  7789.1  70644.9    75000  1778339813828  1778339816026
read      931.5   411.8   127.6   650.6   695.9   821.5   870.6   917.1   962.3  1318.8  1502.0  1615.0  1792.0  7238.3  8900.0  70637.0    85000  1778339817531  1778339819737
read      881.6   388.8   127.6   607.3   647.5   766.2   813.9   862.7   970.1  1318.7  1427.6  1523.4  1681.7  7116.3  8587.5  74671.5    95000  1778339821241  1778339823441
read      917.5   405.6   109.4   650.2   693.8   803.1   852.7   884.3   930.9  1323.1  1497.7  1594.9  1739.9  7160.8  7842.8  71872.0   105000  1778339824946  1778339827146
read      984.1   433.0   118.1   708.7   750.9   869.4   920.4   947.8   994.1  1276.5  1593.8  1712.4  1875.2  7309.4  9421.7  67149.1   115000  1778339828650  1778339830854
read      952.9   416.9   160.7   673.7   709.2   834.4   887.5   928.6   987.9  1389.5  1537.9  1651.6  1831.1  7272.6  8040.5  69368.8   125000  1778339832358  1778339834557
Warning! Detected max cpu usage > 95%
CPU Usage Stats (avg/min/max): 51.00%,2.00%,100.00%
