#type       avg     std     min      p5     p10     p50     p67     p75     p80     p85     p90     p95     p99    p999   p9999      QPS   target       ts_start         ts_end
read      200.8    54.6    93.8   141.9   151.8   192.2   211.6   223.5   232.0   243.6   259.5   284.9   354.2   471.7  1961.0   5024.5     5000  1778339630314  1778339632572
read      244.6    80.4    86.8   139.6   155.3   243.9   273.9   289.7   300.3   313.4   330.3   357.2   411.8   579.6  2881.4  15022.5    15000  1778339634075  1778339636316
read      269.0    93.8    86.8   134.3   149.0   269.9   311.1   332.4   346.9   364.6   386.1   418.9   487.7   624.7  1535.1  25245.5    25000  1778339637820  1778339640021
read      284.8   142.3    80.4   131.5   146.7   276.9   329.5   356.7   375.3   398.0   427.2   470.1   571.8  1188.4  3769.8  35004.0    35000  1778339641526  1778339643729
read      291.2   120.7    74.4   129.6   145.2   279.8   340.3   373.2   396.9   424.4   457.9   504.7   594.1   703.7  1746.6  44928.1    45000  1778339645233  1778339647437
read      313.6   149.7    74.4   136.0   153.9   295.6   361.6   398.9   427.5   459.4   497.9   552.3   660.8   935.4  3829.0  55109.1    55000  1778339648941  1778339651142
read      369.1   192.8    80.4   152.6   178.5   342.7   418.1   462.8   494.9   533.0   579.4   646.5   859.5  1493.4  6223.2  64882.0    65000  1778339652646  1778339654846
read      929.8   395.4   109.4   668.2   705.3   821.1   866.4   908.1   940.6  1293.6  1511.5  1615.9  1783.0  7221.4  8115.7  70636.5    75000  1778339656349  1778339658551
read      896.8   395.8   127.6   638.9   668.0   785.3   836.0   867.0   921.5  1308.6  1448.6  1561.2  1719.9  7196.4  9771.4  73532.5    85000  1778339660055  1778339662258
read      943.3   414.3   137.8   673.0   709.8   832.1   877.4   919.5   953.2  1313.4  1525.6  1642.6  1818.5  7210.8  8142.4  69975.0    95000  1778339663762  1778339665963
read      856.6   375.3   148.8   602.2   637.5   745.2   795.9   839.8   902.9  1281.5  1389.9  1479.6  1614.3  7120.0  7969.6  76873.9   105000  1778339667468  1778339669669
read      855.5   356.5   160.7   598.9   634.4   752.0   800.8   845.1   901.4  1238.9  1383.9  1487.0  1624.0  7036.9  7567.6  76879.0   115000  1778339671173  1778339673386
read      963.1   410.9   127.6   704.6   739.0   851.5   900.6   930.2   965.6  1179.5  1557.6  1681.4  1848.1  7259.0  9054.9  68711.7   125000  1778339674890  1778339677091
Warning! Detected max cpu usage > 95%
CPU Usage Stats (avg/min/max): 50.25%,0.50%,100.00%
