#type       avg     std     min      p5     p10     p50     p67     p75     p80     p85     p90     p95     p99    p999   p9999      QPS   target       ts_start         ts_end
read      204.7    84.4    93.8   143.7   152.9   194.7   215.6   228.4   237.2   249.9   265.7   290.4   359.2   509.4  3232.0   5003.5     5000  1778339580801  1778339583057
read      241.8    86.7    86.8   138.5   153.7   239.3   271.0   287.2   297.9   312.2   329.4   355.8   415.9   616.0  1959.9  15097.5    15000  1778339584562  1778339586802
read      267.3    99.0    86.8   133.7   148.8   265.9   307.9   329.4   343.9   361.7   383.5   418.7   493.2   752.2  2007.1  24918.0    25000  1778339588306  1778339590506
read      287.7   134.4    80.4   131.9   147.0   282.7   335.3   362.4   381.3   402.4   431.6   471.3   552.2   918.6  3436.1  35066.9    35000  1778339592010  1778339594210
read      307.0   134.1    74.4   135.7   153.0   293.9   353.6   387.4   411.8   440.9   476.3   531.1   659.4  1180.5  2203.8  44770.5    45000  1778339595716  1778339597919
read      309.4   145.3    74.4   135.4   152.9   290.0   354.8   393.1   421.5   454.0   493.3   548.1   663.6  1045.7  3494.2  54875.0    55000  1778339599425  1778339601625
read      362.8   159.3    80.4   156.8   181.9   341.6   414.4   456.5   487.1   522.8   566.6   631.8   778.7  1087.8  3216.2  65334.0    65000  1778339603129  1778339605330
read      972.0   414.3   109.4   704.5   742.9   858.9   910.5   937.7   983.5  1306.9  1569.6  1694.1  1859.3  7257.0  8981.5  67766.0    75000  1778339606836  1778339609035
read      931.4   401.6   127.6   692.0   718.9   826.9   865.8   900.4   929.7  1057.0  1518.9  1629.9  1784.0  7275.5  9051.4  70864.0    85000  1778339610539  1778339612741
read      931.6   398.0   160.7   673.6   706.6   815.9   861.0   897.9   935.5  1368.5  1521.9  1615.3  1757.4  7177.1  9456.6  70786.5    95000  1778339614245  1778339616447
read      937.6   400.9   118.1   642.4   696.7   829.1   877.2   925.2   991.5  1318.2  1514.0  1627.4  1802.8  7203.7  8081.3  70349.5   105000  1778339617952  1778339620149
read      880.0   396.9   109.4   617.6   653.3   769.3   815.5   857.3   912.8  1295.8  1425.1  1531.0  1689.7  7180.1  9492.9  75012.0   115000  1778339621653  1778339623858
read      842.6   377.1   160.7   569.5   608.3   728.2   784.8   840.3  1024.2  1259.7  1355.5  1450.6  1601.1  7067.8  9677.1  78081.0   125000  1778339625362  1778339627567
Warning! Detected max cpu usage > 95%
CPU Usage Stats (avg/min/max): 50.75%,1.50%,100.00%
