#type       avg     std     min      p5     p10     p50     p67     p75     p80     p85     p90     p95     p99    p999   p9999      QPS   target       ts_start         ts_end
read      217.4   126.2    93.8   146.2   156.8   205.9   229.6   243.0   252.8   266.0   282.5   311.4   389.7  1127.2  3767.5   5044.5     5000  1778340101659  1778340103915
read      256.2    79.7    80.4   142.2   158.7   254.4   286.9   304.1   316.0   330.8   348.5   380.0   461.9   680.7  1961.5  14993.5    15000  1778340105420  1778340107661
read      274.7   102.3    86.8   135.4   150.7   274.0   317.2   339.8   355.6   372.5   395.3   429.7   507.6   647.7  1793.6  24911.0    25000  1778340109165  1778340111367
read      296.6   127.2    80.4   134.4   150.2   289.5   345.8   375.5   396.0   419.7   449.1   494.1   595.6   874.3  1987.0  34954.4    35000  1778340112870  1778340115074
read      305.2   135.6    74.4   130.0   144.9   290.8   357.0   395.3   422.3   452.5   488.7   542.0   661.5   866.6  1497.3  44981.0    45000  1778340116578  1778340118778
read      329.7   163.2    80.4   134.9   150.7   299.9   380.6   429.6   465.2   506.0   554.4   628.8   790.3  1126.0  1839.0  55077.0    55000  1778340120281  1778340122482
read      376.5   245.7    80.4   142.4   160.1   308.5   411.6   488.8   541.1   597.8   671.5   798.0  1155.3  2205.5  4904.8  64753.0    65000  1778340123985  1778340126184
read      926.7  1183.2   101.3   253.5   283.8   443.4   600.7   677.1   743.3  2092.3  3337.4  3562.2  4083.0  8022.7  9749.3  71426.7    75000  1778340127687  1778340129890
read      942.1  1211.1    93.8   261.4   289.0   433.0   617.4   683.3   739.4  2434.2  3386.1  3603.4  4038.7  8033.6  9772.7  71107.0    85000  1778340131394  1778340133596
read      927.7  1214.4    86.8   253.4   280.0   440.8   598.4   663.2   721.3  1984.4  3374.5  3597.0  4192.2  8084.0 14398.8  72687.0    95000  1778340135100  1778340137303
read      967.8  1239.2    93.8   270.1   298.5   444.6   627.3   703.1   767.0  3007.5  3397.7  3624.3  4375.3  8087.9 12313.6  69795.0   105000  1778340138806  1778340141009
read      994.9  1257.4    86.8   272.0   302.0   461.6   651.3   728.4   802.5  2997.4  3402.3  3642.8  4454.0  8133.3 12839.4  67990.0   115000  1778340142511  1778340144713
read     1001.1  1275.0   109.4   281.8   308.6   454.8   649.5   726.3   797.0  3232.5  3415.6  3648.1  4525.0  8101.1 13159.1  67936.0   125000  1778340146218  1778340148418
Warning! Detected max cpu usage > 95%
CPU Usage Stats (avg/min/max): 51.25%,2.50%,100.00%
