#type       avg     std     min      p5     p10     p50     p67     p75     p80     p85     p90     p95     p99    p999   p9999      QPS   target       ts_start         ts_end
read      205.7    57.2    93.8   144.8   154.4   194.8   215.2   228.7   238.5   251.6   269.8   295.8   371.6   622.5  1888.6   4912.5     5000  1778340366411  1778340368674
read      235.3    73.1    86.8   141.5   157.1   232.1   260.1   274.2   285.1   296.4   313.2   338.4   396.7   592.4  2076.6  15120.0    15000  1778340370178  1778340372418
read      254.5    86.2    80.4   137.9   151.7   258.1   291.0   307.6   318.7   333.2   350.0   376.4   431.9   543.9  3225.5  25138.8    25000  1778340373923  1778340376124
read      262.7    95.3    80.4   133.6   147.5   266.5   307.0   326.0   339.2   354.5   372.7   402.4   469.2   591.6  2091.5  34968.0    35000  1778340377628  1778340379832
read      264.9   103.6    80.4   129.3   143.1   264.0   312.8   335.2   350.1   367.3   389.6   424.2   502.2   784.1  2440.3  44812.0    45000  1778340381336  1778340383538
read      275.2   138.3    80.4   130.4   144.8   263.8   322.7   349.6   368.1   389.4   416.1   459.9   576.1  1047.3  4150.4  55164.0    55000  1778340385043  1778340387243
read      273.4   131.0    80.4   129.0   143.4   257.3   319.8   349.5   369.4   392.3   420.9   464.5   576.0   882.1  3481.7  64914.0    65000  1778340388747  1778340390947
read      278.0   117.5    80.4   133.3   148.8   261.5   321.4   352.2   373.1   397.7   428.5   475.8   589.8   928.3  1585.8  75198.2    75000  1778340392451  1778340394655
read      278.7   116.3    80.4   134.1   149.9   260.9   321.1   352.4   373.9   398.5   429.9   479.0   597.3   911.9  1494.7  85106.9    85000  1778340396160  1778340398359
read      297.7   145.1    80.4   140.9   158.1   274.9   335.6   368.7   392.7   421.7   460.2   524.6   685.1  1075.9  4208.7  95020.4    95000  1778340399864  1778340402062
read      337.1   161.5    80.4   153.1   175.0   314.0   375.5   412.1   440.4   476.2   526.6   610.4   778.3  1086.7  3971.3 104990.9   105000  1778340403566  1778340405771
read      570.8   242.0    93.8   299.8   344.1   511.6   606.1   691.5   760.1   830.6   902.0   987.0  1121.9  1911.6  6349.6 109660.4   115000  1778340407276  1778340409477
read      575.4   247.3   101.3   327.1   361.4   502.0   613.3   726.6   787.1   842.6   900.7   974.9  1095.6  1433.5  7340.0 112179.3   125000  1778340410981  1778340413184
Warning! Detected max cpu usage > 95%
CPU Usage Stats (avg/min/max): 50.75%,1.49%,100.00%
