#type       avg     std     min      p5     p10     p50     p67     p75     p80     p85     p90     p95     p99    p999   p9999      QPS   target       ts_start         ts_end
read      220.9    84.5    86.8   149.2   158.7   206.1   232.2   247.4   258.4   273.0   292.5   327.6   436.3  1391.3  2567.7   4954.5     5000  1778340209134  1778340211390
read      242.8   100.9    86.8   143.6   159.2   239.9   266.2   279.8   290.5   303.3   319.6   350.2   431.7   948.8  3116.7  14822.5    15000  1778340212895  1778340215139
read      272.0   127.4    80.4   142.9   159.5   267.9   301.4   318.4   331.9   346.5   370.5   412.1   548.9  1457.7  4608.2  25032.3    25000  1778340216645  1778340218847
read      272.6   101.0    80.4   141.0   156.2   273.9   313.0   332.3   345.0   361.7   382.0   417.6   510.7   872.8  2034.3  35165.5    35000  1778340220353  1778340222554
read      270.1   107.4    80.4   133.0   148.5   270.5   315.9   337.5   352.4   369.4   391.8   426.5   509.2   723.9  3604.4  44829.5    45000  1778340224059  1778340226258
read      275.5   114.5    80.4   134.3   149.3   265.9   322.5   346.9   365.0   385.6   411.9   455.2   561.8   905.2  2719.9  54984.5    55000  1778340227763  1778340229964
read      269.0   116.5    80.4   132.8   147.2   253.8   313.5   341.8   361.1   382.4   408.3   450.8   543.0   807.9  3053.9  64788.0    65000  1778340231469  1778340233668
read      280.0   126.7    80.4   133.1   148.4   264.2   322.7   352.4   372.8   396.6   427.0   473.9   593.7  1315.2  2584.2  75071.5    75000  1778340235173  1778340237374
read      278.0   116.9    80.4   137.1   151.9   258.7   317.1   348.5   371.2   397.5   430.8   481.6   591.1   803.8  1480.1  84611.5    85000  1778340238879  1778340241081
read      311.2   142.6    80.4   144.3   163.3   289.5   348.6   382.2   406.1   436.8   479.2   549.9   748.3  1374.2  2466.7  94723.5    95000  1778340242586  1778340244790
read      326.3   168.7    86.8   153.2   174.3   303.3   361.3   395.1   420.8   452.7   496.5   573.3   764.7  1331.6  4657.8 105573.4   105000  1778340246294  1778340248494
read      502.9   269.5    86.8   193.5   232.7   455.0   552.4   611.4   662.0   739.7   866.1  1009.8  1237.5  2148.7  7156.5 107050.9   115000  1778340249999  1778340252200
read      621.3   258.8   101.3   352.9   392.4   544.4   650.4   765.5   840.5   906.1   973.0  1059.7  1228.8  1791.4  7418.2 104120.1   125000  1778340253704  1778340255906
Warning! Detected max cpu usage > 95%
CPU Usage Stats (avg/min/max): 50.25%,0.50%,100.00%
