#type       avg     std     min      p5     p10     p50     p67     p75     p80     p85     p90     p95     p99    p999   p9999      QPS   target       ts_start         ts_end
read      205.6    54.8   101.3   148.3   158.2   198.1   215.2   226.5   234.8   246.6   261.5   286.7   345.3   467.5  2995.1   4951.0     5000  1778340886680  1778340888942
read      236.1    72.6    86.8   146.3   162.0   230.0   257.9   271.6   282.3   294.8   313.1   342.6   413.1   694.9  2377.4  14868.5    15000  1778340890447  1778340892694
read      250.1    90.4    86.8   140.9   155.2   251.3   283.4   298.5   309.8   321.0   339.4   366.1   433.2   579.8  4071.0  25009.5    25000  1778340894199  1778340896401
read      261.4    88.5    80.4   136.0   150.6   264.3   303.7   321.0   334.3   348.0   368.4   398.4   469.9   657.0  1556.8  35015.5    35000  1778340897906  1778340900106
read      260.9    95.9    80.4   132.3   146.2   260.3   306.4   327.3   341.1   357.7   377.3   408.1   486.5   709.2  1746.2  45014.1    45000  1778340901611  1778340903813
read      278.1   224.1    80.4   132.1   146.8   260.0   316.4   341.1   358.3   377.2   402.1   445.4   623.4  2907.5  8573.0  55038.0    55000  1778340905317  1778340907517
read      257.7   100.5    80.4   130.5   143.9   244.0   303.3   329.7   346.5   365.7   389.0   424.0   500.0   638.6  1979.5  65186.3    65000  1778340909021  1778340911222
read      269.4   123.7    80.4   133.0   147.2   247.6   309.1   339.3   359.7   382.5   410.9   460.1   613.5   995.2  2631.3  75216.2    75000  1778340912726  1778340914927
read      255.9   104.2    80.4   128.4   141.7   236.2   296.9   326.5   345.9   368.0   394.5   432.6   521.1   735.1  1569.0  84996.2    85000  1778340916433  1778340918631
read      257.0   142.4    80.4   129.9   143.1   230.5   289.3   321.1   343.2   367.6   397.1   441.6   570.4  1192.6  5160.3  95437.2    95000  1778340920136  1778340922338
read      270.8   109.2    80.4   137.8   153.2   253.4   307.6   336.1   356.0   378.5   406.4   452.9   571.9  1004.5  2069.7 104951.4   105000  1778340923842  1778340926044
read      269.1   110.8    80.4   138.7   154.0   252.3   304.2   331.9   351.3   373.2   401.2   447.1   557.1   929.5  2836.8 114802.1   115000  1778340927547  1778340929756
read      290.1   138.3    80.4   140.3   156.6   258.9   316.7   351.6   378.3   411.8   460.9   548.3   752.0  1032.2  1720.6 124917.3   125000  1778340931262  1778340933469
Warning! Detected max cpu usage > 95%
CPU Usage Stats (avg/min/max): 50.25%,0.50%,100.00%
