#type       avg     std     min      p5     p10     p50     p67     p75     p80     p85     p90     p95     p99    p999   p9999      QPS   target       ts_start         ts_end
read      209.1    74.7    93.8   144.7   154.3   198.3   220.5   234.0   245.0   257.7   273.6   299.1   369.7   751.0  3492.7   4965.0     5000  1778340572281  1778340574535
read      244.2    79.2    86.8   138.4   153.8   241.7   276.0   293.3   305.5   318.6   337.8   366.1   422.9   504.8   981.0  15024.0    15000  1778340576040  1778340578285
read      275.5    99.3    80.4   134.5   150.4   275.5   320.4   343.5   359.6   376.6   399.2   431.9   503.3   627.5  1987.1  24942.5    25000  1778340579789  1778340581990
read      301.3   139.0    80.4   130.0   146.3   296.6   353.2   382.9   403.0   427.5   458.1   502.7   597.0   870.5  6041.8  35043.5    35000  1778340583495  1778340585698
read      312.5   135.2    80.4   131.4   147.9   300.9   369.4   403.9   429.6   459.2   495.1   544.8   639.4   801.3  1269.0  44923.0    45000  1778340587203  1778340589403
read      317.8   149.1    80.4   130.4   146.3   298.4   376.6   418.1   446.2   477.5   515.8   574.4   690.3   978.2  2117.0  55081.0    55000  1778340590908  1778340593109
read      389.0   251.9    80.4   137.4   155.8   322.3   445.7   511.6   558.3   615.3   692.3   832.7  1205.2  1775.6  6460.1  65044.0    65000  1778340594614  1778340596814
read      856.4  1505.3    86.8   162.1   184.6   298.3   360.6   420.1   530.8  1327.0  2664.5  4856.9  7174.9  9573.5 11248.8  73105.4    75000  1778340598318  1778340600519
read      960.0  1838.8    80.4   171.1   194.7   320.4   373.7   410.5   446.2   532.5  3337.9  6224.9  7701.1  9491.9 12624.9  70381.5    85000  1778340602024  1778340604224
read      916.3  1792.6    86.8   167.5   191.7   302.3   348.7   382.0   413.9   490.6  3166.1  6174.9  7614.8  9479.7 11796.1  73859.2    95000  1778340605728  1778340607932
read      970.2  1893.5    86.8   174.8   200.0   314.4   369.4   404.6   435.9   492.5  4182.7  6269.3  7605.0  9812.1 11880.6  70108.0   105000  1778340609437  1778340611640
read      957.4  1815.5    86.8   172.9   198.3   314.9   374.0   420.4   467.3   596.7  3316.7  6182.9  7868.3  9631.3 12782.9  70834.0   115000  1778340613144  1778340615345
read      975.0  1877.1    86.8   174.3   196.7   321.7   375.4   410.7   442.5   503.7  4115.1  6257.2  7635.1  9458.7 11842.4  69523.0   125000  1778340616851  1778340619049
Warning! Detected max cpu usage > 95%
CPU Usage Stats (avg/min/max): 50.50%,1.00%,100.00%
