#type       avg     std     min      p5     p10     p50     p67     p75     p80     p85     p90     p95     p99    p999   p9999      QPS   target       ts_start         ts_end
read      222.1   118.9    93.8   143.2   153.5   203.9   231.9   248.9   262.2   279.1   304.1   345.2   464.4  1387.6  8145.0   4955.0     5000  1778340522700  1778340524969
read      249.1    91.8    80.4   138.3   153.2   246.6   281.9   298.6   311.3   325.5   344.1   373.4   435.5   570.5  2882.0  14996.5    15000  1778340526475  1778340528714
read      278.6   108.2    80.4   135.7   151.1   278.2   323.6   346.4   362.8   380.6   402.0   436.2   508.3   676.2  3630.1  25020.0    25000  1778340530219  1778340532419
read      293.6   136.3    80.4   131.5   147.0   286.8   344.3   374.1   394.7   417.9   446.3   490.4   581.3   833.7  4395.6  35080.0    35000  1778340533924  1778340536126
read      305.0   158.6    80.4   131.2   146.8   287.1   356.8   392.7   417.4   445.8   481.4   535.1   663.9  1722.0  3852.4  44968.5    45000  1778340537630  1778340539831
read      349.1   193.8    80.4   133.7   152.6   320.5   401.6   449.1   483.5   521.9   570.4   646.9   875.6  1690.7  4535.7  55169.5    55000  1778340541337  1778340543536
read      418.5   336.2    80.4   140.4   160.2   337.7   458.7   530.4   581.7   643.0   731.6   901.9  1501.4  3757.0  7889.1  64768.0    65000  1778340545041  1778340547243
read      900.7  1595.3    80.4   165.8   188.9   303.2   378.7   435.9   501.6  1333.8  2901.1  5377.8  7177.0  8975.3 10204.2  70030.5    75000  1778340548746  1778340550945
read      992.4  1907.8    86.8   176.5   198.3   330.1   388.4   424.1   455.7   509.8  4331.0  6287.5  7740.5  9577.4 12453.2  68189.4    85000  1778340552449  1778340554650
read      973.9  1902.3    86.8   173.3   199.6   310.0   362.3   404.2   452.3   533.7  3672.0  6266.9  7749.4 10692.0 14796.9  69647.5    95000  1778340556155  1778340558355
read      935.1  1851.0    86.8   165.9   188.7   308.4   351.4   379.3   403.8   450.5  3962.1  6235.4  7327.1  9392.9 10873.5  72740.0   105000  1778340559859  1778340562060
read      949.9  1862.2    86.8   169.3   191.5   314.1   363.5   395.9   425.7   477.8  3907.4  6253.1  7476.1  9454.4 11449.2  71510.6   115000  1778340563564  1778340565774
read      956.0  1848.2    86.8   174.8   200.6   311.9   363.5   401.1   436.6   505.7  3482.4  6235.4  7589.6  9328.9 10978.0  70805.0   125000  1778340567278  1778340569481
Warning! Detected max cpu usage > 95%
CPU Usage Stats (avg/min/max): 50.25%,0.50%,100.00%
