Random waveform, supplied seed
Total number of intervals = 20 (6927, 52892, 98921, 61129, 40613, 53226, 38560, 103465, 104758, 94759, 37799, 8296, 69443, 12517, 43591, 20430, 93758, 10485, 16518, 83230)
Average QPS expected = 52565
Timestamp start: 1778677692976
Timestamp end: 1778677993257

#type       avg     std     min      p5     p10     p50     p67     p75     p80     p85     p90     p95     p99    p999   p9999      QPS   target
read      270.8   149.6   109.4   178.2   195.3   262.1   284.7   296.3   306.2   316.6   331.8   356.6   470.8  2010.5  7581.9   6878.9     6927
read      293.5   115.5    93.8   159.5   175.0   283.2   340.4   364.7   380.4   397.6   420.2   454.8   537.9   807.2  3172.5  52814.1    52892
read      302.6   137.8    86.8   162.3   178.7   279.1   334.9   365.9   387.4   411.5   442.5   495.8   697.1  1365.7  3216.5  98827.4    98921
read      293.8   118.9    86.8   159.0   174.6   278.1   339.2   366.1   383.3   401.2   425.4   461.9   560.1   926.5  3313.9  61152.9    61129
read      296.5   105.2    93.8   164.7   180.7   295.7   342.7   363.2   376.4   392.2   410.5   437.8   505.2   702.8  3155.9  40549.8    40613
read      291.9   106.2    86.8   159.3   174.8   281.7   338.8   363.3   378.9   396.2   418.1   451.0   533.0   775.8  2419.9  53226.3    53226
read      297.9   111.8    93.8   165.7   182.0   297.9   343.6   363.7   376.6   392.2   410.0   436.9   504.0   699.3  4101.7  38595.3    38560
read      316.4   165.2    93.8   166.9   184.8   290.4   345.5   376.9   399.2   426.0   460.7   521.9   789.5  1758.5  4062.9 103400.3   103465
read      322.3   168.2    86.8   170.3   188.6   295.6   351.2   382.9   405.0   432.3   467.9   531.7   783.9  1931.3  4337.8 104794.9   104758
read      300.0   146.2    86.8   160.7   176.6   275.7   332.4   363.5   384.6   407.7   436.9   489.4   687.5  1533.4  4182.7  94541.5    94759
read      294.9   106.5    93.8   162.8   178.7   296.3   340.5   360.4   373.0   388.9   405.9   435.3   503.7   676.6  3085.6  37865.5    37799
read      273.9   102.3   109.4   180.7   198.2   268.3   292.0   305.1   314.3   325.0   340.4   366.1   457.9  1293.4  3079.7   8304.3     8296
read      291.4   125.0    93.8   157.5   173.1   272.3   333.7   362.7   381.1   400.6   426.0   463.8   570.1   960.9  3510.5  69386.9    69443
read      283.4   110.9   101.3   180.3   198.7   280.2   306.7   319.6   330.2   341.5   357.4   381.6   457.3  1331.6  3993.6  12539.6    12517
read      297.6   115.8    86.8   163.5   179.6   293.7   344.5   366.4   380.9   396.8   417.3   447.6   515.6   776.4  3432.9  43490.3    43591
read      298.6   105.1   101.3   175.7   193.4   298.1   330.7   346.5   359.3   372.2   391.7   421.4   505.2  1205.0  3108.6  20492.8    20430
read      303.3   148.0    80.4   162.7   179.0   279.1   335.5   366.4   387.8   411.8   442.2   494.3   695.0  1500.9  4239.4  93575.9    93758
read      278.8   102.4   109.4   180.9   199.1   274.4   299.5   312.9   321.4   334.1   346.9   372.8   457.0  1201.2  3403.0  10452.4    10485
read      297.1   148.3    93.8   178.3   196.6   291.7   321.3   337.5   348.0   362.7   379.7   408.5   530.2  1812.6  7451.1  16508.7    16518
read      295.4   136.1    86.8   159.1   174.8   273.1   332.3   363.3   383.5   404.8   432.7   475.5   624.9  1246.9  3879.2  83242.4    83230

Total QPS = 52532.0 (15759604 / 300.0s)

Total connections = 64
Misses = 0 (0.0%)
Skipped TXs = 0 (0.0%)

RX 3892622188 bytes :   12.4 MB/s
TX          0 bytes :    0.0 MB/s
Warning! Detected max cpu usage > 95%
CPU Usage Stats (avg/min/max): 99.72%,50.25%,100.00%
