Random waveform, supplied seed
Total number of intervals = 20 (6927, 52892, 98921, 61129, 40613, 53226, 38560, 103465, 104758, 94759, 37799, 8296, 69443, 12517, 43591, 20430, 93758, 10485, 16518, 83230)
Average QPS expected = 52565
Timestamp start: 1778893837949
Timestamp end: 1778894138217

#type       avg     std     min      p5     p10     p50     p67     p75     p80     p85     p90     p95     p99    p999   p9999      QPS   target
read      227.9    92.8    86.8   152.4   164.5   221.4   243.9   256.0   265.6   275.1   290.9   315.1   374.9  1147.0  3551.5   6897.9     6927
read      263.5   116.0    74.4   125.7   139.5   246.0   302.2   332.8   356.2   381.9   413.5   462.8   559.7   761.3  2181.3  52906.3    52892
read      300.0   221.7    74.4   127.0   141.0   233.8   293.0   334.8   374.2   441.9   547.7   721.8  1157.6  1958.0  3791.0  99071.4    98921
read      264.4   122.7    74.4   124.3   138.2   241.7   300.1   333.8   360.0   389.5   426.4   483.5   587.7   807.2  2032.1  61292.5    61129
read      264.6   108.4    74.4   131.2   146.1   254.4   303.8   329.9   349.4   370.8   396.7   434.2   520.9   731.2  2794.5  40627.7    40613
read      262.8   118.6    74.4   125.2   139.0   244.9   300.7   331.4   354.8   380.8   412.7   462.5   560.1   830.0  2795.8  53248.1    53226
read      265.4   103.5    74.4   132.4   147.7   256.4   305.6   331.5   350.6   370.9   395.7   431.5   508.2   679.2  2037.2  38654.8    38560
read      310.7   263.0    74.4   128.4   142.7   236.3   295.6   337.6   376.6   441.9   550.3   759.2  1368.8  2551.6  6529.1 103474.0   103465
read      320.5   291.8    74.4   129.3   144.0   238.9   297.7   339.9   379.4   446.3   565.8   816.6  1571.0  2838.3  7358.9 104755.3   104758
read      286.6   187.9    68.9   126.4   140.0   231.4   292.8   334.6   371.8   427.1   510.5   639.3   958.7  1607.1  3472.2  94721.1    94759
read      272.3   126.8    80.4   136.1   151.1   260.4   310.9   338.0   357.1   377.1   401.4   437.5   535.9  1312.2  3060.6  37843.1    37799
read      230.4   149.3    93.8   149.5   161.2   218.9   241.7   254.2   264.7   275.4   291.7   317.2   400.6  2269.4  7035.2   8324.9     8296
read      271.4   185.6    74.4   121.5   134.6   234.4   297.3   335.3   364.6   398.0   441.1   507.2   701.2  2529.5  5009.9  69433.8    69443
read      240.5    98.3    86.8   150.7   163.9   234.5   261.9   275.9   286.8   297.9   314.6   341.6   402.4  1180.7  3051.0  12522.2    12517
read      270.6   157.2    80.4   129.9   144.3   252.0   306.4   336.3   357.7   380.6   406.6   449.1   549.6  2231.1  4325.9  43655.6    43591
read      259.0    96.0    80.4   148.7   163.5   253.6   288.3   305.9   317.6   333.7   353.9   382.9   453.2  1215.0  2704.1  20393.1    20430
read      320.1   341.5    74.4   128.3   142.2   239.1   304.1   351.7   395.9   461.8   550.0   701.9  1516.2  4314.4  7992.7  93668.6    93758
read      240.7   122.9    86.8   152.9   166.4   233.2   259.1   272.9   283.5   295.0   311.8   339.0   401.6  1514.8  5370.5  10548.9    10485
read      252.0    92.8    86.8   150.7   165.1   246.7   277.6   293.8   305.5   318.2   337.8   366.5   429.3  1099.3  2922.8  16523.5    16518
read      288.4   236.7    74.4   123.8   137.3   233.8   299.6   343.0   378.5   424.3   486.8   581.8   997.4  3181.1  7035.0  83141.3    83230

Total QPS = 52585.2 (15775559 / 300.0s)

Total connections = 64
Misses = 0 (0.0%)
Skipped TXs = 0 (0.0%)

RX 3896563073 bytes :   12.4 MB/s
TX          0 bytes :    0.0 MB/s
Warning! Detected max cpu usage > 95%
CPU Usage Stats (avg/min/max): 99.72%,50.00%,100.00%
