Random waveform, supplied seed
Total number of intervals = 60 (6927, 52892, 98921, 61129, 40613, 53226, 38560, 103465, 104758, 94759, 37799, 8296, 69443, 12517, 43591, 20430, 93758, 10485, 16518, 83230, 5484, 55611, 20774, 96726, 32442, 73039, 74055, 51197, 59442, 35654, 78747, 42212, 52488, 36950, 16762, 79473, 61431, 87172, 108181, 80515, 37149, 13444, 72057, 70041, 90162, 52082, 24258, 72013, 58012, 45398, 50177, 34504, 66010, 73937, 55020, 53235, 97743, 5419, 14764, 7451)
Average QPS expected = 53209
Timestamp start: 1778672305367
Timestamp end: 1778672605650

#type       avg     std     min      p5     p10     p50     p67     p75     p80     p85     p90     p95     p99    p999   p9999      QPS   target
read      294.8   287.1   101.3   182.8   201.1   268.1   290.8   303.6   313.4   324.9   342.6   377.9  1020.6  4672.6  8987.5   6878.4     6927
read      324.6   218.1    86.8   158.6   174.5   293.1   355.8   387.4   410.1   437.9   475.0   542.0   956.8  3105.8  6440.4  52692.0    52892
read      587.5   906.1    93.8   181.1   204.7   330.5   394.3   440.7   486.9   573.0  1094.6  2710.4  4013.2  8130.4 17668.3  99119.0    98921
read      329.6   247.6    93.8   157.7   173.8   287.7   351.8   386.5   412.1   444.4   488.5   570.9  1168.8  3205.7  7544.0  61254.4    61129
read      311.5   147.4   101.3   161.9   177.7   297.8   351.9   377.6   395.6   417.2   445.6   494.6   674.6  1877.9  3762.9  40509.2    40613
read      313.7   182.3    86.8   156.3   172.0   287.7   349.9   381.1   402.6   429.5   464.5   523.3   775.7  2352.1  5611.2  53351.4    53226
read      315.1   188.9    93.8   162.0   177.9   299.1   351.4   376.0   393.9   414.8   441.9   490.9   744.6  2612.4  7165.0  38621.0    38560
read      588.8   881.8    93.8   181.7   205.7   332.8   395.0   436.9   475.1   540.0   824.3  3153.3  3886.1  7821.7  9799.2 103356.2   103465
read      602.3   935.4    93.8   190.9   216.8   339.5   400.1   442.7   481.0   541.1   727.7  3212.3  4478.1  7924.6 10494.8 104775.6   104758
read      547.1   778.3    93.8   182.8   206.2   334.6   404.1   457.6   508.3   606.0   905.3  1769.1  3675.5  7861.0 11180.8  94716.4    94759
read      315.2   171.4    93.8   163.0   179.0   301.0   353.0   378.1   396.0   417.7   445.9   494.3   704.1  2124.3  6189.9  37666.2    37799
read      275.1   149.4   109.4   180.5   197.4   264.3   287.7   299.8   309.5   319.2   335.5   362.1   605.5  2134.5  6602.2   8362.2     8296
read      348.3   312.4    93.8   157.3   173.3   286.9   353.7   392.0   421.6   459.4   513.5   638.8  1673.9  3819.0  7879.3  69105.4    69443
read      288.8   142.0   101.3   181.3   200.0   280.7   307.8   321.6   333.2   344.8   363.0   392.2   583.7  1833.0  4358.1  12482.2    12517
read      310.9   156.3    93.8   159.3   175.1   294.8   350.5   378.1   397.5   421.2   451.7   501.1   670.6  2163.4  3443.4  43720.4    43591
read      305.8   177.8   101.3   175.6   193.2   295.5   328.5   345.4   358.6   372.1   392.4   426.1   759.6  2372.6  7582.6  20463.6    20430
read      570.9   862.7    93.8   179.9   202.7   325.1   388.6   433.8   479.3   574.1  1102.2  2280.6  4382.3  7853.7 10175.0  93391.8    93758
read      284.9   148.2   109.4   181.2   199.5   274.6   300.3   314.1   323.5   336.8   353.0   383.4   629.6  1939.5  7753.1  10561.4    10485
read      301.4   145.1   109.4   179.2   198.0   292.5   323.7   340.2   351.9   366.3   385.1   416.8   690.1  1953.6  3749.3  16593.2    16518
read      605.6  1113.0    93.8   178.6   200.7   319.5   378.6   420.7   460.4   530.6   738.9  2709.3  6347.1  9061.1 19013.3  83012.4    83230
read      262.9    79.3   101.3   179.0   195.7   256.9   279.0   290.9   298.7   310.2   322.3   346.1   444.8  1109.9  2396.4   5564.4     5484
read      313.6   177.5    93.8   156.7   172.4   287.8   351.1   383.3   404.8   432.4   467.4   526.7   758.9  2121.5  5058.6  55482.8    55611
read      300.2   120.8   101.3   174.6   192.4   296.2   329.9   346.4   359.1   372.0   391.9   424.1   584.9  1416.9  3370.5  20648.8    20774
read      576.3   840.5    93.8   184.8   208.7   335.3   400.5   446.9   489.3   559.3   830.2  2804.5  3763.8  7815.3  9959.0  96575.0    96726
read      304.3   117.0    93.8   164.7   181.0   299.5   345.6   367.5   382.7   399.5   423.1   459.5   580.1  1338.7  2505.8  32418.0    32442
read      357.1   364.7    86.8   161.3   177.5   293.3   360.6   399.4   430.0   468.0   523.3   630.2  1690.7  5461.1  8522.8  73001.6    73039
read      340.5   314.9    93.8   159.4   175.6   288.6   355.0   392.8   421.6   457.4   505.3   593.3  1233.4  5210.1  8008.6  74118.6    74055
read      311.7   172.9    93.8   157.2   172.8   289.1   350.7   381.4   402.1   427.9   460.6   511.5   715.8  2153.3  7113.7  51251.6    51197
read      312.8   164.4    86.8   156.1   171.6   285.6   350.7   383.9   407.0   435.3   471.7   533.5   738.6  2112.3  3617.9  59432.4    59442
read      308.9   158.0    93.8   163.6   179.7   299.0   349.0   372.4   389.3   407.4   432.7   470.3   620.5  1902.3  6991.6  35707.6    35654
read      353.4   356.4    86.8   160.6   176.9   289.6   355.6   395.4   426.9   466.1   522.8   637.5  1601.6  5315.2  9332.4  78996.8    78747
read      308.4   139.1    93.8   161.5   177.2   296.2   351.5   377.6   395.6   416.6   442.7   486.7   628.7  1475.6  3134.6  42151.4    42212
read      315.5   193.6    93.8   157.5   173.3   288.5   349.7   380.7   401.9   428.0   461.8   519.1   835.8  2538.3  6151.6  52347.0    52488
read      310.2   142.4   101.3   164.3   180.8   301.0   350.9   374.4   391.4   410.2   434.7   475.3   634.7  1671.8  4695.4  36915.4    36950
read      294.8    96.4   101.3   180.2   199.3   292.6   322.2   337.7   347.6   361.9   377.4   404.6   508.6  1157.7  2235.5  16782.6    16762
read      352.3   303.7    93.8   161.9   178.5   293.5   360.0   399.7   431.6   471.4   532.5   656.9  1475.9  4101.7  8105.6  79460.0    79473
read      312.5   179.4    93.8   155.8   171.1   282.9   347.6   381.3   404.3   433.4   470.4   536.7   770.0  2225.0  5179.0  61565.4    61431
read      384.7   384.3    86.8   164.2   181.9   298.5   366.8   412.5   452.5   506.1   592.3   806.2  2107.2  4747.2  7980.0  87286.8    87172
read      581.1   872.1    86.8   191.1   217.0   337.4   394.4   433.3   468.5   526.7   709.1  3072.4  3824.0  7843.7 12499.9 108347.8   108181
read      406.2   457.0    86.8   168.0   186.6   304.3   370.1   413.6   450.9   502.7   589.9   845.2  2934.4  4489.8  8069.5  80561.2    80515
read      311.0   139.4   101.3   164.3   180.4   302.0   352.8   376.6   393.7   413.5   438.5   481.8   631.8  1572.9  3354.5  37161.6    37149
read      289.4   147.2   101.3   181.5   200.2   284.5   311.2   324.9   335.5   346.0   363.2   388.6   479.1  1752.5  6486.9  13501.4    13444
read      327.3   254.1    93.8   156.7   172.7   284.2   350.0   386.5   413.9   448.7   495.6   577.0  1042.3  3584.7  7464.1  71944.8    72057
read      354.9   378.6    93.8   160.7   176.8   294.6   361.7   399.8   430.2   467.7   522.4   631.0  1444.7  5736.4 10756.0  70108.8    70041
read      595.6   942.7    93.8   180.0   203.4   331.4   398.1   447.3   496.1   589.7  1066.4  2451.2  6000.7  8105.2 11418.9  90049.6    90162
read      313.2   190.8    86.8   157.2   172.9   287.1   349.6   380.1   401.2   427.8   461.9   517.3   739.5  2534.2  7362.4  52228.0    52082
read      299.7    98.7   101.3   171.9   189.5   299.0   336.9   355.9   368.4   383.6   401.6   432.4   509.0   967.2  1697.8  24243.2    24258
read      333.5   247.0    93.8   158.4   174.7   288.0   354.6   391.8   420.3   455.6   503.7   593.2  1157.1  3235.1  7178.8  71931.2    72013
read      315.4   170.0    93.8   158.9   174.3   287.3   350.6   383.6   406.2   435.0   472.2   539.2   780.6  2157.0  3726.5  58104.4    58012
read      315.5   180.6    93.8   161.9   177.4   297.4   355.8   384.6   404.0   429.7   462.7   515.1   679.3  1798.5  7570.3  45436.0    45398
read      314.7   167.5    93.8   159.0   174.5   292.4   353.4   384.2   405.0   432.0   466.3   524.2   723.0  2201.6  3979.9  49905.4    50177
read      305.3   130.5   101.3   164.1   180.2   299.1   346.2   368.7   384.6   401.9   426.5   464.3   590.5  1379.5  2892.0  34364.4    34504
read      319.6   203.2    93.8   156.6   172.2   284.0   349.0   385.3   411.8   444.5   488.6   562.9   853.7  2558.4  6974.2  66117.2    66010
read      331.6   243.4    86.8   158.1   174.2   285.7   351.8   390.0   419.3   456.7   507.6   600.3  1098.0  3343.7  7419.7  73844.8    73937
read      310.2   173.5    93.8   156.3   171.6   285.4   347.5   378.8   400.5   428.3   464.0   523.4   709.7  2294.7  5507.6  54929.2    55020
read      315.8   170.1    93.8   157.9   173.6   291.2   353.9   386.0   408.8   436.4   471.5   534.4   737.9  2121.4  4052.3  53277.0    53235
read      597.1   901.7    93.8   180.5   203.8   334.8   401.8   447.2   485.6   543.7   720.5  3315.5  3744.3  7858.5  9974.1  97500.8    97743
read      264.0   200.1   109.4   176.0   191.9   252.5   273.2   285.2   293.2   303.7   317.3   342.4   459.8  2559.1  7957.6   5421.0     5419
read      283.0    77.4   101.3   178.6   197.1   283.4   310.5   323.9   334.6   345.2   361.6   384.2   436.9   904.5  2019.3  14696.6    14764
read      269.2   118.5   109.4   180.1   197.7   264.2   286.4   297.5   307.3   317.1   331.8   354.3   428.7  1137.0  3997.8   7468.0     7451

Total QPS = 53191.3 (15957405 / 300.0s)

Total connections = 64
Misses = 0 (0.0%)
Skipped TXs = 0 (0.0%)

RX 3941479035 bytes :   12.5 MB/s
TX          0 bytes :    0.0 MB/s
Warning! Detected max cpu usage > 95%
CPU Usage Stats (avg/min/max): 99.72%,50.75%,100.00%
