Random waveform, supplied seed
Total number of intervals = 60 (6927, 52892, 98921, 61129, 40613, 53226, 38560, 103465, 104758, 94759, 37799, 8296, 69443, 12517, 43591, 20430, 93758, 10485, 16518, 83230, 5484, 55611, 20774, 96726, 32442, 73039, 74055, 51197, 59442, 35654, 78747, 42212, 52488, 36950, 16762, 79473, 61431, 87172, 108181, 80515, 37149, 13444, 72057, 70041, 90162, 52082, 24258, 72013, 58012, 45398, 50177, 34504, 66010, 73937, 55020, 53235, 97743, 5419, 14764, 7451)
Average QPS expected = 53209
Timestamp start: 1778667173164
Timestamp end: 1778667473460

#type       avg     std     min      p5     p10     p50     p67     p75     p80     p85     p90     p95     p99    p999   p9999      QPS   target
read      268.6   132.1   109.4   173.9   190.8   258.3   282.3   295.1   306.0   318.1   338.0   371.5   539.9  1457.4  4968.5   6845.0     6927
read      322.3   217.3    86.8   150.1   167.1   292.8   352.7   385.5   408.9   437.5   478.7   550.2   920.0  2758.6  6935.0  52665.2    52892
read      609.4   748.4    86.8   187.7   216.8   377.5   473.8   551.0   629.3   777.2  1284.7  2079.1  3665.7  7662.2  9604.6  98595.0    98921
read      327.8   215.0    86.8   149.8   167.3   292.8   356.0   393.0   421.6   457.7   507.6   593.6   925.9  2650.0  7340.2  60916.2    61129
read      308.2   150.6    93.8   152.6   170.3   294.4   345.9   373.0   393.0   416.5   448.0   501.0   664.3  1877.3  3313.7  40847.2    40613
read      312.3   194.1    86.8   146.7   163.2   287.9   345.8   377.6   401.0   430.4   469.7   539.0   775.6  2388.8  7054.8  53249.6    53226
read      296.3   125.7    86.8   148.9   165.1   287.3   336.8   362.5   380.4   400.5   428.6   471.9   606.3  1347.6  3013.9  38583.4    38560
read      605.3   753.3    86.8   183.6   212.4   365.8   460.0   538.0   621.7   834.9  1439.1  1861.3  3650.4  7906.0 10595.0 103461.8   103465
read      603.4   737.6    86.8   184.8   212.6   362.5   453.4   525.9   600.8   787.3  1493.9  1937.4  3664.1  7580.9  9511.5 104910.0   104758
read      514.9   612.0    86.8   168.0   191.3   327.2   411.4   479.2   550.5   701.3  1084.9  1628.3  3214.0  7219.7  9284.8  94905.8    94759
read      299.6   174.9    86.8   149.3   165.9   283.9   332.8   358.5   376.3   398.3   427.2   473.5   665.9  2448.1  5994.3  37753.8    37799
read      272.3   129.1   101.3   174.9   191.6   262.1   286.9   300.6   311.8   324.2   343.6   378.5   532.8  1507.2  4340.4   8349.6     8296
read      335.1   250.0    86.8   148.8   166.2   292.0   357.6   396.9   428.0   467.0   522.5   619.8  1046.8  3336.9  7587.5  69578.4    69443
read      279.8   114.8    93.8   169.6   188.7   270.3   298.8   314.8   326.5   341.2   363.0   400.4   583.0  1368.9  3880.1  12540.2    12517
read      314.0   170.3    93.8   151.9   169.0   294.2   349.3   379.0   400.2   426.6   462.0   524.0   747.1  2156.6  4298.4  43467.2    43591
read      282.5   103.1    93.8   162.2   180.4   278.0   310.4   327.3   339.6   354.6   373.5   406.3   509.7  1305.3  3214.5  20442.6    20430
read      472.0   544.8    86.8   158.2   179.2   310.7   389.2   452.1   516.5   635.7   925.0  1499.5  2853.6  6157.0  8913.7  93818.4    93758
read      264.7    97.0   109.4   173.3   190.4   259.1   282.7   295.2   305.4   316.5   333.1   360.9   442.5  1152.9  3212.8  10485.4    10485
read      275.1   109.7   101.3   167.5   186.1   271.4   299.4   314.8   325.8   339.2   356.7   385.3   462.5   937.6  3749.6  16438.4    16518
read      340.2   290.8    86.8   145.9   162.8   279.8   346.8   390.5   426.3   473.2   543.2   678.2  1355.4  3621.9  7517.7  83127.6    83230
read      258.8   119.2   109.4   172.8   188.8   250.3   272.0   284.8   293.4   305.0   319.2   345.6   466.7  1148.4  6597.3   5473.0     5484
read      306.7   156.5    80.4   146.4   162.6   284.0   343.2   375.3   399.2   428.4   467.4   535.8   736.2  1662.9  3522.1  55550.4    55611
read      281.3    92.6    93.8   161.9   180.3   279.1   311.5   328.6   340.7   355.5   373.3   402.6   483.7   935.7  2427.4  20912.4    20774
read      496.6   593.9    86.8   166.0   188.8   325.7   406.9   471.2   538.1   656.4   943.4  1540.7  3159.4  7211.7  9184.4  96307.0    96726
read      291.0   108.6    93.8   153.2   170.6   285.7   328.2   349.7   365.5   383.9   406.7   446.8   561.1  1159.3  2228.5  32368.6    32442
read      314.5   215.0    86.8   143.3   159.9   277.1   340.3   377.5   406.1   443.5   494.2   580.4   877.6  2766.6  7335.6  73031.2    73039
read      354.9   300.3    86.8   151.1   168.9   296.2   365.5   408.9   445.6   495.0   567.2   701.3  1303.6  4020.5  7884.7  73897.4    74055
read      303.1   148.3    86.8   146.8   163.1   284.3   340.6   371.2   393.8   420.7   456.2   514.6   699.3  1594.5  3219.5  51272.8    51197
read      314.8   203.9    86.8   147.0   163.6   284.9   346.0   381.4   407.0   439.0   482.8   554.4   815.0  2693.5  5211.1  59198.8    59442
read      311.2   667.7    86.8   155.8   172.4   293.8   340.1   363.6   380.0   399.2   425.1   466.8   627.4  3188.1  8001.5  35653.0    35654
read      371.2   294.1    93.8   162.6   180.3   304.6   376.6   426.0   468.1   527.6   608.6   750.4  1423.4  3343.8  7882.4  78371.6    78747
read      324.3   266.5    93.8   160.2   176.3   299.1   354.9   383.0   402.1   425.9   457.0   509.0   844.1  4255.2  8351.7  42167.2    42212
read      341.2   270.8    93.8   158.4   174.7   298.2   362.3   397.2   423.0   455.1   501.5   602.9  1247.9  3248.8  8376.9  52539.6    52488
read      314.6   135.0   101.3   166.3   183.4   305.7   356.1   381.1   398.3   419.1   444.8   487.4   604.9  1482.2  3959.9  36889.8    36950
read      288.6    91.4   109.4   178.5   197.5   287.2   316.1   331.8   342.3   355.9   371.8   398.2   462.2   911.1  2354.0  16740.8    16762
read      365.7   326.0    86.8   159.2   176.4   296.2   364.8   408.5   446.8   498.5   583.5   743.3  1577.3  4025.7  8024.8  79343.8    79473
read      314.2   186.2    93.8   153.7   169.0   282.9   344.8   379.3   403.9   435.1   482.5   564.2   790.7  2380.6  4738.8  61344.0    61431
read      373.4   318.2    86.8   161.6   178.6   296.0   369.0   422.8   472.1   541.9   634.2   793.7  1450.7  4083.5  8148.4  87349.0    87172
read      571.6   758.3    86.8   192.8   219.9   347.0   415.1   463.0   506.8   588.6  1278.7  2009.0  3616.0  7660.3  9307.0 107985.4   108181
read      368.9   371.7    86.8   157.9   174.8   297.2   370.6   415.9   452.3   499.8   566.8   687.7  1773.3  4815.8  9258.9  80682.0    80515
read      310.3   132.0    93.8   159.4   175.2   303.8   356.7   381.9   399.0   419.1   442.5   480.0   606.6  1596.4  3089.7  37141.4    37149
read      283.2   109.9    93.8   177.4   195.5   280.3   306.8   319.9   330.8   342.2   358.6   382.7   454.1  1305.0  4341.1  13381.8    13444
read      317.3   190.7    86.8   154.9   170.6   281.7   346.3   384.0   411.7   445.3   489.6   564.7   840.6  2299.5  4614.5  71952.4    72057
read      310.4   180.9    86.8   152.6   167.9   277.8   342.9   379.1   404.4   435.0   475.8   543.3   772.0  2257.8  4649.0  70262.8    70041
read      423.0   456.0    93.8   166.8   186.2   309.2   379.6   430.2   476.8   547.7   667.4  1048.9  2694.6  4832.0  8024.9  89912.0    90162
read      308.1   150.5    93.8   157.3   172.6   287.3   346.7   378.2   400.8   427.9   461.6   516.4   672.4  1652.7  3744.7  52175.2    52082
read      296.9   123.7   101.3   169.8   186.5   294.8   331.4   349.4   362.9   377.1   396.8   427.6   511.2  1094.2  5177.9  24332.6    24258
read      357.3   381.6    86.8   160.8   177.2   293.9   361.9   402.3   434.1   474.6   534.9   648.6  1451.1  6070.2 10259.1  71955.4    72013
read      326.4   200.9    93.8   162.0   178.0   295.2   359.2   394.3   420.3   451.6   493.5   565.0   805.4  2614.7  7275.3  58025.8    58012
read      315.4   148.4    93.8   164.2   180.6   297.6   354.5   384.7   404.9   430.0   461.7   511.7   667.2  1714.2  3729.0  45229.2    45398
read      350.3   411.9    93.8   160.7   176.3   292.8   352.3   385.5   409.2   439.4   483.0   578.5  1770.9  6061.5 13473.9  50277.4    50177
read      303.1   135.4    93.8   165.3   181.0   292.7   338.1   361.8   378.3   398.0   423.8   464.0   608.0  1806.3  3716.6  34675.2    34504
read      318.6   227.9    86.8   154.9   170.2   278.9   343.2   378.5   404.5   440.7   492.2   572.3   829.3  3061.8  7728.4  65888.8    66010
read      381.7   382.5    93.8   162.7   179.8   301.9   377.6   429.3   470.7   527.8   605.1   746.8  1796.6  5302.8  9550.3  73965.6    73937
read      342.0   342.0    93.8   158.1   174.1   292.2   364.9   402.4   430.0   462.0   504.3   575.6  1117.2  5765.1  9354.6  55110.2    55020
read      328.1   219.8    86.8   157.6   173.4   300.4   368.8   403.8   429.4   458.4   495.3   557.5   746.6  2666.7  8077.9  53283.4    53235
read      485.7   578.8    93.8   175.8   196.9   317.2   387.5   440.7   500.0   622.3   907.7  1484.8  3309.4  6728.4  8112.6  97829.8    97743
read      254.9   103.4   109.4   176.2   190.6   249.3   269.2   279.9   288.3   296.6   310.8   331.5   411.7  1263.8  6134.3   5365.8     5419
read      280.7    86.8   101.3   174.8   192.9   278.8   304.0   317.2   327.5   339.7   355.6   380.1   466.6  1156.1  2217.9  14761.2    14764
read      266.9   154.0   109.4   177.2   193.8   255.9   276.6   288.7   296.3   307.7   319.7   343.3   634.0  1863.1  6600.3   7461.6     7451

Total QPS = 53184.1 (15955231 / 300.0s)

Total connections = 64
Misses = 0 (0.0%)
Skipped TXs = 0 (0.0%)

RX 3940942057 bytes :   12.5 MB/s
TX          0 bytes :    0.0 MB/s
Warning! Detected max cpu usage > 95%
CPU Usage Stats (avg/min/max): 99.74%,51.26%,100.00%
