Random waveform, supplied seed
Total number of intervals = 360 (6927, 52892, 98921, 61129, 40613, 53226, 38560, 103465, 104758, 94759, 37799, 8296, 69443, 12517, 43591, 20430, 93758, 10485, 16518, 83230, 5484, 55611, 20774, 96726, 32442, 73039, 74055, 51197, 59442, 35654, 78747, 42212, 52488, 36950, 16762, 79473, 61431, 87172, 108181, 80515, 37149, 13444, 72057, 70041, 90162, 52082, 24258, 72013, 58012, 45398, 50177, 34504, 66010, 73937, 55020, 53235, 97743, 5419, 14764, 7451, 48208, 16149, 78989, 18886, 75954, 44409, 16431, 85707, 58253, 103867, 21604, 90401, 84467, 99700, 32052, 18173, 67789, 51929, 83850, 18614, 29315, 108090, 27024, 49907, 9150, 34328, 51881, 14569, 81517, 78694, 93409, 39093, 18729, 70818, 21942, 91810, 39588, 40957, 62645, 15539, 107672, 32954, 58866, 23739, 54701, 60706, 72350, 58661, 34912, 103268, 38703, 83358, 57408, 86837, 33517, 66204, 73758, 99742, 109462, 94453, 44096, 100467, 8576, 59359, 7614, 60329, 43762, 67038, 26095, 71173, 109276, 13150, 61250, 84472, 82226, 27671, 98736, 106314, 105027, 96867, 89493, 50538, 22083, 48618, 94298, 63579, 64573, 77178, 29824, 64495, 20917, 85651, 61935, 50216, 72251, 71798, 19701, 24952, 81838, 26648, 24837, 29420, 103882, 70314, 61679, 49557, 19325, 9128, 94933, 24327, 71896, 93771, 20452, 42338, 72627, 80603, 49049, 92305, 56889, 78036, 71583, 72609, 107382, 86530, 16550, 84534, 72631, 49291, 62175, 80213, 16566, 53985, 101949, 24076, 52574, 106271, 105451, 86087, 29108, 101115, 74326, 75832, 94901, 15809, 28874, 51882, 32653, 41676, 63019, 99164, 47055, 62394, 98519, 32122, 49464, 24034, 77363, 91698, 38997, 86028, 83012, 15024, 56640, 97362, 107412, 65030, 79278, 47544, 105368, 58181, 56960, 14849, 63672, 48289, 11797, 10781, 49362, 102119, 46213, 97025, 18351, 21426, 43013, 67376, 36043, 6255, 102499, 26263, 56974, 40869, 46514, 11431, 58600, 68058, 54502, 64022, 52142, 101375, 40606, 47485, 48977, 38615, 80279, 75843, 67095, 41325, 55752, 85561, 14194, 88002, 90515, 109283, 26699, 37400, 19307, 11527, 83787, 22209, 75169, 73833, 94641, 61338, 91825, 77235, 37257, 32057, 108618, 72930, 43714, 87369, 56640, 97360, 79788, 11352, 87962, 40663, 59386, 48302, 19398, 82197, 77387, 72753, 7720, 46279, 42102, 90892, 39976, 61084, 16735, 45909, 28976, 84704, 101822, 92571, 12106, 58568, 51319, 21556, 14191, 29072, 16350, 86891, 104441, 8906, 42175, 51797, 76678, 19630, 100132, 40498, 108559, 23964, 70760, 99567, 107548, 53742, 103931, 60359, 9725, 52014, 40053, 86436, 23983, 66595, 26056, 51764, 40202, 76665, 11133, 80405, 79106, 97258, 36307, 28636, 41620, 75736, 44979, 31478, 37586, 108330)
Average QPS expected = 57436
Timestamp start: 1778342480900
Timestamp end: 1778344281274

#type       avg     std     min      p5     p10     p50     p67     p75     p80     p85     p90     p95     p99    p999   p9999      QPS   target
read      225.2   101.3    80.4   150.2   162.4   213.8   238.7   254.0   265.2   277.2   293.5   319.4   379.5  1218.6  3854.2   6883.4     6927
read      315.2   167.2    80.4   130.5   146.2   291.0   372.8   414.9   444.1   475.9   514.4   571.2   687.9  1109.5  4370.5  52798.8    52892
read      943.0  1259.9    80.4   178.9   206.6   321.9   460.4  1286.5  1681.3  2462.8  2840.8  3526.1  5752.5  8007.9  9979.7  98785.8    98921
read      653.8   963.1    80.4   173.1   198.0   325.9   407.4   487.4   567.7   737.8  1653.9  2763.1  4485.5  8022.6  9871.7  61121.2    61129
read      257.5   104.3    80.4   132.9   147.0   253.4   299.6   319.9   334.3   349.7   370.3   400.5   468.3   788.8  2811.2  40741.8    40613
read      259.7   100.1    80.4   130.4   143.9   250.1   306.6   331.1   346.8   365.7   388.7   423.4   497.7   645.6  1757.7  53343.0    53226
read      257.3   105.5    80.4   133.5   147.6   256.4   300.2   319.6   333.6   348.2   368.1   397.5   460.7   573.8  3039.8  38463.6    38560
read      267.9   137.8    80.4   133.2   148.1   244.6   301.3   331.1   352.0   376.2   406.4   457.0   591.5  1598.8  3626.6 103362.6   103465
read      263.9   122.4    80.4   133.1   147.8   242.5   298.0   327.1   347.4   371.3   401.1   448.4   560.9  1341.5  2806.9 104767.4   104758
read      263.1   135.8    80.4   131.1   145.3   239.4   297.4   327.5   348.1   372.0   401.7   449.6   570.8  1531.7  3425.6  94763.0    94759
read      259.0   103.4    80.4   134.6   148.8   257.4   301.3   320.3   334.3   349.2   369.2   399.0   463.9   663.4  3512.6  37687.6    37799
read      218.4    59.0    93.8   151.6   164.6   212.4   231.9   244.2   253.1   264.6   277.8   299.8   358.2   436.6  2105.7   8309.2     8296
read      257.1   115.8    80.4   128.8   141.9   237.5   301.0   329.1   347.3   368.5   394.1   431.3   517.1   724.1  2694.8  69201.8    69443
read      233.7    91.5    86.8   150.9   166.6   226.7   252.4   266.9   276.5   289.1   304.1   326.2   376.7   605.3  3482.5  12509.0    12517
read      260.8    99.1    80.4   132.9   146.7   257.3   305.7   327.1   341.5   358.7   378.9   410.5   478.2   681.8  2887.8  43471.2    43591
read      241.4    87.0    86.8   140.9   156.5   237.8   269.0   284.4   294.6   307.7   322.2   346.7   400.6   554.7  3832.1  20353.4    20430
read      258.3   123.8    80.4   129.7   143.4   234.8   293.3   323.2   343.7   367.4   396.5   440.0   549.4  1238.4  3152.9  93961.8    93758
read      227.5    67.8    93.8   152.3   166.5   221.1   244.6   258.0   268.2   279.7   294.3   317.9   367.4   435.2  3083.2  10489.6    10485
read      238.9    78.2    86.8   145.4   161.8   233.8   263.0   277.8   288.6   300.3   316.3   341.6   397.3   542.1  2720.0  16497.4    16518
read      255.2   111.9    80.4   128.0   141.1   232.0   293.6   324.1   344.5   367.6   395.6   435.8   536.7   946.2  2528.4  83180.4    83230
read      211.7    70.8   101.3   151.4   162.2   204.1   221.7   232.3   240.9   252.0   267.3   291.1   345.8   727.9  2960.0   5475.8     5484
read      263.5   113.2    80.4   131.4   144.9   251.8   309.6   334.8   351.7   370.8   395.1   431.0   516.9   761.2  3375.9  55552.2    55611
read      246.9   106.9    86.8   141.9   158.0   243.1   274.9   290.7   301.6   314.5   331.1   356.5   412.7   766.5  5574.2  20741.4    20774
read      265.2   128.8    80.4   132.2   146.7   242.1   299.8   330.1   351.2   375.2   404.8   453.6   577.7  1366.8  3378.0  96617.8    96726
read      253.1    89.0    86.8   134.9   149.0   253.6   292.2   310.3   322.0   337.2   355.5   383.5   436.1   542.5  1945.4  32484.2    32442
read      256.0   107.4    74.4   128.2   141.2   235.8   297.9   326.7   345.8   368.1   395.0   433.8   524.5   732.7  1603.2  72686.8    73039
read      256.4   127.3    80.4   128.0   141.1   234.9   297.9   327.1   346.4   368.4   394.9   433.1   519.7   776.3  3658.2  74005.0    74055
read      259.6   111.2    80.4   130.6   144.1   250.9   305.8   329.5   345.0   363.7   386.1   419.6   493.8   670.6  2467.4  51250.2    51197
read      256.8   113.3    80.4   128.5   141.5   242.0   302.1   328.0   344.9   364.5   388.2   423.6   498.2   687.0  3581.5  59400.2    59442
read      260.4    89.9    80.4   135.7   150.1   261.3   303.2   321.9   335.8   350.7   369.9   398.8   461.4   589.2  2068.4  35612.6    35654
read      257.1   121.9    80.4   128.4   141.5   234.4   296.6   326.3   346.1   368.6   395.9   435.1   533.3   984.2  3469.1  78686.2    78747
read      258.7    94.5    80.4   132.7   146.6   257.1   303.9   324.5   338.9   355.1   373.8   403.3   468.3   577.2  1812.5  42309.6    42212
read      265.8   100.6    80.4   133.3   147.1   257.8   313.8   338.1   354.7   372.9   396.6   431.4   507.9   680.8  1408.4  52399.6    52488
read      263.5   111.8    80.4   135.9   150.2   262.4   305.7   325.7   339.5   355.6   374.4   404.1   475.0   731.7  3392.4  36931.4    36950
read      240.7    83.0    86.8   145.3   162.0   236.1   265.4   280.1   290.6   302.8   318.4   343.8   398.1   507.9  3888.9  16845.2    16762
read      267.2   124.4    80.4   132.5   146.6   244.9   306.4   336.4   357.1   380.3   409.0   455.6   573.0  1334.8  2999.2  79511.6    79473
read      264.5   116.8    74.4   131.1   144.8   248.3   309.6   337.0   355.5   375.6   401.2   439.2   530.0   809.5  3234.5  61696.8    61431
read      259.4   123.6    80.4   129.8   143.4   235.4   296.1   326.5   346.9   370.5   399.3   443.2   549.4  1220.0  3177.1  87217.4    87172
read      290.4   144.1    80.4   139.6   156.0   265.8   323.1   354.9   378.0   406.1   446.6   517.0   711.1  1481.3  3180.2 108427.0   108181
read      267.6   121.4    80.4   132.5   146.6   245.1   306.6   337.1   358.5   382.6   412.5   460.3   581.1  1079.1  2634.8  80577.6    80515
read      263.0   100.0    86.8   136.0   150.4   263.0   305.9   325.6   339.2   355.0   373.7   403.5   470.4   641.4  3135.1  37244.6    37149
read      234.9    63.8    86.8   149.6   165.3   229.7   256.4   270.6   280.9   292.8   309.0   333.7   385.8   472.8  1228.5  13475.2    13444
read      266.3   132.4    86.8   131.9   145.6   246.1   307.9   337.1   357.0   379.2   405.8   449.9   550.4  1012.1  4573.1  72003.0    72057
read      262.1   114.4    80.4   130.0   143.6   242.4   305.1   334.2   353.7   375.2   402.5   445.6   545.5   804.9  1688.6  70014.8    70041
read      263.2   114.1    80.4   131.8   146.0   241.3   300.3   330.6   351.2   374.4   403.4   450.9   566.3  1040.1  1974.1  90634.0    90162
read      268.6   114.2    80.4   135.6   150.0   260.1   314.5   338.8   355.3   373.4   397.4   432.9   515.4   806.1  2643.2  52492.2    52082
read      259.7   107.6    86.8   146.5   162.6   259.1   292.7   309.7   320.6   335.2   352.1   379.1   439.5   551.0  3568.6  24327.4    24258
read      266.1   122.5    80.4   132.4   146.6   246.1   307.8   336.9   356.6   378.4   405.7   449.9   552.7   909.2  3136.0  72037.8    72013
read      262.0   119.6    80.4   130.4   143.9   247.9   306.8   333.3   351.0   370.7   395.9   433.2   519.1   711.0  3051.7  58031.4    58012
read      264.4   100.8    80.4   132.9   147.0   256.7   308.6   332.4   348.4   367.8   392.6   430.6   524.0   693.7  1601.1  45316.2    45398
read      263.1   104.5    86.8   132.4   146.2   256.2   309.4   332.9   348.2   366.6   389.5   424.0   501.7   739.1  2368.7  50321.8    50177
read      261.3   103.0    80.4   136.2   150.7   261.5   302.1   320.8   334.7   349.5   369.8   400.7   470.0   607.3  1910.0  34404.0    34504
read      263.0   108.7    80.4   130.7   144.2   246.1   308.2   336.2   355.0   375.1   400.8   440.3   534.2   759.6  2254.2  65813.2    66010
read      264.8   123.9    80.4   131.3   145.0   244.8   306.6   336.1   356.0   378.1   404.9   449.6   555.2   910.3  3019.6  73984.0    73937
read      258.3   101.0    80.4   129.7   143.0   247.8   304.7   329.4   345.5   365.0   388.3   422.8   498.1   639.2  1575.0  54899.2    55020
read      259.3   114.8    80.4   130.3   143.8   249.5   304.5   328.3   343.9   362.7   385.4   419.9   497.1   697.8  3400.4  53088.0    53235
read      259.7   119.0    80.4   131.1   145.1   237.1   294.8   324.7   345.1   368.8   397.9   441.9   548.4  1231.9  2708.1  97779.8    97743
read      210.8    85.2    93.8   151.0   161.8   202.5   219.9   231.1   239.4   250.6   265.9   290.4   352.6   935.1  3856.9   5424.0     5419
read      227.5    71.6    86.8   143.8   159.9   221.4   247.0   261.1   270.8   282.7   296.7   321.8   380.1   501.8  3151.5  14717.6    14764
read      218.9   123.1    93.8   150.8   163.2   209.2   228.3   240.0   249.9   261.8   275.8   304.7   374.0  1062.4  7127.0   7466.4     7451
read      277.0   179.6    80.4   131.9   145.9   257.9   309.4   333.2   349.2   369.2   396.4   447.0   892.0  2485.2  5069.7  48187.6    48208
read      238.3    71.1    86.8   145.4   162.4   233.6   262.6   276.7   287.5   298.9   315.2   340.7   399.5   541.9  1677.8  16117.2    16149
read      258.6   131.0    80.4   129.0   142.3   235.8   297.6   327.6   347.0   369.6   396.7   436.3   538.2  1051.8  4812.5  78994.6    78989
read      246.2    80.4    86.8   144.3   161.2   242.0   272.7   288.5   299.1   313.0   330.7   359.8   426.7   594.7  3796.1  18788.4    18886
read      260.2   112.8    80.4   129.6   143.1   239.6   301.2   330.8   350.3   372.3   399.6   441.8   546.8   854.6  2126.5  75887.0    75954
read      268.3   106.2    80.4   134.4   148.6   264.3   312.5   334.8   349.7   368.0   391.9   430.1   529.5   837.9  2189.7  44369.2    44409
read      243.4    71.7    80.4   146.4   162.6   238.8   268.5   283.9   294.4   307.9   323.6   353.4   420.8   579.7  1931.7  16359.2    16431
read      265.8   132.5    80.4   131.1   145.2   242.9   303.3   333.3   354.0   377.5   407.3   456.3   584.8  1223.8  4304.5  85421.6    85707
read      265.3   108.3    80.4   131.3   145.0   253.2   311.7   337.4   354.7   373.6   398.5   435.7   535.8   835.4  2115.2  58301.8    58253
read      283.2   161.5    86.8   138.1   153.3   258.6   315.4   345.8   368.2   394.7   429.9   491.7   683.3  1865.6  3653.4 103871.8   103867
read      254.9    92.6    80.4   143.3   159.9   252.7   285.7   302.1   313.8   327.7   345.4   375.4   446.0   627.2  2812.7  21624.8    21604
read      265.3   126.1    80.4   131.5   145.6   242.5   301.9   332.5   353.5   377.5   407.3   456.7   587.4  1098.5  2674.3  90597.4    90401
read      259.8   123.4    80.4   129.7   143.3   237.1   298.0   328.2   348.3   371.3   399.3   441.9   547.8   975.9  3707.9  84446.0    84467
read      274.9   141.0    80.4   135.5   150.6   251.9   309.2   339.4   361.1   386.1   418.4   470.8   625.8  1603.8  3257.1  99755.6    99700
read      254.4    86.0    86.8   135.6   149.8   255.8   293.0   310.9   322.6   337.8   356.5   385.7   448.9   553.1  1781.7  31967.8    32052
read      244.1    76.1    86.8   144.4   160.9   240.5   270.7   286.0   296.0   309.6   325.6   353.6   417.8   557.0  1872.1  18197.6    18173
read      262.3   127.5    80.4   129.9   143.3   243.3   305.2   333.3   352.0   372.6   398.8   438.2   540.2   939.6  4791.4  67998.8    67789
read      261.4    99.6    80.4   131.2   144.8   254.3   308.2   332.1   347.6   366.4   389.5   424.6   501.6   645.3  1388.2  51821.2    51929
read      267.0   149.7    80.4   130.8   145.0   242.5   303.1   333.4   354.4   377.8   406.9   455.4   592.6  1641.8  4752.7  83697.4    83850
read      245.7    78.0    86.8   143.6   160.4   241.4   272.5   288.6   299.4   313.5   331.6   361.4   429.6   573.5  1998.1  18617.8    18614
read      253.9    82.2    80.4   137.0   151.6   254.8   290.7   308.1   319.6   334.8   352.8   382.3   445.1   562.4  1858.1  29195.6    29315
read      297.5   171.5    80.4   141.2   158.0   270.4   327.7   359.6   383.2   412.2   453.8   529.8   759.1  1950.4  5127.3 108027.4   108090
read      250.0    83.0    86.8   137.8   152.5   250.0   284.4   300.6   312.5   325.8   342.9   370.1   431.3   547.2  2332.5  26914.6    27024
read      259.1   105.3    80.4   130.3   143.6   252.0   304.5   327.6   343.0   361.5   384.1   419.0   493.6   666.0  2492.7  49846.0    49907
read      221.4    71.7    93.8   150.5   163.5   214.2   235.3   248.9   258.3   269.7   284.8   309.7   367.1   538.8  3095.4   9142.6     9150
read      260.0    90.1    86.8   136.3   150.5   260.8   301.6   320.0   333.6   347.8   367.9   398.0   462.0   593.1  1738.7  34348.2    34328
read      259.8    95.9    80.4   130.9   144.2   252.2   306.7   330.5   346.0   364.8   387.7   421.7   498.0   628.5  1073.4  51972.8    51881
read      232.7    67.6    86.8   146.4   162.2   227.1   253.6   268.1   278.0   290.6   306.9   332.7   391.8   502.4  1852.0  14485.2    14569
read      256.5   118.1    80.4   128.7   142.0   233.8   295.3   325.3   345.2   368.0   395.3   435.3   534.9   995.4  2925.8  81667.8    81517
read      257.8   109.8    74.4   128.9   142.2   235.5   298.0   327.9   347.6   370.0   397.4   437.6   539.7   932.7  2073.4  78819.2    78694
read      266.5   137.3    80.4   132.1   146.6   243.2   301.7   331.9   352.7   376.2   406.0   455.0   583.7  1491.8  4328.4  93384.2    93409
read      256.2    88.7    80.4   132.9   146.8   255.8   299.5   318.9   332.9   347.6   367.9   397.5   463.0   582.5  1372.2  39095.0    39093
read      239.3    66.8    80.4   142.3   158.3   235.4   265.8   280.7   291.3   304.0   319.3   345.0   403.3   545.1  1423.4  18660.2    18729
read      260.6   121.4    80.4   129.6   143.0   241.0   302.7   331.3   350.4   371.8   398.5   439.1   541.3   852.9  2535.3  70655.0    70818
read      250.2    83.3    80.4   141.9   157.8   248.4   281.0   296.6   308.8   321.3   339.9   367.6   426.3   567.4  3041.0  21986.0    21942
read      270.3   131.6    80.4   134.2   149.1   248.1   306.1   336.2   357.3   381.3   411.7   460.9   586.3  1475.0  3456.6  91634.2    91810
read      262.9   106.4    80.4   135.0   149.2   261.9   306.7   326.8   340.7   357.3   376.9   408.8   476.1   608.0  3258.1  39599.2    39588
read      262.7    94.9    80.4   134.3   148.8   261.5   307.2   327.8   341.8   358.7   378.9   411.3   484.9   662.3  1789.6  41035.0    40957
read      263.1   109.8    80.4   131.0   144.7   247.4   308.1   335.3   353.5   373.6   399.8   438.2   528.0   824.5  2479.2  62577.2    62645
read      238.5    82.2    86.8   146.7   163.0   233.6   262.2   276.2   287.0   298.1   314.6   339.7   396.5   492.2  3785.8  15581.8    15539
read      271.8   127.0    80.4   136.8   151.9   250.6   305.8   335.2   356.2   380.6   412.2   463.0   592.7  1342.3  3087.5 107413.2   107672
read      262.2    91.8    86.8   137.8   152.3   263.4   303.3   321.4   335.2   349.9   369.7   399.9   465.5   588.2  1931.6  33155.0    32954
read      265.0   107.6    80.4   131.9   145.6   252.2   311.8   338.0   355.8   374.9   400.2   436.9   528.7   717.1  1823.2  58696.6    58866
read      252.7    76.2    80.4   141.2   156.9   252.2   285.8   302.4   314.2   328.1   345.0   372.3   433.5   548.6  1524.4  23720.8    23739
read      266.4   111.2    80.4   132.5   146.4   256.3   312.6   337.9   355.0   373.5   398.1   434.6   524.4   804.7  2511.9  54515.6    54701
read      266.9   117.4    80.4   132.1   145.9   252.2   311.8   338.6   357.1   377.4   402.6   443.3   541.9   928.2  2197.7  60512.0    60706
read      264.4   114.8    80.4   131.4   145.3   244.8   306.4   335.5   355.3   377.1   403.8   447.7   550.0   961.4  2298.5  72390.2    72350
read      266.4   119.7    80.4   133.4   147.8   254.5   311.6   337.3   354.7   373.4   397.8   434.0   518.5   718.5  3803.1  58685.0    58661
read      269.7   158.3    86.8   139.9   155.3   266.2   306.4   325.1   338.6   354.5   373.9   407.3   508.6  1369.3  8739.2  34784.6    34912
read      275.5   125.1    80.4   137.4   152.5   254.5   310.6   340.3   361.8   386.8   418.9   470.2   621.4  1160.0  3046.1 103544.8   103268
read      259.1    98.1    80.4   132.8   146.9   258.6   302.2   321.4   335.5   350.7   370.4   400.8   468.5   664.6  2918.4  38720.4    38703
read      256.0   118.5    80.4   128.1   141.3   233.7   295.4   325.5   345.5   368.0   395.2   434.5   535.9   838.9  2524.4  83231.8    83358
read      256.0    98.1    80.4   128.2   141.4   245.1   303.3   327.8   343.9   362.6   385.1   418.3   491.6   632.3  1371.9  57351.2    57408
read      254.4   131.8    80.4   127.9   141.0   232.2   292.7   322.7   342.8   365.5   392.7   432.4   527.9   864.8  3046.4  86620.4    86837
read      257.1    90.3    80.4   135.7   150.1   259.0   297.8   315.7   328.4   342.8   362.2   390.9   452.0   567.5  2087.3  33519.4    33517
read      257.4   113.6    80.4   128.4   141.3   240.0   302.6   329.7   347.3   367.6   392.1   428.2   508.0   732.9  3052.6  66496.4    66204
read      259.7   105.8    80.4   129.1   142.6   240.3   303.4   332.4   351.7   373.0   399.5   438.7   534.1   756.3  1561.7  73684.0    73758
read      266.8   126.9    80.4   133.8   148.7   245.5   302.6   332.7   353.4   376.9   406.0   454.2   577.9  1128.7  2943.0  99433.0    99742
read      281.6   137.8    80.4   138.6   154.5   259.8   315.5   345.0   366.8   392.5   426.4   483.2   640.8  1606.1  3445.8 109293.8   109462
read      261.7   116.3    80.4   131.6   146.0   240.8   299.0   328.9   349.3   372.5   400.9   445.4   548.2   963.6  1980.7  94418.8    94453
read      260.0   119.3    80.4   131.7   145.3   258.2   305.4   326.1   340.2   356.8   376.4   406.5   473.2   627.9  3768.9  44030.8    44096
read      259.6   113.4    80.4   131.5   145.8   237.9   294.4   323.8   344.1   367.9   396.9   439.9   550.1  1065.5  2578.6 100503.6   100467
read      217.6    70.9    86.8   149.8   162.5   210.4   230.4   243.0   252.2   264.0   278.0   303.8   364.5   512.3  3424.7   8510.6     8576
read      260.4   112.6    80.4   129.6   143.0   247.4   306.6   332.3   349.1   368.5   392.5   428.8   509.3   733.8  3287.8  59269.0    59359
read      212.8    64.1    86.8   149.5   161.1   205.5   225.3   236.3   246.5   257.5   272.4   296.2   350.9   466.7  3038.3   7619.4     7614
read      261.1   109.2    80.4   130.1   143.4   248.9   308.4   334.2   351.3   370.5   394.7   429.7   506.1   661.3  1983.3  60390.0    60329
read      259.1    99.3    80.4   131.5   145.2   256.7   304.0   324.9   339.3   355.9   375.3   406.7   484.3   686.1  2348.8  43677.0    43762
read      260.3   103.0    80.4   130.0   143.3   244.6   306.2   333.6   351.7   371.7   397.0   434.3   520.3   687.6  1082.3  67115.4    67038
read      252.1    80.6    86.8   138.5   153.3   253.2   287.6   304.0   315.3   328.9   345.2   372.0   430.6   538.3  1990.8  26271.0    26095
read      263.1   122.2    80.4   130.5   144.1   244.3   307.1   336.0   355.2   375.7   401.5   441.0   534.3   794.6  3951.6  71159.4    71173
read      298.9   172.1    80.4   143.6   161.0   274.1   331.5   362.8   385.7   413.2   451.6   515.6   702.7  2205.2  5598.8 108903.2   109276
read      230.6    89.3    86.8   146.9   162.9   224.5   250.1   264.4   273.8   286.5   301.4   326.1   379.3   495.5  4476.2  13103.4    13150
read      255.6   111.7    80.4   127.8   140.7   240.6   301.6   327.3   344.1   363.7   387.2   421.5   496.0   717.4  3776.5  61436.2    61250
read      254.2   119.2    80.4   127.9   141.0   232.3   293.3   323.4   343.4   366.1   393.5   432.6   523.0   774.4  2364.6  84507.2    84472
read      253.4   105.4    80.4   127.0   140.1   231.4   293.5   323.4   343.4   365.8   393.0   432.5   526.2   799.8  1567.3  82143.0    82226
read      249.5   105.4    86.8   136.4   151.1   249.4   284.2   300.7   312.4   325.4   342.4   369.4   426.6   547.2  4777.0  27559.4    27671
read      257.6   122.3    80.4   130.0   143.8   234.5   291.6   321.4   342.2   365.8   394.7   437.0   549.2  1186.6  3547.0  98764.8    98736
read      266.6   117.2    80.4   134.0   149.1   246.2   301.6   331.1   351.8   375.5   405.4   455.7   579.1  1023.4  2711.7 106142.2   106314
read      271.9   145.3    80.4   134.3   149.4   248.5   304.5   334.2   355.4   380.0   411.6   463.6   616.8  1886.8  3504.5 105142.6   105027
read      254.7   112.2    74.4   129.2   142.8   232.7   290.0   320.0   341.0   364.5   392.8   433.7   532.3   910.3  2328.4  96759.8    96867
read      254.0   113.5    80.4   127.7   140.9   230.8   291.0   321.3   342.0   364.9   392.7   433.5   536.5  1044.9  2665.9  89272.8    89493
read      257.5   109.2    80.4   129.4   142.8   251.3   304.5   327.1   342.0   359.6   380.3   411.8   480.4   610.5  3343.1  50569.0    50538
read      241.5    76.1    86.8   138.5   153.6   239.8   271.6   287.3   297.4   310.9   326.5   350.6   403.8   512.9  2019.6  22228.4    22083
read      255.4    97.0    80.4   129.5   142.8   250.5   301.6   323.1   337.8   354.4   373.9   404.1   470.5   627.7  2260.8  48374.8    48618
read      259.1   129.3    80.4   129.6   143.4   235.0   293.8   324.5   345.0   368.6   397.6   441.7   558.6  1263.9  4087.6  94329.6    94298
read      255.6   111.5    80.4   127.2   140.3   240.4   301.3   328.1   345.4   365.4   389.7   425.0   498.9   640.6  2183.0  63643.0    63579
read      254.8   114.6    80.4   127.1   140.0   238.1   300.3   326.9   344.2   364.1   387.9   423.1   499.6   767.0  3377.6  64498.4    64573
read      253.0   108.9    80.4   126.5   139.5   232.3   295.0   324.7   344.1   365.9   391.9   429.2   507.7   713.4  1904.0  77280.8    77178
read      249.3    82.3    80.4   134.8   149.3   249.6   286.1   303.5   315.3   329.4   345.7   372.9   431.2   537.2  2164.1  29753.0    29824
read      255.4   106.1    80.4   127.5   140.3   238.8   300.8   327.2   344.4   364.4   388.7   424.8   505.2   837.6  2232.7  64503.6    64495
read      240.4    69.2    86.8   139.6   155.2   238.3   269.4   285.0   295.3   308.6   323.6   348.5   400.0   474.8  1770.0  20980.6    20917
read      254.1   111.9    80.4   127.7   140.9   231.7   292.5   322.5   342.5   365.2   392.7   432.4   530.6   888.6  3002.3  85523.0    85651
read      256.7   124.8    80.4   127.6   140.5   240.9   302.2   328.4   345.3   364.9   388.5   423.4   499.0   812.4  3699.2  62146.0    61935
read      258.8   101.9    80.4   129.8   143.3   253.1   306.1   329.1   344.2   362.1   383.4   416.5   485.2   616.3  2032.4  50175.0    50216
read      258.9   116.1    74.4   128.2   141.5   238.7   301.6   330.6   349.6   371.1   397.9   436.4   534.5   875.3  3285.0  72280.8    72251
read      256.6   106.3    80.4   128.0   141.2   237.9   300.9   329.5   348.0   369.2   394.9   432.2   513.6   671.9  1174.8  71727.6    71798
read      245.4    72.6    86.8   143.0   159.4   243.9   274.4   289.8   300.2   313.3   329.6   354.7   406.9   496.5  2571.5  19779.2    19701
read      255.6   120.5    86.8   140.3   155.7   254.6   287.7   304.1   315.6   329.6   345.9   373.7   440.0  1049.5  4569.0  25024.2    24952
read      256.0   109.8    80.4   128.0   141.2   233.6   295.8   325.5   345.5   368.1   395.5   435.3   536.3   928.2  1906.0  81878.0    81838
read      252.9    88.4    80.4   139.0   154.1   254.4   288.3   305.0   316.4   330.4   346.4   372.7   428.6   523.2  1727.3  26631.8    26648
read      253.2    90.2    86.8   140.3   155.9   253.4   286.2   302.4   314.1   327.9   344.7   371.7   431.5   647.1  2974.9  24806.8    24837
read      257.1    84.8    80.4   138.4   153.0   259.3   295.8   313.1   324.9   339.2   357.5   384.8   436.3   528.0  1639.4  29303.8    29420
read      271.6   126.2    80.4   135.5   150.7   250.3   306.5   336.2   357.2   381.5   412.6   462.9   601.3  1324.0  2650.9 104045.6   103882
read      261.0   118.9    80.4   129.4   142.8   242.3   304.7   333.3   352.3   373.0   398.8   435.9   527.7   847.7  3768.5  70154.8    70314
read      262.9   104.3    80.4   131.0   144.7   249.4   309.7   336.2   353.9   373.0   397.8   434.3   515.6   725.1  1887.7  61764.6    61679
read      261.2    96.0    80.4   131.4   145.1   256.6   308.5   331.3   346.1   364.5   386.7   420.1   490.9   621.1  1500.9  49366.8    49557
read      242.6    89.4    86.8   142.3   158.5   239.9   270.2   285.2   295.1   308.0   322.6   347.5   403.7   510.9  3020.5  19305.0    19325
read      219.1    65.8    93.8   150.0   162.7   212.3   233.3   246.6   255.6   267.6   282.4   306.5   363.3   462.7  1919.9   9100.4     9128
read      257.9   125.3    80.4   129.2   143.0   234.8   293.0   322.6   342.9   366.3   394.9   436.6   549.2  1317.1  3078.3  94999.8    94933
read      251.1    95.1    86.8   141.1   156.8   250.9   283.5   299.2   310.8   323.0   340.4   367.0   423.7   550.0  3716.1  24317.2    24327
read      255.9   105.8    80.4   127.8   140.9   236.9   299.7   328.2   346.6   367.4   392.9   430.6   516.0   740.2  1831.5  71790.6    71896
read      259.4   121.0    80.4   130.2   144.3   236.7   294.8   324.7   345.0   368.6   397.4   440.7   548.9  1228.7  2717.8  93709.2    93771
read      240.5    71.5    86.8   140.4   156.1   238.5   269.1   284.5   294.8   307.6   321.4   346.3   399.8   488.3  1854.8  20445.4    20452
read      257.5   101.5    80.4   131.6   145.4   256.1   301.9   321.9   336.2   351.8   371.7   402.0   468.7   620.3  2755.1  42466.4    42338
read      258.0   145.2    80.4   127.2   140.4   236.4   299.3   328.0   346.7   368.0   393.9   432.1   533.5  1124.7  6900.2  72517.6    72627
read      254.0   112.2    80.4   127.2   140.5   232.9   294.2   324.2   343.8   366.0   392.8   431.5   522.0   761.3  1999.2  80495.8    80603
read      255.3    93.9    80.4   129.3   142.4   250.6   302.3   324.2   338.9   355.6   374.8   404.9   469.6   594.7  1154.1  49121.0    49049
read      260.2   123.2    80.4   130.0   143.9   237.3   296.6   326.6   346.8   370.3   398.9   443.2   555.7  1243.6  2644.5  92366.4    92305
read      257.2   113.5    80.4   128.4   141.6   246.3   303.8   328.3   344.2   363.1   385.7   419.7   496.4   677.0  2883.9  56877.0    56889
read      254.9   104.3    80.4   127.5   140.6   234.5   296.9   326.2   345.7   367.5   393.8   432.2   518.3   727.5  1629.9  77985.8    78036
read      256.3   123.1    80.4   126.8   140.0   236.6   299.4   328.0   346.5   368.2   394.3   432.0   520.9   804.2  2338.7  71476.4    71583
read      255.5   119.2    80.4   127.3   140.5   236.0   299.3   327.7   346.3   367.3   392.5   429.5   509.4   694.6  2439.6  72639.0    72609
read      264.2   137.2    80.4   132.3   147.3   241.3   296.3   325.8   346.2   370.2   400.0   447.8   583.6  1472.8  3914.9 107427.6   107382
read      253.8   107.3    80.4   127.7   140.9   231.8   292.3   322.5   343.1   366.2   394.1   433.9   527.5   795.8  1696.5  86456.6    86530
read      234.2    65.0    86.8   143.0   159.3   230.0   258.3   272.8   283.8   295.6   312.4   337.6   391.6   467.9  1547.6  16626.0    16550
read      253.8   109.6    74.4   126.8   140.3   232.3   292.6   322.6   342.6   365.4   393.1   433.2   527.5   829.7  2161.0  84557.0    84534
read      255.4   104.8    80.4   126.8   140.1   235.6   299.3   328.2   347.0   368.3   394.3   431.7   515.2   752.7  1559.7  72683.0    72631
read      259.0   113.7    80.4   130.3   143.9   253.8   305.7   328.5   343.4   361.1   382.2   414.7   482.1   613.9  1992.2  49328.6    49291
read      258.5   116.5    80.4   127.9   141.1   243.2   303.8   330.3   347.4   367.6   392.3   428.6   507.2   869.8  3394.6  62360.4    62175
read      252.9   104.4    80.4   126.3   139.6   231.5   294.2   324.3   344.1   366.2   392.7   430.9   515.2   719.4  1537.0  80012.2    80213
read      233.9    72.6    86.8   142.9   159.0   229.8   257.8   271.9   282.4   294.0   309.9   334.0   384.1   465.5  2957.5  16636.2    16566
read      260.0   134.0    80.4   128.7   142.1   248.7   304.1   328.1   343.7   362.2   384.6   418.8   500.4  1556.0  4286.6  54039.0    53985
read      273.6   131.5    80.4   134.1   149.4   250.9   308.5   338.9   360.7   386.1   419.1   471.4   625.9  1337.8  3288.3 101660.6   101949
read      252.0    86.6    86.8   138.7   153.9   251.2   286.0   303.1   315.2   329.8   346.9   374.9   436.2   541.5  3360.4  24015.8    24076
read      258.7   122.6    74.4   128.9   142.3   249.5   304.6   328.0   343.5   361.8   383.9   417.8   491.1   845.4  4258.0  52541.6    52574
read      265.3   127.3    80.4   133.5   148.5   244.0   298.8   328.0   348.2   372.0   401.9   450.3   573.7  1360.4  3459.0 106379.4   106271
read      263.5   128.5    80.4   132.3   146.9   241.2   296.8   326.2   346.5   370.2   399.8   447.5   576.0  1413.4  3323.2 105580.0   105451
read      255.7   112.7    80.4   128.1   141.4   233.3   293.8   323.9   344.1   367.0   394.8   434.7   533.9  1012.1  2302.4  85841.6    86087
read      251.9    81.3    80.4   136.2   150.9   253.0   288.8   306.2   317.7   332.2   348.5   375.4   434.4   580.6  1414.8  28904.4    29108
read      256.6   125.6    80.4   129.8   143.7   234.4   290.5   319.8   340.4   363.9   392.8   434.4   538.9  1088.6  4596.5 101279.6   101115
read      254.3   106.3    80.4   126.4   139.8   234.0   297.0   325.9   344.7   366.2   392.1   430.0   518.7   794.0  1982.0  74359.6    74326
read      254.7   108.9    80.4   126.5   139.9   233.8   296.7   326.0   345.3   367.1   393.6   432.4   527.5   765.9  1715.3  75652.4    75832
read      257.9   128.0    80.4   129.4   143.1   234.0   291.9   321.9   342.5   366.2   394.9   437.0   549.1  1513.7  3147.6  94946.8    94901
read      235.1    66.5    86.8   145.4   161.6   231.1   259.2   273.0   283.4   294.5   310.5   334.8   386.2   468.9  1964.3  15844.6    15809
read      252.1    78.6    86.8   137.6   152.0   253.8   289.2   306.2   317.6   331.8   347.7   373.5   432.8   541.8  1176.9  28890.4    28874
read      260.3   112.3    80.4   130.3   143.9   252.5   306.7   330.3   345.8   364.6   387.2   421.1   493.3   672.3  3275.9  51968.8    51882
read      256.7    96.1    86.8   136.6   151.1   257.9   296.4   314.2   326.6   340.8   359.7   388.2   444.4   578.6  3272.8  32743.0    32653
read      264.0    97.8    86.8   134.9   149.1   264.1   309.9   330.4   343.9   361.0   381.3   411.9   477.1   588.9  1846.6  41689.8    41676
read      267.2   121.4    80.4   132.2   146.2   252.5   313.1   340.1   358.3   378.2   402.3   440.3   532.2   891.8  3620.0  62895.4    63019
read      267.1   117.1    74.4   134.3   149.4   247.4   303.6   333.1   353.7   377.1   406.1   454.1   565.2  1004.8  2521.9  99097.2    99164
read      258.8    98.7    80.4   131.2   145.1   254.8   305.0   326.7   341.4   358.5   378.5   408.9   475.7   610.3  2584.2  47102.8    47055
read      259.6   108.9    80.4   129.4   142.8   245.2   306.2   333.2   350.8   370.2   394.3   429.4   505.6   672.9  1927.7  62457.8    62394
read      258.5   118.4    80.4   129.9   143.9   235.6   293.0   322.7   343.4   367.2   396.3   439.6   555.4  1213.5  2931.3  98217.6    98519
read      256.7    90.7    80.4   136.5   151.1   258.0   296.1   314.0   326.3   340.7   359.5   387.2   445.2   623.6  2552.0  32290.2    32122
read      264.3   108.9    80.4   132.5   146.5   258.9   311.8   335.1   350.5   368.1   390.5   423.5   497.9   690.7  2781.9  49414.8    49464
read      251.9    79.8    86.8   141.5   157.1   252.9   285.9   302.0   313.2   325.9   342.5   369.1   423.5   502.1  1616.5  24011.8    24034
read      262.2   118.5    80.4   130.0   143.7   240.9   303.2   333.0   352.9   375.1   402.5   445.3   548.0  1022.3  2828.2  77295.2    77363
read      260.1   116.1    80.4   130.6   144.7   238.4   297.5   327.6   348.1   371.4   399.8   442.8   544.1   947.1  2368.4  91419.2    91698
read      261.2    91.1    80.4   135.4   149.6   262.0   305.9   325.6   339.1   354.7   373.2   402.2   468.0   586.0  1302.3  39070.4    38997
read      280.5   190.7    80.4   133.5   148.4   249.5   310.0   341.3   363.4   389.3   423.2   483.8   794.9  2201.5  7449.2  86052.4    86028
read      264.8   122.9    80.4   131.5   145.7   242.4   303.1   333.3   353.9   376.7   405.5   452.6   574.4  1123.9  3113.6  82954.2    83012
read      239.0    75.0    86.8   148.9   164.8   235.1   263.1   276.7   287.3   298.2   314.3   338.8   392.2   485.7  2836.9  15030.6    15024
read      265.6   117.0    80.4   132.8   146.8   253.8   311.5   337.1   354.4   373.2   397.8   434.1   522.2   763.3  4204.6  56651.0    56640
read      269.5   123.7    80.4   134.3   149.5   248.4   305.4   335.3   356.3   380.2   411.0   460.9   585.5  1222.2  2681.5  97454.6    97362
read      298.0   147.9    86.8   143.2   160.7   274.4   332.4   364.3   387.9   416.6   457.0   526.1   706.4  1522.4  3495.0 107540.6   107412
read      265.6   114.8    80.4   132.0   145.9   249.4   310.2   338.0   356.8   377.2   402.7   443.5   539.6   841.5  3261.6  64816.8    65030
read      263.4   117.0    80.4   131.5   145.6   242.6   303.4   333.4   353.6   376.0   403.6   447.7   547.9   918.7  3183.5  79219.0    79278
read      266.8   106.8    80.4   135.2   149.4   261.6   313.0   336.1   351.7   369.4   392.2   426.1   499.9   663.6  2321.3  47422.6    47544
read      281.5   143.1    80.4   138.5   154.1   259.1   315.2   345.3   367.5   393.7   428.1   487.6   645.5  1462.4  4012.8 105314.8   105368
read      265.1   112.3    86.8   132.6   146.5   253.8   311.8   337.5   354.9   373.8   398.5   434.6   516.2   669.5  1837.6  58226.0    58181
read      263.3   116.5    74.4   131.0   144.7   251.9   308.7   334.1   351.0   370.2   394.4   430.0   508.2   869.6  3650.4  56853.0    56960
read      247.0   107.8    86.8   155.6   172.5   242.6   269.9   284.2   293.7   306.1   320.3   344.7   399.5   526.1  6365.8  14796.6    14849
read      263.9   106.8    80.4   130.6   145.1   249.8   309.0   336.2   354.3   374.1   399.6   436.7   528.8   731.8  1916.6  63559.0    63672
read      268.8   109.6    80.4   134.7   149.7   263.8   314.7   337.9   353.7   371.2   394.4   428.4   505.0   730.8  3370.5  48370.0    48289
read      232.7    59.6    86.8   152.8   167.9   227.6   253.1   267.2   276.4   288.8   303.3   324.7   373.5   442.7  1076.1  11793.0    11797
read      229.1    75.9    93.8   152.0   166.6   222.9   247.1   260.7   270.1   281.4   295.6   318.6   370.4   488.3  3141.3  10759.2    10781
read      260.2    98.7    80.4   131.9   145.7   254.9   306.4   328.9   343.7   361.6   383.1   415.8   487.3   678.7  2146.9  49192.6    49362
read      270.4   146.1    80.4   133.5   148.6   246.3   303.3   333.4   354.6   379.1   411.2   463.2   615.8  1669.9  3907.4 101974.6   102119
read      261.3   115.0    80.4   132.3   146.1   257.4   306.3   328.0   342.4   359.5   379.6   411.2   485.5   779.0  3485.7  46392.4    46213
read      263.4   119.2    80.4   132.1   146.7   241.3   298.7   328.8   349.4   373.1   402.7   450.5   570.7  1127.6  2756.8  96971.0    97025
read      243.6    82.1    86.8   145.3   161.6   240.9   271.1   286.5   296.5   309.9   325.2   349.4   403.0   498.0  1280.2  18284.4    18351
read      251.4    80.3    86.8   144.3   160.8   251.7   282.6   297.4   308.9   320.4   338.3   364.7   420.1   504.5  1979.0  21366.8    21426
read      261.8   105.3    80.4   133.9   147.8   260.6   307.2   328.0   342.0   358.8   378.5   409.5   472.8   609.9  2468.7  43064.8    43013
read      262.1   110.9    80.4   130.5   144.1   245.4   306.8   334.9   353.6   373.9   399.6   436.9   528.3   735.6  3022.9  67245.4    67376
read      258.9    98.1    80.4   135.4   149.9   259.2   300.0   318.5   332.0   346.2   366.3   395.8   460.3   754.5  2873.0  36048.8    36043
read      214.9    95.9   101.3   152.6   163.8   207.2   225.8   236.4   246.3   256.6   270.9   293.9   345.6   470.6  4723.9   6287.0     6255
read      268.6   134.6    80.4   133.2   148.0   245.0   301.5   331.3   352.3   376.6   407.6   460.0   611.7  1738.0  2927.3 102171.4   102499
read      255.1    91.8    86.8   140.8   156.1   255.9   290.0   306.6   317.6   331.9   348.1   374.6   431.6   565.1  2563.5  26270.0    26263
read      259.3   105.1    80.4   130.3   143.8   249.0   306.1   330.8   346.7   365.7   388.5   422.1   496.6   680.3  2915.1  56801.4    56974
read      261.8    90.9    80.4   134.6   148.8   261.9   307.1   327.4   341.0   357.2   375.9   405.0   469.0   579.8  1683.0  40887.4    40869
read      259.6   104.8    80.4   132.2   145.8   256.3   305.3   326.8   341.2   358.3   378.2   408.7   475.4   682.1  3006.6  46497.6    46514
read      226.1    70.1    93.8   150.1   164.2   220.1   244.1   257.4   267.0   277.3   292.8   316.2   366.5   449.8  2829.3  11374.8    11431
read      259.5   107.7    80.4   129.9   143.1   247.5   305.9   331.1   347.4   366.8   390.5   425.3   502.3   781.8  2928.8  58307.2    58600
read      261.8   119.1    80.4   130.3   143.8   243.9   306.1   334.2   352.8   373.1   398.5   435.7   529.5   870.0  2523.8  68180.6    68058
read      259.7   109.2    80.4   130.9   144.4   250.9   306.5   330.5   346.2   364.9   387.5   421.3   495.1   667.9  1492.3  54521.2    54502
read      258.0   113.8    80.4   129.0   142.2   241.8   303.0   329.9   347.4   367.4   392.0   428.1   506.5   746.0  3275.9  63971.6    64022
read      259.5   105.9    86.8   131.1   144.6   252.0   306.0   329.4   344.6   362.9   385.0   418.0   490.3   668.1  2980.5  52110.4    52142
read      267.6   119.6    80.4   134.3   149.5   247.2   303.4   333.0   353.7   377.4   407.2   456.3   578.5  1050.4  2614.9 101396.6   101375
read      261.7   114.4    80.4   134.4   148.4   259.9   305.2   325.5   339.4   355.5   374.1   403.6   469.8   769.3  3759.5  40753.2    40606
read      261.1   105.4    80.4   132.2   146.2   257.2   307.3   329.8   344.5   362.2   383.4   416.2   482.4   600.6  2493.0  47532.2    47485
read      261.1    94.8    80.4   132.1   146.0   256.6   308.4   330.9   345.5   363.7   385.4   417.4   489.5   626.2  1349.6  48990.2    48977
read      262.9   101.9    86.8   136.2   150.4   262.9   306.2   326.0   339.7   355.8   374.6   404.2   469.3   620.9  3033.3  38643.6    38615
read      260.8   120.6    80.4   129.9   143.5   238.9   300.5   330.1   350.0   372.3   400.0   442.8   549.3  1091.7  2872.0  80355.8    80279
read      256.9   107.0    80.4   128.8   141.9   236.8   298.9   328.1   347.3   369.3   395.9   434.3   524.1   736.4  1890.9  75737.6    75843
read      258.5   110.6    80.4   129.2   142.6   240.1   303.3   331.3   349.3   369.8   395.1   431.8   514.2   759.3  2730.3  67191.4    67095
read      262.1    93.0    80.4   134.9   149.2   261.7   307.1   327.7   341.7   358.2   377.4   406.5   471.4   604.6  1251.6  41358.0    41325
read      261.3   110.3    80.4   131.0   144.6   250.6   307.1   332.0   348.2   367.3   390.9   425.9   505.3   803.4  3266.5  55752.0    55752
read      256.9   119.1    80.4   129.1   142.4   234.4   294.9   324.9   345.0   368.3   396.6   437.0   539.8   940.1  2451.6  85624.6    85561
read      233.3    63.6    80.4   147.3   162.7   228.6   255.6   269.7   279.6   291.5   307.0   331.0   386.0   480.7  1929.5  14269.0    14194
read      262.2   109.8    80.4   131.5   145.8   241.4   300.5   330.5   350.9   374.3   403.6   450.7   552.9   860.9  1935.6  88130.8    88002
read      263.5   120.3    80.4   131.3   145.5   240.4   299.7   330.1   351.0   374.5   403.8   452.0   576.7  1233.3  2581.5  90319.8    90515
read      312.3   161.6    80.4   149.3   167.6   288.4   346.4   379.7   403.9   435.0   478.8   550.4   736.8  1486.2  3471.6 109479.6   109283
read      256.4    79.9    86.8   141.0   156.1   258.0   292.5   309.7   320.7   335.4   352.6   379.2   435.7   564.1  1590.6  26632.2    26699
read      262.0   102.9    86.8   136.5   150.7   263.1   305.3   324.5   337.9   353.1   371.9   401.4   464.3   563.7  2072.0  37568.6    37400
read      253.2   142.0    86.8   146.5   162.5   248.9   279.9   295.1   306.5   318.6   336.8   364.7   429.7  1090.3  7665.7  19274.8    19307
read      232.0    85.4    86.8   151.2   166.0   225.6   251.0   265.3   274.6   287.0   301.4   324.2   375.8   523.7  3568.5  11442.8    11527
read      266.2   121.0    74.4   132.2   146.5   244.3   304.6   334.7   355.3   378.4   406.8   453.6   573.0  1243.8  2929.8  83632.2    83787
read      253.6    85.9    86.8   143.0   159.1   253.7   285.8   301.9   313.4   326.8   344.0   371.2   431.0   559.8  3211.7  22341.2    22209
read      269.6   136.3    80.4   132.0   146.2   247.2   309.1   338.9   359.6   382.9   412.5   461.7   614.9  1127.9  3893.5  74988.2    75169
read      263.3   115.2    80.4   130.7   144.6   243.6   305.5   334.6   354.2   376.0   403.2   447.0   550.2   859.9  2536.5  73559.4    73833
read      270.2   129.3    80.4   134.1   149.2   248.5   306.0   335.8   356.7   380.4   410.7   460.8   593.5  1409.1  3365.2  94622.8    94641
read      263.7   108.6    86.8   131.4   145.1   250.1   310.2   336.7   354.5   374.0   398.9   434.7   518.8   705.3  2468.7  61373.4    61338
read      263.4   123.3    80.4   131.3   145.5   240.6   299.5   329.4   349.6   373.1   401.7   448.9   576.9  1313.6  2931.5  91739.0    91825
read      263.1   134.3    80.4   130.1   143.7   241.3   303.6   333.4   353.5   375.7   403.2   448.4   561.2   914.1  4470.6  77085.2    77235
read      262.8    93.2    80.4   136.3   150.6   263.5   305.9   325.4   339.1   355.1   374.0   403.8   472.0   593.2  1905.9  37207.4    37257
read      259.0    93.6    86.8   138.4   152.7   261.8   298.8   316.3   328.6   342.2   360.9   388.9   447.3   569.8  3488.8  32015.0    32057
read      281.4   177.2    80.4   138.1   153.8   258.3   313.1   342.7   364.4   390.1   423.8   481.2   648.8  1816.1  7382.0 108502.8   108618
read      259.9   104.1    80.4   129.6   143.2   241.0   303.6   332.8   352.0   373.0   399.2   437.0   530.5   744.3  1540.2  73119.4    72930
read      261.6    98.8    80.4   133.3   147.6   259.6   306.8   328.0   342.1   359.3   379.8   411.3   480.1   639.0  2234.6  43623.2    43714
read      257.6   115.9    80.4   129.4   142.9   235.3   295.2   325.2   345.5   368.8   396.9   437.5   539.8   996.8  2507.4  87223.6    87369
read      259.7   101.1    80.4   129.8   143.1   248.4   306.2   331.4   347.8   367.2   391.5   428.0   507.3   672.2  1543.9  56631.8    56640
read      266.4   127.4    80.4   132.7   147.4   243.8   300.8   330.8   351.6   375.5   405.9   456.6   590.1  1315.7  3261.6  97394.6    97360
read      262.0   130.0    80.4   129.7   143.3   239.5   301.1   330.9   350.9   373.5   401.4   445.3   550.2  1163.2  4367.7  79644.4    79788
read      231.5    58.5    93.8   152.3   167.3   226.2   251.6   265.1   273.8   285.9   299.7   322.1   375.9   459.3  1349.9  11413.0    11352
read      261.9   123.7    80.4   130.4   144.4   238.9   298.7   329.3   349.8   372.8   401.5   446.2   565.8  1211.2  3008.9  87978.2    87962
read      266.0   102.3    80.4   138.1   152.2   265.4   310.1   330.7   344.2   360.9   380.6   411.6   481.6   653.3  2409.0  40601.2    40663
read      267.1   133.2    80.4   131.9   146.1   253.3   312.0   338.0   355.5   374.4   399.5   436.8   542.8  1069.0  3474.2  59407.2    59386
read      272.6   149.7    80.4   134.5   149.0   263.6   315.5   339.3   355.8   374.0   398.9   436.6   550.5  1431.9  7575.0  48202.0    48302
read      246.0    96.6    80.4   144.1   160.4   243.3   273.9   288.9   298.8   311.8   327.2   351.4   406.6   636.7  4498.1  19427.2    19398
read      261.6   109.9    86.8   130.3   144.1   239.9   301.6   331.9   352.3   375.0   403.2   448.3   556.7   890.9  1807.3  82160.4    82197
read      264.9   117.3    80.4   130.0   143.9   243.0   305.3   335.3   355.7   378.6   407.4   454.8   594.3  1050.9  2434.0  77256.8    77387
read      263.2   112.0    80.4   130.5   144.3   245.1   307.2   336.2   355.7   376.9   403.1   444.5   538.3   745.1  1737.7  72788.0    72753
read      219.0    61.5    86.8   152.0   164.3   212.0   233.2   246.4   255.1   267.1   281.5   305.4   359.8   460.1  1992.7   7755.4     7720
read      263.7   100.0    80.4   133.0   147.2   261.3   310.4   332.2   346.2   363.8   385.2   417.9   489.3   669.6  2223.3  46131.0    46279
read      264.0   116.6    80.4   134.3   148.8   263.1   309.1   329.8   343.5   360.2   379.8   410.3   478.5   645.0  4125.4  42019.0    42102
read      263.2   113.2    80.4   131.6   145.8   242.2   301.2   331.4   352.1   375.3   403.9   449.7   555.2   954.7  2100.2  90665.2    90892
read      261.1   101.4    80.4   133.2   147.4   260.8   305.1   324.9   338.8   354.8   373.8   403.3   470.5   861.5  2906.9  39871.8    39976
read      259.4   100.8    80.4   129.2   142.5   246.6   306.9   333.0   350.0   369.6   393.8   429.0   506.9   654.3  1103.2  61170.8    61084
read      242.1    69.6    86.8   146.5   162.6   239.3   268.4   283.3   293.2   305.8   320.2   345.2   398.2   499.8  1838.0  16687.0    16735
read      265.3   101.0    80.4   133.4   147.5   262.7   312.1   334.3   349.1   366.6   388.5   421.2   493.7   677.2  2341.5  45833.8    45909
read      259.7    87.1    80.4   139.7   154.6   262.2   298.0   315.1   327.2   341.0   359.5   387.5   446.0   585.8  2099.8  28905.8    28976
read      255.8   108.9    80.4   128.3   141.7   234.5   295.4   325.6   345.6   368.1   395.6   435.7   531.1   778.8  1703.1  84671.6    84704
read      274.7   153.1    80.4   134.7   150.2   250.9   307.8   337.5   358.8   383.7   415.9   467.7   632.2  1769.3  4825.1 101600.2   101822
read      263.7   115.2    80.4   131.7   146.1   243.0   300.9   330.8   351.3   374.3   403.2   450.1   559.8  1057.1  1993.6  92331.8    92571
read      231.9    69.4    93.8   150.4   165.2   226.4   251.7   265.7   274.6   287.3   302.2   325.9   384.6   492.6  2364.9  12123.4    12106
read      261.9   114.7    80.4   130.0   143.4   250.1   308.7   333.9   350.5   369.5   393.5   428.8   509.2   797.2  3414.1  58521.8    58568
read      263.5   124.1    80.4   131.9   145.7   256.6   310.1   333.6   349.2   367.3   390.1   424.0   498.6   663.5  4457.3  51318.4    51319
read      259.8   172.9    86.8   144.4   160.8   254.6   286.1   302.1   313.2   326.0   343.2   372.3   458.5  2177.5  7911.4  21556.8    21556
read      238.0    65.4    93.8   149.8   165.5   232.9   261.3   274.9   285.8   297.0   313.5   338.5   394.0   547.5  1926.8  14208.2    14191
read      260.8    82.0    80.4   140.1   155.3   263.3   299.8   317.2   329.9   343.5   362.6   391.4   451.6   544.9  1151.7  28835.2    29072
read      242.0    95.5    86.8   147.3   163.5   238.6   267.2   281.5   291.6   303.7   318.5   343.2   398.0   521.3  3219.8  16206.0    16350
read      262.6   118.4    80.4   131.0   145.0   240.9   300.8   330.9   351.3   374.2   402.7   447.9   561.7  1072.2  2024.6  86918.0    86891
read      272.0   139.5    80.4   135.4   150.4   250.0   305.2   334.9   356.1   380.8   412.3   463.7   611.7  1490.1  3458.6 104474.4   104441
read      227.2    83.2    86.8   153.4   166.6   220.0   243.4   256.7   266.8   277.7   292.7   316.8   370.1   463.9  3176.8   8924.8     8906
read      266.3   119.6    80.4   134.7   148.8   264.8   311.2   332.3   346.1   363.5   384.3   415.8   486.2   937.6  3965.3  42100.2    42175
read      264.0   100.3    80.4   132.5   146.3   257.3   311.6   335.8   351.8   369.8   392.7   426.8   502.3   641.5  1501.0  51675.8    51797
read      261.7   118.8    80.4   129.4   143.0   240.2   302.3   332.0   351.9   374.0   401.7   445.3   551.3  1144.3  2179.8  76619.2    76678
read      247.8    73.4    86.8   144.4   160.9   247.1   278.3   292.8   303.4   315.7   332.2   357.3   407.7   499.0  1993.9  19706.2    19630
read      268.5   142.1    80.4   133.6   148.4   245.6   302.0   331.5   352.1   376.0   405.8   456.4   596.5  1606.6  3707.5 100175.6   100132
read      265.0   117.3    80.4   135.8   149.9   264.4   308.9   329.6   343.4   360.4   380.8   412.9   482.7   616.1  3441.4  40381.6    40498
read      279.0   141.5    80.4   137.3   152.8   256.3   312.1   342.0   363.8   389.4   423.2   478.3   638.2  1668.5  3485.6 108498.4   108559
read      251.4    74.8    86.8   140.7   156.4   252.5   285.0   300.8   312.3   324.9   341.8   367.9   425.4   525.1  1614.0  24047.8    23964
read      263.2   133.4    80.4   129.6   143.1   242.8   305.0   333.9   353.3   374.4   401.1   441.6   543.5  1283.9  3936.1  70577.4    70760
read      273.7   122.6    80.4   136.4   151.6   253.8   310.3   339.7   360.8   385.1   416.3   466.1   592.1  1197.6  2671.8  99418.2    99567
read      289.3   142.6    80.4   141.0   157.7   267.6   323.7   354.3   375.8   402.1   437.2   500.0   673.5  1541.9  3740.2 107419.8   107548
read      268.0   112.0    80.4   133.3   147.3   259.8   315.6   340.3   357.1   375.2   399.1   434.9   518.9   694.1  2908.2  53631.4    53742
read      275.6   137.0    80.4   136.5   151.8   253.7   309.4   339.0   360.4   385.2   417.5   469.6   624.8  1621.1  3357.0 103792.6   103931
read      270.5   110.7    80.4   132.7   147.1   256.4   315.4   342.7   362.0   384.0   412.0   458.0   567.8   761.3  1179.1  60339.8    60359
read      228.9    99.7    93.8   151.4   165.9   220.2   245.6   259.5   269.4   280.9   295.2   319.1   378.1   626.6  4445.6   9725.8     9725
read      264.2    99.6    80.4   132.5   146.3   258.2   311.0   334.7   350.5   368.7   392.0   427.6   509.5   669.4  1207.9  51955.0    52014
read      265.4   116.1    86.8   135.8   150.0   266.0   309.0   328.8   342.2   358.7   378.4   410.8   492.0   689.8  3074.2  39919.0    40053
read      266.1   120.5    80.4   132.4   146.8   246.1   305.2   334.7   355.1   377.9   406.2   453.4   565.4   983.1  3344.1  86366.0    86436
read      255.5   100.2    86.8   141.8   157.9   257.3   289.1   305.3   316.1   329.6   345.6   372.8   433.3   558.9  4072.2  23969.2    23983
read      265.4   110.1    80.4   131.1   145.0   249.5   310.5   338.3   357.2   377.9   403.7   445.5   542.7   816.2  2474.7  66462.6    66595
read      259.1    86.4    86.8   141.4   157.1   261.4   294.6   311.1   321.8   336.5   354.3   383.2   450.3   640.3  2031.6  26138.0    26056
read      266.0   106.1    80.4   133.2   147.4   259.9   312.9   336.5   352.5   370.5   394.4   430.0   510.8   676.0  1888.0  51889.2    51764
read      265.7   111.1    80.4   136.4   150.6   266.4   309.6   329.5   342.8   359.2   378.4   410.2   486.5   719.1  2948.5  39996.2    40202
read      266.1   124.9    80.4   131.9   146.0   247.0   307.8   337.0   356.8   378.7   405.6   450.6   552.4   895.7  3043.7  76296.4    76665
read      230.5    68.7    93.8   150.5   165.7   224.1   249.2   262.7   271.8   283.8   297.9   323.1   387.1   534.0  2608.4  11170.0    11133
read      263.8   123.5    80.4   130.3   144.3   242.0   303.2   333.1   353.2   375.5   403.6   450.4   566.4  1163.1  2563.5  80368.0    80405
read      261.3   111.0    80.4   129.6   143.2   240.7   302.5   331.6   351.0   373.0   400.9   445.0   563.9   904.5  1863.2  79204.0    79106
read      267.3   129.3    80.4   132.3   147.0   245.5   302.8   332.5   353.1   376.6   407.1   458.4   598.1  1228.4  3371.7  97343.4    97258
read      262.6   112.3    80.4   136.2   150.5   263.1   303.9   322.3   335.9   350.8   370.3   401.3   471.2   776.1  3433.4  36443.4    36307
read      267.8   151.0    80.4   140.4   155.8   265.3   301.4   318.9   331.9   345.5   366.5   399.0   504.8  1594.4  7373.6  28662.4    28636
read      259.7   113.0    80.4   133.0   147.0   259.3   302.9   322.7   336.9   352.6   372.0   402.7   471.6   636.2  3708.0  41551.4    41620
read      261.0   113.9    80.4   129.5   143.3   241.1   303.5   332.8   352.1   373.5   400.2   440.9   540.1   810.5  2727.4  75526.8    75736
read      263.8   107.7    80.4   136.1   150.6   262.3   308.3   329.2   343.2   360.0   379.7   410.4   482.2   619.9  2337.2  44876.6    44979
read      261.8    90.8    80.4   141.5   156.8   264.6   300.5   317.3   329.8   343.4   362.4   390.0   451.7   561.8  1908.2  31410.0    31478
read      261.5   103.9    86.8   136.2   150.6   262.0   303.4   322.0   335.7   350.5   369.9   399.8   466.8   708.5  3438.2  37659.6    37586
read      271.9   126.3    80.4   136.1   151.4   251.0   305.6   334.9   355.9   380.2   411.7   463.3   612.2  1332.8  2619.8 108633.6   108330

Total QPS = 57412.8 (103342992 / 1800.0s)

Total connections = 64
Misses = 0 (0.0%)
Skipped TXs = 0 (0.0%)

RX 25525719518 bytes :   13.5 MB/s
TX          0 bytes :    0.0 MB/s
Warning! Detected max cpu usage > 95%
CPU Usage Stats (avg/min/max): 100.00%,50.00%,100.00%
