Random waveform, supplied seed
Total number of intervals = 20 (6927, 52892, 98921, 61129, 40613, 53226, 38560, 103465, 104758, 94759, 37799, 8296, 69443, 12517, 43591, 20430, 93758, 10485, 16518, 83230)
Average QPS expected = 52565
Timestamp start: 1778686310387
Timestamp end: 1778686610666

#type       avg     std     min      p5     p10     p50     p67     p75     p80     p85     p90     p95     p99    p999   p9999      QPS   target
read      317.1   459.4   109.4   178.3   193.7   260.6   286.4   300.8   312.3   325.6   345.2   405.5  1676.9  7731.8  9739.4   6920.6     6927
read      364.9   345.6    93.8   158.1   175.0   305.8   376.9   416.7   446.3   482.6   534.0   632.6  1787.2  4424.0  8007.3  52778.2    52892
read      345.5   380.7    93.8   164.5   181.8   286.6   341.1   371.9   393.6   419.1   453.5   525.3  2348.7  5089.0  7992.4  98822.3    98921
read      342.9   267.3    86.8   156.1   172.3   295.5   365.1   403.3   432.7   469.1   522.6   621.7  1240.5  3434.6  7709.5  61057.3    61129
read      374.8   339.6    93.8   157.8   175.4   316.9   388.9   427.2   454.4   486.2   529.9   624.3  2037.5  3580.8  7888.4  40662.4    40613
read      346.2   267.8    86.8   157.0   174.0   304.3   374.0   412.6   440.6   474.8   521.7   597.8  1204.6  3449.2  8007.4  53198.2    53226
read      377.0   376.4    93.8   159.2   176.9   317.2   386.7   423.6   449.8   480.6   524.4   620.4  2076.7  4295.5  9338.0  38564.6    38560
read      324.7   283.1    93.8   167.4   185.1   288.1   341.6   371.4   392.7   417.3   448.9   503.8  1030.5  4117.7  9038.1 103397.8   103465
read      308.8   183.8    86.8   164.6   181.8   283.1   336.1   365.9   386.8   410.3   440.0   490.9   731.0  2436.8  6407.6 104745.0   104758
read      301.9   174.0    86.8   159.9   176.1   276.9   332.6   363.2   383.9   406.3   434.9   482.4   691.7  2116.5  6582.8  94743.4    94759
read      374.7   350.7    93.8   156.1   174.5   318.5   388.1   425.6   452.0   482.8   526.3   622.6  2000.3  3784.3  8009.5  37699.2    37799
read      278.9   180.5   109.4   176.2   191.1   258.9   286.1   300.9   312.4   325.5   343.8   380.2   888.5  2110.4  7313.5   8260.2     8296
read      322.3   256.6    86.8   154.9   170.2   280.8   345.2   380.3   405.7   437.4   480.4   553.5  1049.2  3580.9  7842.8  69511.4    69443
read      303.4   229.8   109.4   176.4   193.7   279.6   312.1   329.8   342.2   358.1   377.8   423.0  1063.0  2762.1  7923.1  12539.2    12517
read      396.7   449.4    86.8   160.1   178.1   319.7   393.6   434.1   463.2   499.0   548.0   671.3  2471.8  6136.2 10065.8  43604.6    43591
read      337.5   247.0    93.8   170.1   188.7   307.1   353.5   376.6   394.0   414.9   443.5   506.6  1358.5  2756.4  7785.1  20441.4    20430
read      326.1   293.3    86.8   163.2   179.8   281.5   337.0   367.8   389.1   413.6   446.5   511.4  1362.4  3840.1  7863.3  93732.8    93758
read      296.5   209.4   101.3   179.6   196.6   274.4   304.5   320.2   333.0   346.2   367.9   408.9   943.4  2738.7  7722.0  10508.4    10485
read      324.6   234.6    93.8   175.1   194.0   299.0   338.6   359.8   373.8   393.0   418.7   470.0  1175.6  2549.8  7764.0  16520.9    16518
read      331.7   289.9    86.8   159.5   175.4   282.4   345.2   380.5   405.5   437.7   486.8   583.1  1227.5  4000.7  7937.4  83207.3    83230

Total QPS = 52545.8 (15763728 / 300.0s)

Total connections = 64
Misses = 0 (0.0%)
Skipped TXs = 0 (0.0%)

RX 3893640816 bytes :   12.4 MB/s
TX          0 bytes :    0.0 MB/s
Warning! Detected max cpu usage > 95%
CPU Usage Stats (avg/min/max): 99.72%,50.25%,100.00%
