Random waveform, supplied seed
Total number of intervals = 60 (6927, 52892, 98921, 61129, 40613, 53226, 38560, 103465, 104758, 94759, 37799, 8296, 69443, 12517, 43591, 20430, 93758, 10485, 16518, 83230, 5484, 55611, 20774, 96726, 32442, 73039, 74055, 51197, 59442, 35654, 78747, 42212, 52488, 36950, 16762, 79473, 61431, 87172, 108181, 80515, 37149, 13444, 72057, 70041, 90162, 52082, 24258, 72013, 58012, 45398, 50177, 34504, 66010, 73937, 55020, 53235, 97743, 5419, 14764, 7451)
Average QPS expected = 53209
Timestamp start: 1778935307560
Timestamp end: 1778935607848

#type       avg     std     min      p5     p10     p50     p67     p75     p80     p85     p90     p95     p99    p999   p9999      QPS   target
read      233.9    86.7   101.3   157.5   170.5   228.5   251.3   263.7   272.0   282.8   295.4   318.1   378.8   698.9  4039.1   6862.6     6927
read      265.0   100.9    74.4   133.1   148.3   254.6   306.8   332.6   350.6   371.9   398.1   434.9   507.8   635.0  1982.7  52868.8    52892
read      248.3   114.6    74.4   126.0   139.7   227.1   278.4   306.6   326.7   351.5   383.8   429.7   536.7   900.6  2777.2  98846.2    98921
read      258.9   106.7    74.4   128.8   143.2   243.8   299.0   326.4   345.5   369.3   396.8   435.4   509.0   638.6  2620.5  60933.4    61129
read      277.9   132.6    80.4   139.0   154.5   268.5   317.8   342.8   362.0   383.6   408.4   449.0   542.9  1081.8  5584.0  40589.6    40613
read      279.0   124.6    74.4   131.7   146.9   260.0   319.2   353.3   378.3   405.5   438.7   489.0   592.3   846.5  2148.4  53260.4    53226
read      278.6   109.0    80.4   139.4   155.2   271.3   320.6   346.2   365.9   387.6   413.2   451.3   532.9   741.0  2865.9  38576.8    38560
read      255.1   142.4    74.4   127.2   141.3   230.8   282.0   310.2   330.9   356.0   389.2   438.2   594.5  1647.3  3663.4 103553.0   103465
read      252.2   106.7    74.4   128.8   142.9   232.4   282.9   310.5   330.7   355.1   386.8   432.8   540.8   856.7  2044.1 104931.8   104758
read      246.9   104.7    68.9   124.9   138.9   226.6   278.0   306.1   326.2   350.7   383.3   427.4   526.9   800.4  2025.5  94633.6    94759
read      273.3   100.3    74.4   139.9   155.4   268.8   315.3   338.5   355.3   374.6   398.6   433.3   505.2   657.5  1911.5  37630.6    37799
read      231.6    79.2    93.8   154.2   167.0   225.9   251.2   264.2   272.5   283.8   296.6   319.3   374.0   657.8  4548.6   8279.8     8296
read      306.3   276.0    74.4   127.5   142.0   252.8   320.2   364.6   398.6   437.7   491.2   584.7  1165.3  3889.0  7648.0  69395.6    69443
read      247.7   115.8    93.8   154.3   168.0   241.5   269.4   283.7   293.4   305.8   320.1   345.4   419.8  1517.0  3958.5  12500.4    12517
read      282.9   175.8    80.4   133.3   148.7   261.7   316.6   345.3   367.7   391.5   419.6   463.2   673.2  2639.7  3969.8  43424.2    43591
read      268.5   127.0    93.8   149.9   164.6   263.4   297.6   315.3   328.2   343.1   364.1   396.1   492.5  1716.8  4112.8  20483.8    20430
read      307.2   270.5    68.9   126.8   141.2   239.8   303.4   346.6   386.1   438.9   522.4   684.7  1289.7  3368.4  7025.7  93898.6    93758
read      242.6    73.9    86.8   156.0   169.9   239.0   264.8   277.7   287.5   297.3   313.4   337.1   395.4   901.9  2614.1  10587.8    10485
read      259.8    85.9    93.8   154.5   169.9   259.0   288.8   304.0   314.7   327.4   343.4   371.2   434.5   819.3  2125.7  16547.2    16518
read      294.4   236.1    74.4   123.6   137.9   239.2   307.1   351.7   388.4   431.6   489.6   596.4  1065.8  3023.7  7085.1  83094.8    83230
read      214.4    79.4    93.8   148.3   158.0   205.2   226.2   238.6   247.8   258.1   272.3   295.1   363.0  1095.2  3020.2   5542.0     5484
read      276.5   154.7    74.4   126.9   141.2   252.0   313.2   346.3   371.6   399.2   431.9   482.4   652.8  1898.5  2970.6  55601.4    55611
read      264.2   109.5    86.8   148.7   164.0   261.4   295.4   312.8   324.6   339.3   358.2   386.8   458.4  1511.1  2546.6  20840.2    20774
read      266.4   178.0    74.4   126.9   140.9   231.8   286.1   316.1   339.4   368.9   407.0   475.4   837.5  2287.6  4796.1  96516.8    96726
read      276.9   102.6    80.4   144.6   160.9   275.5   317.3   338.4   353.7   372.0   395.5   428.3   500.8   739.3  2248.6  32445.0    32442
read      280.0   166.7    74.4   124.5   138.6   243.3   309.4   349.6   381.5   417.8   462.2   532.4   749.3  1812.1  3060.1  72992.6    73039
read      275.3   170.1    74.4   121.2   134.9   237.6   303.4   343.2   374.8   410.6   454.2   521.0   760.7  1970.9  4070.4  74089.6    74055
read      277.9   138.7    74.4   129.4   144.2   257.6   317.1   349.6   373.1   400.0   432.8   479.8   613.4  1577.6  2979.9  51274.2    51197
read      278.4   166.9    74.4   125.6   140.2   250.3   312.6   347.7   374.6   403.8   440.7   496.8   689.8  2124.9  4312.5  59453.8    59442
read      276.7   119.4    86.8   139.4   154.5   267.9   316.3   341.2   359.7   380.3   403.8   440.3   531.2  1462.1  2692.4  35492.2    35654
read      292.4   230.1    74.4   124.6   138.9   242.4   310.5   354.6   389.5   430.2   482.7   574.7   947.8  2976.5  7074.9  78708.0    78747
read      272.7   123.1    74.4   132.9   148.1   260.7   314.4   341.5   361.9   384.7   410.5   449.4   537.4  1315.0  2665.7  42159.0    42212
read      275.1   133.2    68.9   128.9   143.4   254.9   315.1   348.2   373.0   399.3   430.7   477.4   594.2  1248.9  3087.2  52421.6    52488
read      275.3   120.9    74.4   138.0   152.9   266.2   316.0   341.2   359.9   380.7   403.4   440.7   536.2  1359.1  2440.8  37155.0    36950
read      258.5    88.7    86.8   153.8   168.7   256.7   287.1   302.4   313.3   325.8   342.3   369.3   435.0  1106.9  2675.5  16793.2    16762
read      294.0   239.3    74.4   126.0   140.4   243.6   310.5   354.1   389.7   431.2   485.7   580.2   916.3  2940.5  8356.9  79317.8    79473
read      294.4   238.5    74.4   128.8   143.2   254.9   318.9   357.6   386.8   419.6   459.4   526.9   910.3  3133.1  7817.7  61194.8    61431
read      340.4   356.6    68.9   128.9   143.6   250.3   321.1   374.3   420.5   482.3   576.3   789.9  1759.5  4392.1  7819.8  87331.2    87172
read      273.0   224.6    74.4   130.0   144.9   239.0   291.7   320.6   342.8   369.8   404.4   464.6   778.5  3376.4  7642.4 108263.8   108181
read      252.1   104.6    74.4   125.3   139.4   231.3   286.1   315.3   336.7   362.5   394.3   439.0   540.8   791.6  1309.6  80418.2    80515
read      273.1   119.0    74.4   137.9   152.7   265.1   312.1   335.8   353.0   373.5   397.9   433.9   528.8  1381.3  2823.8  37147.2    37149
read      245.1    78.5    93.8   152.5   166.3   240.8   269.9   285.0   295.0   307.7   321.4   346.7   405.8   827.5  2498.2  13422.6    13444
read      294.0   254.3    74.4   125.0   139.4   246.5   313.5   355.8   388.3   425.0   470.9   547.2   909.5  3458.1  7666.4  71871.0    72057
read      281.0   192.2    74.4   122.6   137.0   242.0   307.8   348.0   380.5   416.3   460.3   527.6   755.2  2667.7  4357.2  69943.8    70041
read      340.4   347.5    74.4   128.1   143.0   249.9   318.1   370.6   417.9   485.4   595.1   828.3  1741.2  4020.4  7562.3  90367.0    90162
read      284.0   163.6    80.4   129.4   144.1   258.8   319.8   355.1   380.9   409.5   444.3   498.7   671.9  2140.3  3837.0  52227.2    52082
read      269.9   104.0    80.4   146.9   162.8   266.9   304.5   323.2   337.3   353.5   374.1   404.5   481.8  1054.7  2561.2  24241.6    24258
read      288.4   201.6    74.4   124.3   138.8   245.4   313.4   356.9   389.9   427.9   475.1   550.4   817.6  2705.7  4573.5  71981.6    72013
read      283.8   174.6    74.4   126.8   141.2   254.2   317.7   355.0   381.7   412.1   449.8   505.3   713.5  2332.8  4320.1  57693.8    58012
read      271.1   141.6    74.4   128.8   143.1   255.3   310.4   339.8   362.1   386.9   415.4   458.0   564.0  1350.4  3886.2  45378.6    45398
read      277.2   151.6    74.4   128.0   142.4   256.2   314.7   347.2   371.6   398.4   431.0   479.1   616.5  1857.0  3765.6  50221.8    50177
read      276.2   145.9    80.4   138.1   153.1   265.4   312.8   337.7   356.1   377.2   401.6   438.7   540.6  1695.0  3096.4  34537.8    34504
read      287.6   194.6    74.4   124.9   139.4   250.5   316.6   356.8   386.9   421.7   464.4   533.4   803.8  2492.4  4903.3  65940.6    66010
read      283.5   188.2    74.4   122.0   136.0   240.8   308.2   350.4   384.5   423.2   471.2   548.3   834.5  2365.6  4073.2  73779.2    73937
read      283.7   162.7    74.4   128.7   143.3   257.6   319.1   355.3   381.6   410.5   446.1   500.7   684.2  2166.7  3599.1  55017.6    55020
read      280.1   155.2    74.4   128.7   143.4   257.0   317.6   352.0   376.8   403.7   437.4   489.9   629.2  1991.7  3439.7  53134.6    53235
read      266.3   199.8    74.4   127.8   141.9   233.7   286.9   315.9   337.9   365.2   400.2   457.0   741.9  3032.8  5318.5  97690.4    97743
read      225.9    91.7   101.3   152.8   164.4   218.7   242.4   254.4   263.7   273.3   288.1   311.5   371.6   793.3  3057.5   5459.0     5419
read      257.0   109.5    86.8   153.9   168.8   252.3   282.3   297.3   309.3   321.2   339.7   367.6   439.9  1186.4  4252.4  14670.6    14764
read      225.2    74.7   101.3   151.2   162.7   216.9   241.9   254.6   264.6   274.6   290.4   314.0   376.2   914.3  2622.2   7450.2     7451

Total QPS = 53184.8 (15955428 / 300.0s)

Total connections = 64
Misses = 0 (0.0%)
Skipped TXs = 0 (0.0%)

RX 3940990716 bytes :   12.5 MB/s
TX          0 bytes :    0.0 MB/s
Warning! Detected max cpu usage > 95%
CPU Usage Stats (avg/min/max): 99.74%,49.75%,100.00%
