Random waveform, supplied seed
Total number of intervals = 20 (6927, 52892, 98921, 61129, 40613, 53226, 38560, 103465, 104758, 94759, 37799, 8296, 69443, 12517, 43591, 20430, 93758, 10485, 16518, 83230)
Average QPS expected = 52565
Timestamp start: 1778894873126
Timestamp end: 1778895173398

#type       avg     std     min      p5     p10     p50     p67     p75     p80     p85     p90     p95     p99    p999   p9999      QPS   target
read      231.0    93.7    93.8   156.0   168.2   225.6   247.8   260.1   269.1   279.5   293.6   316.6   373.3   877.7  3991.4   6886.3     6927
read      270.6   118.5    74.4   129.0   143.4   251.8   310.4   343.7   367.3   393.1   424.6   473.4   575.2   787.2  2113.5  52981.1    52892
read      252.9   129.1    68.9   125.5   139.4   226.5   278.4   307.6   328.8   355.4   389.0   442.6   654.0  1393.4  2779.3  98929.6    98921
read      256.5   107.8    74.4   127.6   141.9   240.9   296.9   324.2   344.6   366.9   392.5   427.5   502.2   672.8  2800.9  61165.9    61129
read      271.7   106.0    74.4   135.6   151.1   262.6   313.9   341.6   360.5   380.7   403.7   439.7   525.4   716.6  1749.3  40578.3    40613
read      271.0   124.2    74.4   129.0   143.3   251.2   310.3   343.9   367.6   393.7   425.7   474.7   579.3   888.6  2774.1  53168.3    53226
read      271.8   107.2    74.4   135.8   151.4   262.4   313.2   340.7   359.8   380.1   403.1   438.4   524.5   750.0  2271.1  38631.1    38560
read      249.6   127.2    74.4   126.9   140.6   226.8   277.1   305.7   325.8   350.4   381.4   428.2   553.5  1301.1  3392.5 103478.8   103465
read      250.9   116.5    68.9   127.7   141.4   229.1   280.0   308.3   328.6   353.7   385.3   433.5   565.8  1015.8  2573.6 104725.5   104758
read      247.0   110.6    74.4   125.5   139.2   225.8   278.1   306.8   326.8   351.3   381.5   425.5   534.3   863.1  2339.1  94609.5    94759
read      275.5   146.1    74.4   137.2   152.4   263.5   313.0   339.9   358.8   379.0   402.5   439.3   539.4  1846.5  4469.0  37838.6    37799
read      230.5   134.3    93.8   151.8   163.5   220.9   243.2   255.1   264.9   274.7   290.4   314.7   391.9  1928.1  4840.8   8344.8     8296
read      276.3   202.6    68.9   121.1   134.6   236.9   300.8   339.1   368.7   402.8   449.9   523.4   788.2  2842.1  6048.5  69495.2    69443
read      238.2    94.3    86.8   151.4   164.6   233.3   259.5   272.9   283.2   294.3   310.1   335.4   395.6  1011.6  3562.8  12494.7    12517
read      269.2   135.8    74.4   129.6   144.0   252.9   307.0   336.4   357.7   380.2   406.1   448.3   548.0  1787.1  3306.2  43518.7    43591
read      260.6   105.0    80.4   149.2   164.4   256.1   289.0   306.1   317.5   333.6   353.8   382.3   452.2  1334.9  2831.4  20432.5    20430
read      321.7   351.5    68.9   124.6   139.0   238.2   303.1   347.7   388.3   446.5   536.3   727.6  1747.7  4239.0  8091.9  93718.5    93758
read      241.2   124.3    93.8   155.3   168.4   233.6   259.0   272.4   282.7   294.1   310.3   336.5   401.9  1288.8  7160.4  10475.5    10485
read      255.1   101.0    86.8   153.1   168.0   249.8   279.6   295.1   306.5   318.6   337.7   366.3   432.8  1290.1  3000.8  16510.1    16518
read      311.8   289.7    74.4   126.9   141.0   243.7   310.8   357.5   396.1   449.2   526.0   668.5  1300.4  3742.4  7584.1  83305.9    83230

Total QPS = 52564.5 (15769336 / 300.0s)

Total connections = 64
Misses = 0 (0.0%)
Skipped TXs = 0 (0.0%)

RX 3895025992 bytes :   12.4 MB/s
TX          0 bytes :    0.0 MB/s
Warning! Detected max cpu usage > 95%
CPU Usage Stats (avg/min/max): 99.72%,50.00%,100.00%
