Random waveform, supplied seed
Total number of intervals = 360 (6927, 52892, 98921, 61129, 40613, 53226, 38560, 103465, 104758, 94759, 37799, 8296, 69443, 12517, 43591, 20430, 93758, 10485, 16518, 83230, 5484, 55611, 20774, 96726, 32442, 73039, 74055, 51197, 59442, 35654, 78747, 42212, 52488, 36950, 16762, 79473, 61431, 87172, 108181, 80515, 37149, 13444, 72057, 70041, 90162, 52082, 24258, 72013, 58012, 45398, 50177, 34504, 66010, 73937, 55020, 53235, 97743, 5419, 14764, 7451, 48208, 16149, 78989, 18886, 75954, 44409, 16431, 85707, 58253, 103867, 21604, 90401, 84467, 99700, 32052, 18173, 67789, 51929, 83850, 18614, 29315, 108090, 27024, 49907, 9150, 34328, 51881, 14569, 81517, 78694, 93409, 39093, 18729, 70818, 21942, 91810, 39588, 40957, 62645, 15539, 107672, 32954, 58866, 23739, 54701, 60706, 72350, 58661, 34912, 103268, 38703, 83358, 57408, 86837, 33517, 66204, 73758, 99742, 109462, 94453, 44096, 100467, 8576, 59359, 7614, 60329, 43762, 67038, 26095, 71173, 109276, 13150, 61250, 84472, 82226, 27671, 98736, 106314, 105027, 96867, 89493, 50538, 22083, 48618, 94298, 63579, 64573, 77178, 29824, 64495, 20917, 85651, 61935, 50216, 72251, 71798, 19701, 24952, 81838, 26648, 24837, 29420, 103882, 70314, 61679, 49557, 19325, 9128, 94933, 24327, 71896, 93771, 20452, 42338, 72627, 80603, 49049, 92305, 56889, 78036, 71583, 72609, 107382, 86530, 16550, 84534, 72631, 49291, 62175, 80213, 16566, 53985, 101949, 24076, 52574, 106271, 105451, 86087, 29108, 101115, 74326, 75832, 94901, 15809, 28874, 51882, 32653, 41676, 63019, 99164, 47055, 62394, 98519, 32122, 49464, 24034, 77363, 91698, 38997, 86028, 83012, 15024, 56640, 97362, 107412, 65030, 79278, 47544, 105368, 58181, 56960, 14849, 63672, 48289, 11797, 10781, 49362, 102119, 46213, 97025, 18351, 21426, 43013, 67376, 36043, 6255, 102499, 26263, 56974, 40869, 46514, 11431, 58600, 68058, 54502, 64022, 52142, 101375, 40606, 47485, 48977, 38615, 80279, 75843, 67095, 41325, 55752, 85561, 14194, 88002, 90515, 109283, 26699, 37400, 19307, 11527, 83787, 22209, 75169, 73833, 94641, 61338, 91825, 77235, 37257, 32057, 108618, 72930, 43714, 87369, 56640, 97360, 79788, 11352, 87962, 40663, 59386, 48302, 19398, 82197, 77387, 72753, 7720, 46279, 42102, 90892, 39976, 61084, 16735, 45909, 28976, 84704, 101822, 92571, 12106, 58568, 51319, 21556, 14191, 29072, 16350, 86891, 104441, 8906, 42175, 51797, 76678, 19630, 100132, 40498, 108559, 23964, 70760, 99567, 107548, 53742, 103931, 60359, 9725, 52014, 40053, 86436, 23983, 66595, 26056, 51764, 40202, 76665, 11133, 80405, 79106, 97258, 36307, 28636, 41620, 75736, 44979, 31478, 37586, 108330)
Average QPS expected = 57436
Timestamp start: 1778913548634
Timestamp end: 1778915349017

#type       avg     std     min      p5     p10     p50     p67     p75     p80     p85     p90     p95     p99    p999   p9999      QPS   target
read      230.0    87.6    93.8   152.9   165.4   222.0   245.9   260.8   270.9   283.2   297.1   321.1   388.4   877.8  2943.5   6889.4     6927
read      274.5   115.6    74.4   130.4   145.0   258.2   315.7   346.2   369.9   397.5   431.3   480.0   576.4   793.2  1547.1  52659.2    52892
read      255.0   133.8    68.9   128.3   142.5   231.7   283.4   311.1   330.7   354.3   386.2   433.4   580.2  1637.3  2937.6  98904.0    98921
read      259.6   103.7    74.4   130.4   145.0   244.2   301.3   327.9   345.8   367.9   394.8   432.5   509.1   648.5  1816.4  60995.0    61129
read      274.9    99.7    74.4   138.6   154.2   269.2   320.1   343.5   360.7   380.0   403.9   441.8   521.6   679.5  1274.4  40574.6    40613
read      277.0   129.2    74.4   130.9   146.1   258.7   318.2   349.8   374.1   400.6   433.1   481.5   581.5   939.6  3328.6  53288.4    53226
read      276.9   104.8    74.4   137.8   153.2   270.1   321.2   346.0   365.2   387.3   414.1   452.2   529.6   671.9  1920.5  38501.2    38560
read      258.7   135.8    74.4   130.0   144.8   235.1   286.2   313.6   333.4   357.4   389.4   438.1   602.2  1777.6  3239.1 103571.6   103465
read      254.4   112.8    74.4   129.9   144.6   234.6   285.3   312.3   331.7   354.8   385.9   431.5   543.3   969.8  2990.6 104880.0   104758
read      250.2   111.7    74.4   127.7   141.8   229.8   281.8   310.0   329.8   353.2   384.1   428.0   523.3   849.4  3550.0  95030.2    94759
read      279.1   106.6    80.4   141.5   157.5   274.2   322.2   345.0   362.7   382.7   406.6   443.5   528.8   860.1  2255.1  37817.8    37799
read      239.9   101.4    93.8   157.5   171.0   231.8   259.6   272.8   282.7   293.4   308.7   332.2   394.8   931.7  5303.4   8300.8     8296
read      314.2   303.4    74.4   128.2   142.9   256.0   322.0   365.2   399.8   442.7   499.7   609.1  1315.5  4428.5  7801.5  69440.4    69443
read      247.3    92.0    80.4   154.9   169.3   239.9   270.3   285.4   295.4   308.2   322.2   346.7   413.3  1308.6  2942.0  12458.2    12517
read      295.7   224.2    80.4   136.1   151.5   267.8   324.4   354.7   376.5   402.2   434.2   485.0   897.1  2934.1  7116.5  43535.6    43591
read      269.9   124.8    80.4   150.2   166.4   264.1   299.1   316.3   328.8   342.9   363.1   393.9   488.2  1892.8  3462.0  20446.0    20430
read      269.6   203.0    74.4   127.7   141.9   233.9   289.6   319.7   342.8   372.5   412.6   483.8   814.1  2314.0  8107.8  93769.4    93758
read      249.0    77.3    93.8   160.6   174.6   243.9   272.1   286.5   295.9   308.0   320.6   344.8   405.0   791.3  2695.2  10434.6    10485
read      259.1    88.0    86.8   152.5   168.1   256.5   289.1   305.0   315.5   328.7   344.9   371.6   436.8   947.6  2754.3  16488.8    16518
read      294.3   230.1    74.4   123.9   138.5   241.6   308.4   351.2   389.1   435.8   495.0   590.3  1002.3  2984.6  5218.9  83124.2    83230
read      214.8    80.7   101.3   147.1   156.8   205.4   226.3   237.2   248.5   260.9   274.7   297.4   383.3  1069.6  3093.5   5475.6     5484
read      276.2   174.3    74.4   126.6   140.7   249.8   311.9   343.7   368.6   397.7   432.5   482.7   616.6  2305.6  4374.1  55427.8    55611
read      270.7   115.8    86.8   149.9   165.9   267.3   303.5   320.5   333.8   347.5   368.4   398.8   482.1  1425.0  3659.0  20770.0    20774
read      266.7   203.4    74.4   128.0   142.5   234.3   287.6   315.8   336.6   362.3   396.6   454.6   732.4  3243.1  5880.2  96771.0    96726
read      274.8    98.6    68.9   141.4   157.9   272.7   316.3   337.6   352.5   370.4   394.4   429.5   505.1   662.9  1938.7  32505.2    32442
read      287.1   230.4    74.4   122.9   137.0   242.4   307.7   346.0   378.9   419.0   468.0   543.5   859.7  3250.9  5944.5  73325.4    73039
read      291.2   242.9    74.4   122.9   137.0   241.8   307.9   347.4   381.9   424.3   476.0   556.3  1049.0  2990.9  7446.0  74145.4    74055
read      280.4   166.7    74.4   129.8   144.1   258.0   316.5   348.2   373.0   400.7   435.1   484.6   603.8  2253.4  4673.4  51319.0    51197
read      280.3   221.8    74.4   124.0   137.9   248.6   309.5   342.6   369.2   400.3   439.8   499.7   724.5  2890.5  8035.8  59257.6    59442
read      276.8   132.5    80.4   137.0   152.1   267.1   316.2   340.8   359.0   379.7   404.5   444.4   537.3  1538.1  3985.9  35683.2    35654
read      292.5   223.4    74.4   124.8   139.0   242.9   309.9   351.1   386.8   430.4   487.4   577.8   939.1  2914.3  5102.6  78696.6    78747
read      279.8   147.3    74.4   134.6   149.8   265.3   319.9   347.3   368.1   391.6   419.9   460.8   557.8  1943.9  4301.0  42141.4    42212
read      287.0   177.6    80.4   130.5   145.4   259.8   320.7   354.6   380.5   410.3   446.9   500.7   696.2  2482.7  4327.1  52310.0    52488
read      277.1   121.3    74.4   138.2   153.5   267.6   318.2   342.8   361.5   382.7   408.1   447.4   535.4  1328.6  2890.1  36926.0    36950
read      275.4   177.3    80.4   156.7   173.8   265.6   298.5   315.1   326.9   340.7   360.5   394.6   551.4  2036.6  7933.9  16809.0    16762
read      329.4   308.2    74.4   131.1   146.5   259.1   329.0   378.3   420.9   473.1   547.9   704.6  1405.3  3994.0  7751.8  79389.0    79473
read      281.8   183.4    74.4   126.4   140.6   250.3   314.0   349.2   377.3   410.0   449.2   506.6   695.8  2524.2  4682.4  61314.4    61431
read      345.1   380.3    74.4   129.4   144.6   254.5   321.9   371.6   416.7   478.1   570.9   802.0  1939.7  4371.2  8298.1  87213.8    87172
read      276.8   232.1    68.9   132.0   147.4   243.0   294.4   321.9   343.0   369.6   403.8   465.8   816.5  3460.8  7569.0 108019.0   108181
read      252.6   109.1    74.4   126.7   140.6   231.7   287.4   316.0   336.2   359.9   390.6   435.1   541.5   804.7  1346.6  80494.6    80515
read      276.8   129.0    80.4   138.5   153.8   267.8   317.0   340.9   358.1   377.3   402.7   441.3   539.4  1489.5  3414.6  37070.2    37149
read      249.4    90.8    86.8   153.8   168.5   243.3   274.1   289.6   300.0   312.6   328.1   353.3   424.7  1094.0  2458.3  13394.4    13444
read      284.2   210.2    68.9   123.0   137.1   241.5   307.6   345.6   377.1   415.1   462.3   536.2   851.6  2945.1  4699.8  71923.4    72057
read      297.2   248.8    74.4   126.1   140.3   251.2   317.1   357.8   390.2   430.0   481.7   564.9   910.3  3614.9  7033.3  70020.2    70041
read      315.1   323.7    74.4   129.8   145.0   247.0   306.8   342.7   373.2   414.9   484.4   670.5  1577.3  4269.4  7832.7  90119.6    90162
read      266.0   102.8    74.4   134.2   149.8   256.0   308.8   333.8   350.9   371.3   397.2   433.4   507.8   649.6  2404.8  52162.2    52082
read      270.5   117.0    80.4   145.8   162.6   265.5   303.5   321.7   335.5   350.8   372.6   405.7   493.0  1667.8  3048.7  24261.6    24258
read      284.0   214.9    74.4   123.1   137.1   242.0   307.4   345.6   377.4   415.4   461.8   535.4   805.9  3172.0  5132.5  71915.2    72013
read      277.4   199.8    74.4   123.9   138.0   247.2   307.3   340.3   366.4   397.0   434.6   491.1   689.0  2885.1  5927.9  57973.2    58012
read      277.7   156.7    80.4   130.8   145.4   259.2   315.0   343.6   366.0   391.3   422.0   465.8   589.9  2175.2  4046.5  45495.2    45398
read      279.5   149.1    74.4   129.4   144.1   257.6   316.5   348.2   373.0   399.3   432.1   483.3   627.6  2032.1  3071.0  50193.6    50177
read      280.4   136.9    80.4   141.0   156.6   271.3   319.7   343.4   361.6   382.1   405.5   442.4   536.1  1834.8  3183.0  34463.6    34504
read      305.8   264.4    74.4   130.5   145.4   258.8   326.0   367.2   398.8   436.5   484.8   564.0  1027.2  3908.8  7559.5  66069.0    66010
read      298.3   257.7    74.4   126.1   140.4   247.2   313.8   355.2   389.6   430.3   483.0   572.6  1046.0  3702.9  7287.6  74037.8    73937
read      289.2   204.8    80.4   130.4   145.2   258.1   320.5   355.2   381.6   411.5   448.4   504.1   721.8  2959.2  5333.4  55035.6    55020
read      281.6   157.9    74.4   130.0   144.5   256.3   317.9   350.7   375.0   404.2   437.9   492.8   670.2  1986.7  3288.4  53391.4    53235
read      281.6   263.0    74.4   130.9   146.2   241.1   295.1   324.6   346.1   373.7   410.3   471.4  1011.1  3691.9  7468.5  97643.8    97743
read      227.5    98.3    80.4   154.6   166.3   219.0   240.8   254.7   264.7   274.8   289.5   312.3   373.3  1092.5  3961.6   5458.6     5419
read      253.1    87.8    86.8   153.1   168.5   247.8   279.8   295.0   306.2   318.1   335.4   362.2   430.2  1139.2  2086.7  14776.6    14764
read      227.9   113.9    93.8   151.3   163.1   218.0   241.6   255.8   266.0   276.6   291.9   315.6   388.6  1421.5  4156.0   7481.6     7451
read      281.1   165.9    68.9   132.3   147.3   259.7   318.5   348.5   371.2   397.9   429.3   475.0   594.0  2438.7  3653.8  47825.2    48208
read      254.0    81.6    80.4   151.0   166.8   250.0   282.5   297.7   309.3   321.0   338.7   365.6   434.5  1027.1  2008.1  16280.0    16149
read      301.0   274.7    74.4   124.9   139.4   244.1   311.1   354.1   390.8   435.3   493.6   589.6  1095.1  3861.5  7595.0  78788.4    78989
read      267.8   109.7    86.8   153.5   169.9   265.1   299.2   315.6   327.3   340.9   359.5   388.5   454.7  1262.3  3057.8  18913.8    18886
read      306.7   259.6    80.4   128.3   142.8   251.1   318.8   363.0   398.8   442.8   499.0   593.7  1194.3  3510.9  7013.7  75823.8    75954
read      278.3   138.9    74.4   133.8   149.0   261.9   319.0   347.0   368.5   393.2   422.3   463.1   571.7  1692.7  2910.0  44454.6    44409
read      254.9    94.5    93.8   150.4   165.7   249.5   282.8   298.9   310.6   322.8   340.2   366.8   433.4  1379.9  2561.1  16348.4    16431
read      322.8   330.1    74.4   126.6   141.1   246.2   313.5   360.4   401.6   457.7   535.0   701.1  1600.4  4098.3  7860.4  85642.0    85707
read      288.0   191.9    74.4   129.0   143.4   256.2   320.0   356.1   383.4   414.3   453.9   512.9   740.7  2775.2  4638.4  58182.2    58253
read      267.8   198.8    74.4   130.1   145.0   236.3   288.2   316.2   336.9   362.4   395.9   450.1   743.3  2934.2  5860.1 103943.6   103867
read      273.8    90.9    80.4   153.4   170.8   274.0   308.3   324.9   336.9   350.2   369.3   400.2   470.6   811.8  2006.1  21670.4    21604
read      281.8   230.6    68.9   127.8   142.3   237.5   294.4   326.2   350.6   383.2   428.5   524.9  1050.0  2997.8  7297.3  90247.6    90401
read      255.4   114.6    74.4   126.3   140.4   231.1   286.6   316.5   338.0   364.1   397.4   448.1   594.6  1092.7  1818.4  84292.4    84467
read      255.4   117.7    74.4   128.5   142.9   232.9   285.2   313.3   333.4   357.4   389.3   437.0   583.7  1241.7  2181.3  99666.0    99700
read      278.7   129.2    80.4   144.4   160.9   275.8   317.9   338.5   353.1   370.7   394.5   429.4   508.9  1080.4  4121.9  31838.0    32052
read      264.7    93.1    86.8   153.3   169.3   262.4   295.8   312.4   323.4   337.9   356.1   385.1   451.9   951.1  2563.3  18077.8    18173
read      302.7   228.0    74.4   130.3   145.3   258.9   326.5   369.5   402.6   441.7   492.6   572.3   891.8  3251.8  6517.6  67815.8    67789
read      287.8   195.1    80.4   131.1   146.1   261.0   321.8   355.6   380.8   409.5   445.7   500.4   696.1  2464.9  4635.1  51833.0    51929
read      297.9   251.1    68.9   125.9   140.4   243.8   308.8   350.2   387.9   435.9   498.7   595.2   987.2  3255.7  7536.5  83975.4    83850
read      270.8   146.3    86.8   153.6   169.4   264.0   298.0   314.9   326.8   340.7   360.2   392.0   496.8  1860.1  7106.5  18618.6    18614
read      275.8   123.8    74.4   142.6   158.6   268.5   312.9   334.7   349.6   368.7   392.6   427.5   525.3  1595.4  2760.2  29267.4    29315
read      273.7   245.6    74.4   130.4   145.6   238.5   289.8   317.2   338.1   363.9   398.3   458.7   777.0  3557.4  7304.1 108136.8   108090
read      276.4   101.1    80.4   148.7   165.0   276.1   314.8   333.8   346.2   364.1   385.7   417.8   492.3   819.2  2719.2  27054.0    27024
read      277.8   145.3    74.4   129.9   144.6   257.1   316.3   346.8   371.1   398.7   431.3   480.7   604.6  1716.8  3397.6  49855.0    49907
read      234.9   102.8    93.8   152.5   165.1   225.9   252.7   267.2   276.7   288.7   303.2   327.0   399.3  1517.6  2817.6   9160.2     9150
read      276.5   124.6    74.4   140.1   155.4   267.8   316.1   339.5   357.0   377.6   401.8   438.9   533.2  1368.7  3801.3  34340.0    34328
read      281.2   155.6    74.4   129.7   144.4   257.2   317.0   349.4   375.1   403.2   439.4   493.5   652.0  1946.2  3707.3  52043.8    51881
read      257.6    96.2    93.8   155.0   170.5   251.9   284.2   299.7   311.5   324.3   342.1   370.3   442.6  1337.5  2616.4  14549.8    14569
read      352.0   449.2    74.4   130.8   146.6   258.7   324.4   365.6   397.8   439.9   509.3   735.1  2802.2  4954.3  8110.1  81596.6    81517
read      254.5   110.7    74.4   126.8   141.1   233.3   289.7   318.6   339.0   363.2   393.8   437.9   544.6   815.2  2600.4  78653.0    78694
read      251.8   107.1    74.4   127.3   141.3   230.6   283.8   311.9   331.7   355.3   386.9   434.3   548.0   928.4  1943.7  93320.6    93409
read      277.6   136.3    74.4   138.7   154.5   269.0   317.5   341.3   359.1   379.7   406.2   447.7   541.3  1066.8  4136.3  39205.8    39093
read      267.5    79.5    86.8   154.0   170.7   267.9   300.8   317.0   328.8   342.0   360.9   389.4   450.7   640.5  1203.4  18743.6    18729
read      309.1   287.2    74.4   127.6   142.0   253.3   319.6   363.7   399.1   441.0   496.3   591.6  1275.3  3709.6  8050.9  70782.6    70818
read      273.4   110.1    80.4   150.6   166.9   268.3   305.2   323.3   337.1   352.9   373.3   404.6   500.1  1561.1  2772.0  21959.0    21942
read      286.4   287.1    74.4   129.0   143.9   240.2   295.8   325.8   347.7   376.5   415.8   487.5  1235.5  3710.5  7794.0  91818.6    91810
read      274.7   105.9    74.4   138.1   153.7   268.7   317.8   341.7   359.3   379.2   403.9   442.5   526.1   738.7  1640.7  39427.4    39588
read      282.1   139.4    74.4   136.7   151.8   267.2   321.5   349.8   370.9   395.5   426.3   470.0   576.8  1672.9  3019.5  40883.6    40957
read      300.5   220.4    74.4   129.7   144.6   259.3   325.1   366.4   398.3   436.5   486.0   565.1   941.2  2704.9  6901.6  62732.8    62645
read      257.8    86.2    93.8   154.3   169.5   253.7   285.9   301.9   313.1   326.1   343.2   371.1   439.4  1029.8  2530.3  15493.4    15539
read      281.3   241.9    74.4   131.4   147.3   245.5   296.9   324.9   345.4   371.9   408.7   478.2   917.8  3452.0  6895.7 107420.2   107672
read      275.4   137.1    80.4   141.9   157.8   271.2   314.3   335.5   349.9   368.3   392.1   427.7   503.0   988.5  5760.5  33006.6    32954
read      285.5   182.8    74.4   127.8   142.0   254.0   316.1   351.6   379.7   412.0   452.8   515.1   767.9  2389.8  4163.9  58898.0    58866
read      267.9   102.5    86.8   146.8   162.8   263.6   302.2   320.8   334.7   349.7   370.8   402.5   477.0  1111.8  2806.9  23736.6    23739
read      286.8   184.5    74.4   130.3   145.1   258.4   319.9   354.3   380.1   409.2   445.4   499.8   718.5  2678.4  4364.4  54651.8    54701
read      279.7   164.4    74.4   126.6   140.9   250.5   313.2   348.3   375.9   408.0   448.0   505.5   678.8  2161.8  4346.6  60669.0    60706
read      312.5   272.0    74.4   127.9   142.7   254.6   321.8   366.8   402.6   448.1   506.7   617.8  1341.8  3523.0  7400.1  72343.4    72350
read      294.9   216.2    74.4   131.3   146.7   261.4   324.8   362.7   391.5   424.8   464.3   525.5   735.1  3026.2  7085.0  58550.8    58661
read      286.1   151.0    80.4   142.8   159.4   274.8   323.6   348.1   366.4   387.4   412.7   451.2   558.2  2142.2  3267.1  34920.2    34912
read      271.5   215.9    68.9   129.2   144.0   237.4   289.3   317.0   338.1   364.5   399.1   462.0   872.4  2838.1  7154.3 103054.0   103268
read      276.8   118.8    80.4   139.1   154.7   269.1   318.6   342.3   360.3   380.8   404.9   445.5   533.8   968.0  2734.2  38874.4    38703
read      318.0   299.2    74.4   127.9   142.5   250.2   317.0   363.3   403.0   455.9   529.5   678.8  1355.6  3787.8  7655.3  83446.0    83358
read      283.7   180.2    74.4   127.4   141.8   253.4   315.4   349.8   377.2   409.5   449.0   508.0   726.6  2442.8  3912.3  57168.2    57408
read      361.0   428.5    74.4   130.9   147.1   260.6   330.4   383.6   430.8   494.7   592.3   844.5  2210.7  5308.0  8065.0  86631.4    86837
read      272.4   120.9    80.4   137.2   152.4   263.1   310.5   333.9   350.2   370.4   396.2   433.8   540.7  1408.4  2679.8  33558.0    33517
read      297.5   213.7    74.4   127.4   141.6   254.0   319.0   360.5   394.0   433.8   486.6   570.8   976.3  2756.4  4070.2  66229.6    66204
read      317.9   311.4    74.4   127.4   142.1   252.0   319.4   365.9   404.0   452.2   518.1   658.9  1421.9  3699.9  9550.1  73764.4    73758
read      268.6   239.9    74.4   128.3   142.8   235.9   288.4   316.0   336.4   361.7   395.5   454.8   703.0  3548.2  7970.4  99675.8    99742
read      260.0   118.2    74.4   131.5   146.8   239.4   290.0   316.7   336.6   360.7   392.7   443.2   579.7  1253.7  2883.7 109538.2   109462
read      252.3   114.6    74.4   127.1   141.4   231.3   283.4   311.2   331.0   354.8   386.5   434.4   555.1   991.2  2757.8  94518.4    94453
read      268.0    95.1    74.4   136.6   151.9   262.7   312.3   335.1   350.7   370.0   393.8   427.7   498.5   609.5  1187.8  44075.4    44096
read      253.9   119.3    74.4   127.6   142.1   233.5   284.3   310.9   329.9   352.8   384.4   433.4   570.0  1170.1  3189.9 100592.4   100467
read      237.4   132.8   101.3   154.3   167.4   227.6   254.2   268.5   278.2   290.4   306.0   331.0   400.0  1373.4  7494.4   8599.2     8576
read      278.3   173.0    74.4   125.2   139.4   249.3   310.9   345.0   372.4   403.0   443.5   503.4   705.5  2229.2  4328.8  59362.8    59359
read      227.6    90.0    93.8   151.4   163.1   218.2   241.4   256.5   267.0   278.5   293.6   317.8   390.9  1320.7  3783.0   7655.4     7614
read      287.5   168.7    74.4   127.6   141.9   254.8   318.3   356.6   386.0   420.7   464.1   534.6   802.9  1818.1  3670.1  60147.4    60329
read      281.6   153.2    80.4   133.4   148.8   262.8   318.5   348.1   371.2   397.3   430.3   476.4   610.0  1877.0  4869.3  43880.6    43762
read      286.0   232.1    74.4   123.7   137.9   245.4   310.6   347.8   378.2   413.2   457.4   526.3   791.7  3491.6  6084.6  67146.8    67038
read      275.5   148.5    80.4   145.2   161.7   267.2   308.4   328.8   342.8   361.0   384.1   420.7   516.2  2047.0  7086.1  26063.6    26095
read      293.7   249.9    74.4   125.6   139.9   247.2   312.9   353.4   386.5   425.5   474.0   551.4   862.2  3845.6  7511.6  71236.4    71173
read      281.1   263.1    68.9   131.0   146.5   242.9   294.5   322.4   343.6   370.4   405.7   470.4   933.6  3711.0  7781.9 109250.6   109276
read      254.5    99.6    86.8   156.2   172.2   249.0   278.8   293.8   304.9   317.3   334.9   362.5   430.9  1124.3  3909.7  13220.6    13150
read      283.6   178.5    74.4   125.1   139.5   250.3   313.0   349.3   378.7   413.5   457.3   527.2   805.1  1914.0  4446.6  61199.2    61250
read      344.8   384.7    74.4   128.5   143.6   254.4   322.7   373.7   418.9   478.4   566.8   788.1  1984.3  4562.3  8048.0  84539.4    84472
read      358.5   408.7    74.4   129.6   145.1   259.9   330.6   384.2   432.6   496.9   591.9   832.5  2230.4  4390.3  8085.2  82264.0    82226
read      274.2   110.8    80.4   143.3   159.8   267.2   310.2   332.2   347.2   367.1   391.9   429.1   518.4  1178.3  2726.7  27623.6    27671
read      276.4   246.7    74.4   128.9   143.9   238.8   292.2   320.3   341.7   368.1   403.6   467.7   876.7  3496.7  7312.0  98855.6    98736
read      258.4   125.3    74.4   130.0   145.0   236.4   287.0   313.9   333.7   357.9   390.4   441.4   597.0  1317.5  3176.7 106316.8   106314
read      254.6   117.0    74.4   128.7   143.2   233.5   284.1   311.1   330.4   353.3   384.5   433.7   576.1  1210.7  2740.9 105101.8   105027
read      250.9   107.2    74.4   127.0   141.3   230.4   281.6   309.2   328.8   352.2   384.1   432.5   549.3  1007.6  1836.3  96923.2    96867
read      250.2   117.7    68.9   125.2   139.4   228.5   281.6   309.8   329.6   353.0   384.9   432.5   551.7   992.9  2958.0  89759.6    89493
read      266.5   108.6    80.4   133.1   148.5   256.6   309.8   334.7   352.0   372.2   397.9   434.8   509.0   653.7  2624.6  50559.8    50538
read      277.3   159.1    86.8   150.6   167.2   268.3   304.9   323.1   337.0   353.0   374.5   413.4   566.1  1700.6  7526.3  22177.6    22083
read      288.1   166.3    74.4   132.5   147.9   264.9   323.5   356.8   381.8   411.5   448.4   502.3   677.9  2051.3  4356.4  48521.2    48618
read      270.9   235.8    74.4   126.0   140.5   234.3   288.4   316.6   337.5   363.6   399.3   461.8   822.3  3472.0  7212.6  93914.4    94298
read      257.6   102.7    74.4   128.2   142.6   240.5   297.6   325.1   343.9   367.3   395.8   435.4   518.1   666.9  1664.0  63633.6    63579
read      257.3   105.3    74.4   127.7   142.0   239.8   296.5   323.4   342.4   365.9   394.8   436.7   529.6   768.6  2024.8  64712.2    64573
read      253.3   105.3    74.4   126.7   140.7   233.3   289.4   317.4   337.3   361.3   392.1   436.1   534.7   750.4  1476.8  77132.8    77178
read      276.3   120.9    80.4   143.8   160.6   270.7   312.4   333.5   347.8   366.6   390.4   427.1   526.8  1399.4  2808.6  29629.0    29824
read      295.8   209.6    74.4   128.9   143.5   255.2   321.6   363.6   396.9   435.3   483.1   556.3   827.4  2713.9  7206.9  64519.2    64495
read      270.9   112.1    86.8   150.6   167.1   266.5   302.8   320.8   334.5   349.1   370.4   401.9   481.5  1182.1  4364.6  21003.4    20917
read      374.8   418.0    74.4   132.6   149.1   263.4   335.8   393.7   445.6   519.0   648.8   967.1  2285.3  4301.8  7955.4  85588.2    85651
read      302.5   236.3    80.4   128.9   143.4   258.9   324.2   366.2   399.1   438.2   488.3   570.4   978.6  3170.6  7258.2  61938.6    61935
read      288.5   171.8    80.4   131.9   147.1   262.7   321.6   356.0   381.8   411.6   449.4   504.5   691.1  2336.5  3986.2  50226.2    50216
read      305.7   246.5    74.4   127.5   142.0   252.8   320.4   366.7   404.1   450.5   508.5   606.7  1047.1  3297.2  6413.5  72174.0    72251
read      323.3   274.4    80.4   131.6   146.9   261.3   331.4   381.2   423.4   475.3   544.8   680.0  1188.7  3667.5  7587.7  71855.4    71798
read      274.5    97.7    86.8   155.3   172.1   271.0   306.5   324.2   337.6   353.0   373.0   402.9   476.6  1188.3  2551.9  19611.4    19701
read      278.4   117.1    86.8   150.3   166.5   274.9   314.1   334.4   348.2   366.6   388.8   422.3   500.4  1168.0  2763.5  25038.2    24952
read      377.8   426.2    74.4   136.1   152.2   270.2   344.1   401.3   454.4   527.4   650.2   914.5  2230.9  5022.8  7992.7  81935.0    81838
read      281.5   580.5    86.8   147.5   164.0   274.3   316.3   337.9   353.3   371.8   395.8   430.7   526.4  1361.1  2486.5  26674.6    26648
read      277.5   105.3    80.4   149.8   165.9   274.2   313.4   333.4   346.8   365.0   387.5   421.8   505.2  1171.7  2554.3  24724.8    24837
read      280.1   120.2    80.4   145.7   161.6   274.7   318.9   340.6   356.5   374.3   398.6   434.4   530.1  1128.5  2720.5  29448.8    29420
read      279.2   231.0    74.4   131.4   146.9   243.7   296.5   325.2   346.3   373.7   411.5   476.8   818.2  3405.5  7382.3 103791.0   103882
read      258.1   109.2    80.4   128.2   142.4   238.4   296.2   325.1   345.0   370.1   399.5   442.0   534.3   718.3  2763.4  70374.8    70314
read      262.2   118.2    74.4   130.2   145.0   244.9   303.4   331.5   350.5   372.6   400.2   439.6   519.3   742.0  2805.4  61831.4    61679
read      267.4   104.9    74.4   134.6   150.0   258.4   311.6   336.3   353.3   372.9   397.8   432.6   504.8   639.9  2535.3  49284.6    49557
read      268.1    96.8    86.8   153.3   170.0   266.1   299.5   315.8   327.6   341.2   360.1   389.9   461.1  1159.7  2665.4  19322.2    19325
read      239.5    94.3   101.3   155.1   168.1   229.8   257.0   271.0   281.2   292.6   308.3   332.8   416.7  1393.9  2714.5   9103.0     9128
read      270.4   230.0    74.4   128.1   142.6   236.0   290.3   318.7   339.9   366.6   401.3   461.0   770.2  3282.4  8056.3  94725.8    94933
read      278.3    92.9    80.4   152.1   169.2   278.8   315.4   333.9   346.1   362.8   383.1   416.2   484.8   687.1  2721.6  24482.4    24327
read      317.6   274.4    74.4   131.6   147.0   259.8   329.3   376.6   416.2   463.1   525.5   638.4  1141.9  3675.1  7685.4  71694.6    71896
read      275.2   247.1    80.4   129.5   144.3   239.0   292.9   321.8   343.7   370.9   408.0   469.8   867.0  3374.3 11128.1  93771.0    93771
read      273.5   106.8    86.8   154.3   171.4   270.6   305.0   321.0   333.9   347.0   367.9   399.8   482.4  1386.4  3136.5  20396.0    20452
read      298.1   202.1    80.4   139.1   155.1   273.5   330.1   361.2   384.3   410.4   442.7   495.8   795.5  2595.8  7270.7  42368.4    42338
read      338.0   350.2    74.4   131.8   147.3   262.1   333.7   383.9   425.4   477.1   549.0   702.0  1735.7  4359.1  8097.8  72773.6    72627
read      315.8   278.7    74.4   129.3   144.1   251.0   319.1   368.5   410.8   465.3   535.8   672.5  1188.3  3830.7  7560.3  80726.2    80603
read      306.9   250.1    80.4   134.6   150.4   268.8   331.3   367.5   394.6   426.0   465.1   532.8  1054.1  3426.7  7570.9  49124.6    49049
read      278.2   249.9    74.4   128.5   143.2   238.3   292.6   321.5   343.5   371.2   409.4   474.5  1006.9  3435.9  7803.1  92554.0    92305
read      265.0   109.6    74.4   131.5   146.6   251.0   307.4   334.4   353.0   374.4   401.8   442.3   523.6   684.3  1858.8  56777.0    56889
read      255.1   117.7    74.4   126.8   140.9   234.1   290.0   318.3   338.6   363.1   394.1   438.8   546.0   869.0  2785.5  77790.2    78036
read      256.8   105.6    68.9   127.8   142.0   237.3   294.3   322.7   343.1   367.4   397.7   441.4   532.7   727.4  2139.5  71608.0    71583
read      257.6   109.2    68.9   127.9   142.2   237.8   295.3   324.3   344.6   368.8   398.6   441.2   533.8   753.4  2098.9  72378.8    72609
read      261.0   122.7    74.4   131.2   146.4   239.7   290.6   317.5   337.5   362.1   394.2   445.5   600.4  1264.3  2869.6 107565.2   107382
read      253.7   113.1    74.4   126.7   140.8   232.1   286.2   314.6   335.1   359.6   391.6   438.6   558.9  1005.7  2193.9  86428.2    86530
read      265.0    90.6    93.8   157.4   174.0   263.8   294.5   309.9   319.7   333.2   347.9   373.9   438.6   943.3  2553.0  16404.8    16550
read      369.2   381.4    74.4   135.8   152.4   268.3   341.0   398.1   452.4   532.2   665.8   905.2  1928.9  4304.9  8050.2  84417.0    84534
read      255.2   104.3    74.4   126.4   140.8   235.2   292.4   321.0   341.3   365.8   396.1   439.0   535.6   767.3  1395.1  72884.8    72631
read      268.7   100.7    74.4   135.4   151.1   260.0   313.7   338.3   355.3   373.8   399.1   434.0   505.8   630.4  2083.9  49113.0    49291
read      260.6   104.8    74.4   129.5   144.0   244.6   302.1   329.3   347.3   369.6   397.5   436.8   526.0   723.1  1832.2  62000.0    62175
read      252.1   114.6    74.4   125.6   140.0   231.8   287.3   315.2   334.8   357.8   387.5   432.4   537.1   829.0  3277.9  80232.0    80213
read      264.2    94.9    93.8   154.8   171.7   261.2   293.3   309.7   320.4   335.0   352.1   380.6   450.1   860.9  3570.4  16575.8    16566
read      287.0   173.5    74.4   129.6   144.0   260.9   320.3   355.2   381.9   413.2   452.3   511.5   732.5  1880.3  6522.4  53864.6    53985
read      286.6   314.1    74.4   128.9   143.9   239.6   292.2   320.0   341.5   368.4   404.4   470.0  1425.9  3730.2  8366.8 101919.2   101949
read      278.6    96.5    74.4   152.9   170.4   279.7   315.5   333.5   345.3   362.1   382.2   412.4   475.7   730.2  2630.8  24099.0    24076
read      298.6   186.6    80.4   135.4   151.0   270.2   333.0   370.0   397.2   428.0   466.1   527.6   764.5  2303.7  5949.7  52593.2    52574
read      276.8   235.5    74.4   131.3   146.6   242.1   294.0   322.1   343.6   370.4   405.1   467.0   890.1  3306.8  7945.2 106448.6   106271
read      261.7   136.7    74.4   130.4   145.4   238.3   289.3   316.1   336.0   360.5   393.2   447.7   666.6  1582.5  3479.5 105740.0   105451
read      254.0   114.7    74.4   126.9   141.2   232.0   286.9   315.7   336.3   361.0   392.7   439.3   548.6   893.8  3096.7  86188.6    86087
read      282.5   114.7    80.4   148.7   164.9   279.8   320.9   341.2   356.3   373.3   397.0   431.4   518.5  1277.2  3077.7  29161.8    29108
read      282.2   270.6    74.4   130.5   145.9   242.6   295.4   324.7   346.6   374.9   412.0   475.7   913.6  3759.4  7907.3 101212.2   101115
read      258.0   117.4    74.4   128.1   142.5   236.7   294.0   322.8   342.8   367.7   397.9   442.6   543.8   865.3  2965.6  74357.8    74326
read      256.3   107.9    68.9   127.8   141.9   235.8   292.9   321.4   342.2   366.7   397.5   440.0   534.2   753.8  2026.8  75863.0    75832
read      251.9   108.8    68.9   127.7   141.7   231.6   283.8   311.4   331.1   354.5   385.8   433.1   547.4   928.8  1589.7  94905.2    94901
read      264.0    86.7    80.4   158.3   174.7   261.9   292.5   308.1   318.4   331.9   346.7   373.3   434.2  1068.3  2746.0  15708.8    15809
read      282.0   156.6    86.8   144.9   161.1   272.6   316.1   337.8   353.5   372.0   396.8   433.2   560.3  1890.3  6565.7  28786.0    28874
read      289.3   178.5    80.4   131.3   146.6   262.8   323.4   358.1   384.2   414.0   451.6   506.6   705.0  2395.5  4709.2  51863.0    51882
read      283.7   126.0    80.4   143.7   160.2   276.5   323.7   347.4   365.4   385.9   410.9   449.4   543.8  1361.5  2819.4  32508.0    32653
read      287.8   152.5    74.4   138.5   154.2   271.1   326.1   355.7   377.0   400.6   430.8   474.6   614.7  2037.3  3542.6  41773.4    41676
read      296.0   179.9    74.4   130.1   145.2   260.7   326.9   367.6   398.0   434.2   479.2   548.7   827.3  2034.3  3801.8  63048.0    63019
read      264.4   193.0    74.4   127.7   142.2   233.9   286.1   314.3   335.0   360.5   394.6   450.9   724.6  2882.2  5386.5  99179.0    99164
read      267.5    97.7    74.4   136.0   151.3   260.3   311.8   335.7   351.9   370.7   395.6   430.3   499.1   631.7   940.1  46946.8    47055
read      261.5   105.9    74.4   129.9   144.6   245.3   302.9   330.3   348.7   370.8   398.9   438.1   526.1   730.5  2540.8  62365.8    62394
read      259.9   128.1    74.4   129.4   144.1   236.6   289.3   316.6   336.8   361.2   393.9   445.7   630.5  1398.4  2979.9  98531.8    98519
read      288.9   210.0    80.4   145.6   162.1   277.4   321.7   343.6   360.2   378.9   403.7   443.7   569.8  2920.3  7901.2  32104.0    32122
read      282.8   128.0    74.4   133.9   149.6   266.1   324.5   356.8   381.1   408.6   442.7   491.9   589.5   792.8  1549.2  49392.2    49464
read      278.8    97.2    86.8   151.4   168.6   278.9   316.2   334.9   347.1   364.3   385.0   416.6   483.0   736.7  2919.5  23949.4    24034
read      286.0   151.6    74.4   128.1   142.3   246.7   310.8   351.2   386.8   431.4   488.2   575.8   788.5  1087.8  1620.9  77382.6    77363
read      255.8   118.3    74.4   127.6   141.9   233.3   286.6   314.5   334.8   359.3   391.8   441.8   597.5  1086.6  2289.4  91655.2    91698
read      280.0   114.4    80.4   140.7   156.8   273.5   322.7   346.2   364.0   384.4   409.9   449.6   538.5   987.9  2759.0  38822.6    38997
read      294.7   182.0    74.4   129.0   143.9   245.5   309.1   351.9   391.0   443.6   512.4   633.2   906.0  1427.2  3857.8  86028.0    86028
read      292.3   168.2    74.4   128.8   143.4   246.2   312.1   355.5   394.2   443.0   506.4   609.6   844.5  1370.9  2680.2  83051.4    83012
read      268.0    92.3    86.8   160.2   176.6   267.1   297.3   312.7   322.8   336.3   352.2   379.7   445.3   866.2  2707.6  15094.2    15024
read      282.1   122.4    74.4   131.9   147.4   260.6   322.0   357.2   383.5   413.7   450.8   504.5   616.8   851.5  1306.8  56567.8    56640
read      258.4   158.2    74.4   128.0   142.5   233.1   285.3   312.9   332.9   357.1   389.6   439.1   585.9  2327.5  4357.8  97214.0    97362
read      255.5   108.3    68.9   129.5   144.4   236.6   287.1   313.5   332.6   355.4   386.0   433.6   554.3  1010.5  2066.9 107567.0   107412
read      258.7   108.6    74.4   128.4   142.8   241.4   298.7   326.4   345.0   368.1   396.5   435.9   521.1   744.1  2459.2  64971.8    65030
read      252.8   113.9    74.4   125.8   140.2   232.9   288.1   316.1   336.3   360.6   391.7   435.5   528.1   742.8  3317.1  79343.0    79278
read      264.0    95.9    74.4   133.4   148.8   256.7   307.6   331.3   346.9   366.9   391.3   426.5   495.3   619.2  1287.4  47620.0    47544
read      254.1   112.8    68.9   128.6   143.2   234.4   285.0   311.8   330.9   353.9   384.8   432.6   561.4   954.6  3116.1 105579.8   105368
read      262.5   102.2    74.4   130.8   145.8   249.1   304.7   331.4   349.5   371.3   398.2   436.1   509.8   644.9  1494.6  58269.4    58181
read      266.6   123.8    74.4   134.6   150.1   253.6   307.9   333.7   351.5   372.4   399.8   438.3   519.1   683.4  1862.9  56966.0    56960
read      273.1    79.2    93.8   166.3   184.1   271.8   301.5   316.7   327.9   340.7   358.7   388.0   455.4   707.1  1992.2  14958.4    14849
read      285.2   136.7    74.4   130.3   145.7   257.6   320.0   357.8   387.5   422.7   465.5   531.3   691.4  1022.7  1940.7  63830.6    63672
read      283.6   128.3    74.4   134.8   150.8   266.9   324.8   356.2   379.9   407.8   440.3   489.7   588.1   839.7  2989.6  48400.8    48289
read      256.3    70.7    86.8   160.9   176.2   253.7   282.0   296.2   307.0   318.2   334.9   361.1   425.0   693.9  1928.1  11765.6    11797
read      251.8    66.3    93.8   160.3   175.1   247.8   276.6   291.2   301.3   313.4   328.7   353.6   418.6   665.1  1351.0  10746.2    10781
read      284.7   133.7    74.4   134.5   150.4   264.7   324.3   357.9   383.0   412.2   447.6   498.2   617.7  1042.9  3146.9  49424.8    49362
read      260.0   142.8    68.9   130.3   145.3   236.5   287.9   315.0   334.9   358.9   391.1   440.2   613.6  1622.3  3726.7 102483.0   102119
read      268.4    95.7    74.4   136.9   152.0   261.6   313.9   337.2   353.2   371.6   395.3   428.8   497.2   595.5  1134.0  46186.2    46213
read      250.8   106.5    74.4   127.3   141.7   231.2   282.9   310.6   330.1   353.4   384.2   430.2   535.7   849.4  2001.7  96792.8    97025
read      270.4    91.4    86.8   155.5   173.2   271.1   303.3   318.6   330.2   342.6   360.4   387.7   447.4   783.3  2763.8  18424.0    18351
read      275.4    90.4    74.4   153.2   170.3   275.9   311.0   328.6   341.0   356.8   376.2   405.5   468.8   718.9  2060.6  21415.0    21426
read      284.2   118.8    74.4   138.6   154.4   272.9   328.1   357.1   378.2   402.7   432.2   472.8   560.4   750.4  2881.4  43012.8    43013
read      284.0   144.3    74.4   129.4   144.2   253.4   317.4   356.1   386.7   422.7   467.0   534.7   702.7  1069.1  3447.7  67332.4    67376
read      285.4   102.8    80.4   143.7   160.7   279.8   329.6   355.4   373.9   395.1   421.1   458.6   535.5   725.9  1190.1  35895.8    36043
read      231.4    71.1    93.8   155.4   167.5   224.7   249.2   262.9   271.7   283.1   296.1   319.0   374.6   748.1  2018.2   6246.6     6255
read      263.5   148.4    74.4   130.6   145.6   238.6   290.4   317.6   337.9   363.0   396.0   450.5   674.9  1850.3  3750.6 102083.2   102499
read      277.4    95.6    86.8   149.9   166.7   277.5   315.6   334.6   347.1   365.3   386.9   418.1   482.5   721.5  2112.7  26273.0    26263
read      283.2   149.5    74.4   131.6   147.0   260.4   321.5   357.2   384.0   414.7   452.8   507.0   626.9   916.6  3075.9  57054.4    56974
read      285.4   124.7    80.4   140.0   156.3   274.8   328.6   356.6   377.1   401.0   429.6   469.1   552.8   801.0  4055.0  40878.8    40869
read      283.5   125.7    74.4   136.1   151.9   269.3   325.8   356.6   379.3   405.5   437.2   483.1   577.0   805.8  2081.5  46356.4    46514
read      257.3   118.8    86.8   159.9   175.4   251.7   280.8   295.5   306.5   318.1   335.3   362.8   430.6   932.2  5442.5  11416.4    11431
read      281.7   126.9    74.4   130.1   145.2   258.4   320.1   355.8   383.2   415.8   455.9   511.6   637.7   906.0  1850.8  58530.0    58600
read      286.6   148.5    74.4   128.9   143.9   253.9   317.0   357.1   389.7   428.8   478.3   550.1   731.1  1060.8  2861.1  68247.4    68058
read      285.1   129.0    74.4   132.2   148.2   263.6   323.4   358.5   385.1   416.7   455.8   511.1   640.2   916.0  1824.6  54633.2    54502
read      281.3   135.2    74.4   127.9   142.7   253.0   315.8   353.3   383.4   418.3   462.0   528.0   689.1   978.6  2179.7  63969.2    64022
read      280.7   117.5    68.9   132.3   148.2   262.4   321.8   355.1   379.6   407.6   443.1   494.3   595.9   792.7  1154.0  52180.4    52142
read      265.5   169.6    74.4   128.7   143.6   236.1   288.6   316.3   337.1   362.9   397.8   458.3   759.0  2288.5  3835.5 101135.0   101375
read      277.7   108.1    74.4   138.6   154.5   269.7   320.3   345.2   364.0   385.5   412.0   452.2   538.0   758.2  2458.8  40503.6    40606
read      283.3   119.8    74.4   134.9   151.0   267.6   326.2   357.6   380.6   407.5   440.2   487.7   583.3   806.1  2214.9  47657.0    47485
read      281.4   117.6    74.4   133.4   149.5   265.2   323.6   355.2   378.8   405.7   438.8   486.9   585.1   834.5  1713.8  49014.4    48977
read      282.8   125.8    80.4   139.3   155.7   273.0   323.7   350.0   369.6   392.9   421.6   462.3   546.2  1106.8  3971.3  38654.6    38615
read      285.9   156.9    74.4   126.4   141.0   243.8   308.3   348.8   385.7   432.6   492.5   585.2   810.5  1163.1  1938.4  80270.4    80279
read      288.8   162.4    74.4   127.6   141.9   248.6   313.5   354.4   389.8   434.0   492.4   582.2   805.7  1276.0  3771.3  75871.0    75843
read      283.2   142.3    74.4   127.5   142.0   251.8   314.9   353.0   385.4   424.4   471.4   544.3   722.1  1045.0  2236.8  67371.2    67095
read      280.2   111.0    74.4   136.5   152.1   270.7   323.7   351.1   371.4   395.3   424.6   465.4   549.6   746.0  1698.4  41180.8    41325
read      279.5   126.7    74.4   129.7   144.9   258.3   318.0   352.4   378.9   409.6   448.1   503.2   624.3   841.6  1623.4  55696.6    55752
read      303.0   190.0    74.4   130.1   145.0   249.4   313.9   359.8   401.3   458.7   536.3   674.4   973.5  1588.6  3222.7  85509.0    85561
read      261.8    73.8    80.4   157.7   174.7   260.3   291.0   306.9   317.4   330.8   345.9   373.8   436.5   670.3  1957.5  14207.2    14194
read      259.6   131.7    74.4   126.7   141.0   233.1   287.8   316.4   337.4   363.1   397.4   455.4   722.1  1349.1  2427.5  87658.0    88002
read      253.1   110.1    74.4   127.2   141.4   232.7   286.0   313.9   333.8   357.4   388.5   435.3   545.3   917.4  2390.3  90468.4    90515
read      259.0   111.5    74.4   131.0   146.5   240.1   290.0   316.4   335.8   359.5   390.9   440.1   574.6  1025.9  2006.5 109244.6   109283
read      280.6   104.1    80.4   150.2   167.6   279.4   318.5   337.9   351.7   369.1   391.9   425.9   499.3   785.3  3064.7  26798.0    26699
read      287.2   119.5    80.4   142.6   159.2   278.7   330.1   356.9   376.0   398.4   426.1   465.1   547.6   936.3  3637.3  37406.6    37400
read      272.8   102.8    86.8   153.8   171.3   272.1   306.4   323.0   335.9   350.0   370.3   401.0   468.8   693.1  2279.9  19268.8    19307
read      255.8    80.2    86.8   159.9   175.7   253.1   281.6   295.5   306.2   317.5   333.8   359.5   423.3   721.7  3018.7  11566.4    11527
read      300.3   187.6    74.4   129.3   144.1   248.8   312.6   357.5   397.9   453.1   527.4   658.7   949.8  1519.6  3480.0  83579.6    83787
read      276.8    86.9    86.8   152.0   169.1   276.9   313.5   332.1   344.4   361.0   380.9   411.9   479.2   720.1  1958.5  22225.6    22209
read      292.1   160.6    74.4   130.0   144.9   252.6   317.0   359.1   395.0   439.5   497.2   583.4   794.9  1279.9  2940.4  75077.8    75169
read      289.8   153.4    74.4   129.9   144.8   252.3   316.7   358.6   393.0   435.3   490.5   572.7   780.2  1130.0  2342.9  73866.8    73833
read      261.6   162.5    74.4   128.0   142.6   235.2   288.6   316.7   337.2   362.6   395.4   447.5   670.8  1862.0  7017.6  94864.0    94641
read      261.5   105.1    74.4   130.1   144.9   245.7   302.9   330.5   349.4   371.8   399.1   436.3   516.0   688.3  1821.4  61546.2    61338
read      252.6   104.9    74.4   127.7   142.1   232.6   285.5   313.3   333.3   357.2   388.1   433.0   539.2   844.7  2027.0  91690.8    91825
read      254.6   102.8    74.4   127.5   141.7   234.7   291.3   319.8   340.0   364.1   394.1   436.5   529.3   736.3  1478.3  77393.8    77235
read      279.2   103.8    80.4   141.4   157.7   274.7   322.2   345.3   363.2   383.4   408.0   445.0   528.3   748.7  2232.9  37247.4    37257
read      284.3   114.2    80.4   145.8   162.4   280.6   327.1   349.7   366.7   386.4   409.9   443.6   516.9   743.4  3770.3  31985.4    32057
read      262.2   137.8    74.4   131.0   146.4   239.5   290.0   316.8   336.5   360.6   392.6   443.7   624.7  1775.4  3680.5 108740.0   108618
read      255.3   104.9    74.4   126.8   141.3   236.1   293.0   321.0   341.3   364.9   394.9   436.8   526.1   708.7  1709.8  72820.4    72930
read      271.3   106.1    80.4   138.6   154.4   266.0   315.8   338.8   354.4   371.6   394.6   428.2   496.3   681.7  2731.0  43855.4    43714
read      251.7   102.9    74.4   126.5   140.9   231.6   285.4   313.8   333.9   357.8   389.1   434.7   534.2   776.4  1390.2  87419.6    87369
read      265.3   100.9    74.4   132.1   147.6   252.0   308.4   335.2   353.8   375.1   401.7   440.7   516.9   658.8  1134.4  56591.6    56640
read      252.6   106.6    74.4   128.4   142.9   233.2   285.0   312.4   331.9   355.0   385.8   431.8   538.4   817.1  1985.6  97469.2    97360
read      255.8   113.2    74.4   127.7   142.1   235.0   290.9   319.3   339.7   364.2   394.9   440.4   538.7   815.7  3362.2  79889.2    79788
read      256.5    73.4   101.3   162.6   178.0   254.7   282.2   295.5   306.0   317.2   333.4   358.4   415.8   670.7  2404.5  11395.8    11352
read      312.9   211.4    74.4   131.8   147.4   252.6   317.2   364.7   408.3   471.0   559.0   715.4  1082.9  1831.4  3494.7  87742.0    87962
read      284.7   112.4    80.4   140.1   156.5   274.6   327.9   355.9   376.0   400.3   430.1   469.8   554.0   790.2  2144.9  40716.8    40663
read      289.2   141.0    74.4   131.7   147.4   261.2   324.7   362.8   392.5   426.8   468.6   535.7   711.4  1122.2  2622.6  59359.2    59386
read      284.1   145.9    74.4   135.0   151.0   266.8   324.9   356.5   380.3   407.7   438.9   487.4   583.4   927.7  4712.4  48174.6    48302
read      276.0    88.0    86.8   154.5   172.3   276.4   310.6   328.0   340.3   355.5   373.9   403.4   468.8   791.1  2581.0  19556.8    19398
read      299.5   177.3    74.4   129.6   144.9   251.9   315.8   360.3   399.5   451.9   520.8   645.1   913.9  1364.2  2766.4  82226.6    82197
read      293.0   169.1    68.9   128.4   143.1   249.9   314.5   357.1   394.1   441.7   504.1   604.4   839.3  1293.0  3391.9  77529.4    77387
read      287.9   152.7    74.4   128.5   143.1   251.1   315.2   356.2   390.7   433.1   487.5   570.0   768.4  1181.8  2290.6  72649.2    72753
read      240.3    77.4    93.8   158.9   172.5   232.5   260.3   274.1   284.6   295.4   311.6   336.2   401.1   707.2  2130.3   7705.4     7720
read      278.6   121.2    74.4   132.9   148.9   264.2   318.7   348.3   371.6   397.9   430.1   475.1   575.1   816.6  3141.8  46300.2    46279
read      280.1   113.9    80.4   137.0   152.9   269.4   322.3   350.0   371.2   395.4   425.5   466.6   548.8   744.5  2715.4  42169.6    42102
read      264.0   150.6    74.4   127.8   142.3   235.1   289.3   317.8   339.0   365.2   400.4   462.6   754.5  1872.7  3300.1  90762.2    90892
read      276.3   115.4    80.4   136.9   153.1   267.8   316.0   341.3   360.5   383.0   411.2   453.2   541.5   825.7  2658.0  40121.6    39976
read      279.5   133.8    74.4   128.0   142.8   254.1   315.3   350.6   379.5   413.3   454.2   514.2   654.9   995.2  2982.3  61036.2    61084
read      269.7    84.3    86.8   155.3   173.1   268.8   301.9   318.1   330.4   343.7   363.0   392.4   457.5   700.6  2530.8  16579.4    16735
read      282.6   120.7    74.4   134.7   150.9   268.0   324.8   355.2   378.1   403.7   434.8   482.9   580.0   831.8  2855.4  45821.4    45909
read      280.6   119.3    74.4   144.1   161.2   275.7   318.9   341.2   357.9   377.0   401.8   437.1   523.5   921.8  3945.5  29019.4    28976
read      302.0   191.9    74.4   128.5   143.6   249.4   312.8   357.3   398.4   455.7   532.3   671.0   971.9  1556.5  3963.9  84711.0    84704
read      256.2   125.2    74.4   127.7   142.2   233.2   284.5   311.8   331.6   355.5   388.0   440.6   633.3  1355.5  2515.3 102092.2   101822
read      250.5   111.1    74.4   126.1   140.4   230.8   283.1   310.4   329.4   352.2   383.1   431.0   544.3   850.3  1625.7  92633.2    92571
read      254.9    76.4    86.8   159.1   175.1   251.6   280.8   295.2   306.4   318.2   335.2   360.8   421.7   682.1  2190.1  12118.8    12106
read      278.8   127.3    74.4   128.4   143.6   255.9   315.8   350.8   378.6   411.5   452.0   508.0   631.6   884.7  1811.0  58378.4    58568
read      280.2   142.8    74.4   130.8   146.3   261.1   318.8   351.9   377.5   406.3   442.5   495.7   599.2   848.8  3290.6  51289.0    51319
read      274.4    97.8    80.4   150.4   167.5   272.8   309.5   327.9   341.1   357.6   377.9   410.4   478.3   755.7  3207.6  21640.0    21556
read      261.3    95.8    86.8   155.7   172.4   257.7   289.1   305.3   316.2   330.0   346.1   375.8   444.6   801.0  3347.9  14209.0    14191
read      277.1    94.2    80.4   143.7   160.3   274.4   317.6   339.9   356.0   374.2   398.4   432.8   504.4   668.5  1143.5  29106.0    29072
read      265.1    83.0    86.8   154.0   171.4   263.3   295.5   312.2   323.3   338.1   357.0   387.6   451.0   729.3  1436.9  16345.8    16350
read      294.4   181.1    74.4   126.3   141.1   243.2   306.5   349.0   389.9   444.3   518.2   652.5   934.7  1475.7  2923.6  86864.6    86891
read      255.1   135.7    74.4   128.0   142.5   232.9   283.2   310.1   329.4   352.8   384.8   434.0   582.6  1648.3  3247.5 104463.6   104441
read      244.5    84.5    93.8   159.0   173.2   236.8   265.8   279.8   290.1   301.8   317.2   341.6   402.1   724.1  3564.4   8945.0     8906
read      279.3   112.6    74.4   135.9   151.7   267.7   321.6   349.7   370.9   395.8   425.5   466.8   550.4   747.7  2375.2  42039.0    42175
read      279.5   121.8    74.4   130.8   146.4   261.6   320.1   352.8   377.4   406.3   441.2   491.5   590.6   830.3  1963.2  51759.2    51797
read      259.2   156.5    74.4   126.0   140.3   233.4   289.8   318.5   339.2   364.3   396.4   444.9   592.2  2004.5  4386.0  76488.6    76678
read      267.8    79.4    80.4   155.6   172.9   268.8   301.2   316.5   327.5   339.9   356.5   382.4   436.4   635.6  2220.3  19766.2    19630
read      245.2   101.0    74.4   124.7   139.1   226.3   277.2   304.5   323.0   345.1   374.8   421.3   516.5   766.9  1970.0 100202.6   100132
read      264.6    97.3    74.4   137.1   152.5   260.1   306.5   328.3   342.9   361.2   383.2   415.4   477.5   603.3  2785.1  40607.6    40498
read      246.6   102.6    74.4   127.2   141.3   229.0   278.2   304.6   322.7   344.9   374.3   420.0   511.5   691.8  1709.0 108336.6   108559
read      264.9    84.1    86.8   149.4   166.0   264.3   299.4   316.5   328.9   342.4   361.5   390.1   445.6   592.8  2249.7  24048.4    23964
read      249.3    98.8    68.9   125.0   139.3   231.8   287.5   314.4   333.0   354.4   382.6   425.3   505.8   646.9  1434.7  70749.2    70760
read      244.2   107.6    74.4   124.4   138.9   225.7   276.2   303.1   321.0   343.0   372.1   417.5   507.1   707.5  2971.3  99292.6    99567
read      246.3    98.4    68.9   126.7   140.9   229.0   278.3   304.8   322.8   344.7   373.7   420.1   510.4   700.0  1355.9 107773.2   107548
read      256.0    98.1    74.4   129.6   144.2   245.2   297.1   320.8   338.1   358.0   383.0   421.1   492.8   590.8  1978.2  53881.8    53742
read      245.3    98.7    68.9   125.6   139.8   227.5   277.4   304.0   322.1   344.1   372.8   418.2   509.3   733.2  1929.0 104010.8   103931
read      252.5   101.7    74.4   127.0   141.1   238.2   293.4   318.5   336.1   356.5   382.5   420.8   496.1   614.7  2192.8  60257.4    60359
read      237.1    64.2    86.8   155.5   169.8   230.6   257.7   271.3   281.3   292.7   308.2   332.4   392.8   668.7  1965.1   9703.6     9725
read      256.9   106.4    74.4   129.7   144.5   246.2   297.6   321.0   337.8   357.4   382.6   419.4   490.7   614.4  2926.0  51858.0    52014
read      260.8   111.3    80.4   135.8   151.0   256.8   301.3   321.9   336.7   353.4   374.3   406.8   469.7   584.2  2440.0  39973.0    40053
read      244.9    98.3    68.9   123.9   138.1   226.3   279.2   306.6   325.1   346.6   376.2   421.6   508.5   679.6  1098.0  86604.6    86436
read      261.1    89.4    80.4   147.5   163.7   260.1   294.4   311.7   323.3   337.9   355.9   383.4   436.9   620.3  2310.9  24102.6    23983
read      249.4    97.2    68.9   125.7   139.8   233.2   288.3   314.4   332.5   353.4   380.8   421.8   498.9   605.6  1539.9  66285.2    66595
read      261.8    79.5    80.4   146.1   162.2   261.2   296.3   314.0   326.2   340.6   359.9   389.5   447.5   603.7  1379.5  26130.4    26056
read      257.5   103.0    74.4   130.3   145.0   247.3   298.8   322.2   339.0   358.9   384.3   422.2   492.7   601.0  2718.7  51608.8    51764
read      261.3    92.2    80.4   135.7   151.1   257.7   301.7   322.1   337.2   354.4   376.1   409.9   475.4   636.0  1872.5  40384.2    40202
read      246.0   106.7    74.4   123.4   137.6   227.5   282.2   309.4   328.0   349.7   378.8   423.0   505.1   644.9  2013.8  76442.8    76665
read      245.3    83.0    80.4   157.3   172.8   239.6   268.0   282.1   291.8   303.7   318.7   342.6   399.8   675.3  3287.9  11137.8    11133
read      245.8   104.7    68.9   123.4   137.7   226.8   281.2   308.8   327.6   349.5   379.0   423.2   505.8   655.5  1920.3  80176.0    80405
read      246.1   111.4    74.4   123.4   137.7   227.0   281.3   308.9   327.8   349.9   379.0   423.9   506.6   676.1  1851.1  78991.0    79106
read      244.1   102.8    74.4   124.3   138.5   225.3   276.1   303.4   321.7   344.0   373.1   417.6   507.6   768.0  2114.7  97247.6    97258
read      263.6    92.6    80.4   139.4   154.9   261.6   303.2   322.6   337.1   353.3   373.5   404.5   468.1   598.8  1916.7  36371.4    36307
read      264.5    93.6    74.4   145.5   161.9   263.9   300.6   318.4   331.4   345.0   364.9   394.5   456.6   563.1  1995.8  28543.8    28636
read      267.7   100.4    74.4   139.9   155.7   262.6   307.8   329.2   343.8   362.7   386.2   421.2   489.5   641.3  2860.3  41532.2    41620
read      250.9    98.2    74.4   127.2   141.8   233.5   287.3   313.7   332.4   354.5   383.8   427.3   506.8   638.4  1449.3  75762.0    75736
read      265.1    99.1    74.4   137.7   153.2   257.7   304.8   327.6   343.2   363.1   388.2   426.7   504.7   634.1  1296.3  45008.8    44979
read      267.3    93.8    80.4   144.4   161.2   266.3   304.5   322.5   336.2   351.3   371.3   401.0   466.2   640.0  2657.2  31547.6    31478
read      262.5    89.6    80.4   138.1   153.3   261.0   303.1   322.7   336.9   353.0   373.5   404.7   467.1   578.5  1513.0  37470.8    37586
read      245.3    97.8    74.4   125.5   140.0   227.8   276.9   303.4   321.2   343.5   372.6   419.2   515.1   709.6  1768.1 108241.8   108330

Total QPS = 57428.2 (103370808 / 1800.0s)

Total connections = 64
Misses = 0 (0.0%)
Skipped TXs = 0 (0.0%)

RX 25532588835 bytes :   13.5 MB/s
TX          0 bytes :    0.0 MB/s
Warning! Detected max cpu usage > 95%
CPU Usage Stats (avg/min/max): 100.00%,50.00%,100.00%
