Random waveform, supplied seed
Total number of intervals = 60 (6927, 52892, 98921, 61129, 40613, 53226, 38560, 103465, 104758, 94759, 37799, 8296, 69443, 12517, 43591, 20430, 93758, 10485, 16518, 83230, 5484, 55611, 20774, 96726, 32442, 73039, 74055, 51197, 59442, 35654, 78747, 42212, 52488, 36950, 16762, 79473, 61431, 87172, 108181, 80515, 37149, 13444, 72057, 70041, 90162, 52082, 24258, 72013, 58012, 45398, 50177, 34504, 66010, 73937, 55020, 53235, 97743, 5419, 14764, 7451)
Average QPS expected = 53209
Timestamp start: 1778884910570
Timestamp end: 1778885210860

#type       avg     std     min      p5     p10     p50     p67     p75     p80     p85     p90     p95     p99    p999   p9999      QPS   target
read      232.9    83.8    93.8   158.0   170.1   224.5   248.3   262.5   272.0   283.9   297.1   323.0   388.6  1090.0  3307.8   6830.8     6927
read      257.8    97.5    74.4   128.7   143.4   247.6   301.4   325.6   341.9   361.0   384.7   421.5   496.5   657.7  1356.7  52876.0    52892
read      246.4   112.8    68.9   125.7   139.6   225.7   277.0   306.0   325.9   348.5   376.3   422.4   534.4   810.6  2395.5  98961.6    98921
read      253.9   101.9    74.4   125.8   140.1   238.8   295.4   321.2   339.3   360.0   386.0   425.7   506.2   660.9  1542.4  61188.8    61129
read      261.1    98.2    74.4   132.2   147.7   255.9   302.4   324.0   339.2   357.3   380.3   417.7   495.0   664.4  2023.8  40690.4    40613
read      256.5   109.0    74.4   128.4   142.9   245.2   299.2   323.9   340.5   359.8   383.7   419.8   487.0   614.1  2173.9  53079.4    53226
read      270.2   100.0    74.4   135.3   151.7   264.3   312.2   335.8   352.2   371.5   397.7   434.0   513.3   733.5  1805.3  38620.2    38560
read      248.0   131.3    74.4   126.5   140.3   226.3   276.4   305.2   324.5   346.6   375.1   421.6   536.4  1374.1  3611.3 103642.0   103465
read      246.6   109.6    74.4   126.8   140.6   226.6   276.4   304.3   323.9   346.6   375.3   421.5   531.0   853.3  2326.2 104750.0   104758
read      243.4   101.6    74.4   123.6   137.3   222.5   275.1   304.9   324.9   347.1   375.1   420.7   516.1   768.8  1939.9  94564.6    94759
read      269.8    97.3    74.4   136.9   152.9   264.5   312.0   335.3   351.3   370.8   396.1   431.7   505.3   673.8  1932.4  37691.8    37799
read      234.9    67.4    86.8   156.9   170.0   228.1   253.1   267.6   277.2   289.3   304.3   330.0   389.9   735.7  2176.5   8285.4     8296
read      273.7   239.0    74.4   125.4   139.7   235.9   295.9   325.5   345.6   370.1   402.2   458.1   911.1  3257.6  7824.3  69509.0    69443
read      250.5    76.2    86.8   159.8   174.7   245.7   274.9   289.5   299.1   311.9   327.2   351.8   409.2   681.2  2891.2  12581.2    12517
read      264.2   112.3    74.4   131.4   147.0   255.3   304.7   327.9   343.9   363.8   389.1   427.4   519.1  1068.9  2722.3  43412.8    43591
read      274.8   186.4    80.4   150.9   166.7   260.2   296.7   315.2   328.5   343.6   365.5   400.2   575.4  2931.0  7064.1  20458.0    20430
read      254.3   166.6    74.4   124.6   138.5   225.7   279.2   309.2   330.1   354.1   385.2   434.4   648.7  2316.9  5175.3  93747.6    93758
read      244.3   109.1    80.4   159.0   173.2   236.7   264.8   278.9   289.0   300.0   315.6   340.7   398.3   821.5  5352.1  10564.6    10485
read      260.9    96.3    80.4   155.2   171.6   256.4   288.6   305.3   316.9   331.3   347.9   374.7   438.9  1050.7  2983.4  16507.8    16518
read      252.1   153.4    74.4   122.5   136.1   224.7   282.1   313.3   334.5   358.5   389.2   436.2   605.8  1611.3  5646.1  83256.4    83230
read      218.4    97.8    93.8   151.3   161.9   209.6   229.7   241.5   251.1   262.9   276.8   298.7   366.2  1257.1  4793.4   5534.0     5484
read      258.3   105.7    80.4   127.6   141.9   243.4   300.8   327.9   345.2   365.5   390.9   428.2   517.9   818.0  2382.5  55361.4    55611
read      258.8    86.2    86.8   149.3   164.7   255.6   290.1   307.0   318.4   333.0   349.8   378.8   448.7   946.3  2406.0  20725.0    20774
read      254.5   179.7    74.4   124.6   138.6   226.0   278.8   308.2   328.8   352.8   384.2   434.9   626.7  2271.0  6824.7  96746.0    96726
read      270.0   109.4    80.4   140.0   156.3   265.8   309.3   330.6   345.1   363.7   386.9   421.8   492.5   864.5  3680.7  32557.8    32442
read      249.9   108.2    74.4   123.2   137.0   229.1   286.6   316.1   336.1   358.5   387.1   430.5   533.8   885.1  2065.2  72953.2    73039
read      250.2   106.2    74.4   123.9   138.0   229.8   287.9   317.5   337.5   359.8   387.8   429.7   519.6   727.1  2539.9  74089.0    74055
read      260.1   109.1    74.4   129.6   144.9   250.0   303.8   328.1   344.5   364.1   388.1   423.3   492.5   638.5  1947.4  51041.8    51197
read      256.2    99.8    74.4   127.0   141.2   241.2   298.8   325.9   343.9   364.6   390.2   427.4   501.4   669.0  1545.9  59489.2    59442
read      268.7   119.8    74.4   135.6   151.4   260.8   306.9   329.6   344.9   364.1   388.8   426.0   521.9  1515.1  3331.8  35687.2    35654
read      251.7   140.4    74.4   121.6   135.2   225.2   283.2   313.3   334.1   357.8   388.3   435.8   607.6  1626.0  3289.9  78641.0    78747
read      268.2   122.9    74.4   132.8   148.4   257.7   309.1   333.2   348.9   368.4   393.7   432.0   530.6  1473.1  2984.6  42214.4    42212
read      258.9   110.4    74.4   128.4   143.0   245.5   301.1   326.7   344.1   363.8   388.2   425.1   508.2   914.8  2280.3  52510.6    52488
read      270.7   116.6    74.4   136.7   152.2   261.9   311.1   334.7   350.3   368.9   394.3   431.1   523.7  1188.9  3172.4  36985.6    36950
read      253.6   111.4    86.8   151.4   166.0   246.8   280.1   295.6   307.4   319.7   337.5   364.5   431.4  1451.3  3313.3  16744.4    16762
read      251.6   139.6    68.9   122.8   136.7   226.7   283.5   313.6   334.0   357.0   386.2   431.8   573.3  1773.9  3962.2  79252.0    79473
read      252.5   103.1    74.4   125.3   139.4   236.2   293.6   320.5   338.6   358.9   384.2   423.3   504.7   745.7  1963.3  61697.6    61431
read      245.8   108.3    68.9   123.5   137.2   223.9   278.5   308.8   329.5   352.5   380.9   426.4   534.2   813.7  2148.5  87031.6    87172
read      253.3   117.2    74.4   129.5   143.9   231.8   281.8   309.9   329.5   352.4   382.0   429.0   566.0  1287.3  3003.1 108005.8   108181
read      248.0   108.0    74.4   123.5   137.4   226.5   283.3   313.2   333.6   356.6   385.7   429.1   530.4   808.1  2259.8  80545.0    80515
read      267.2   112.9    74.4   133.8   149.6   258.7   307.7   330.5   345.9   365.2   390.5   428.9   512.3  1234.5  2630.0  36994.6    37149
read      245.5   116.1    86.8   151.9   166.1   236.3   268.2   283.9   294.0   307.1   322.2   346.8   415.1  1138.5  4450.6  13394.2    13444
read      251.6   111.3    68.9   123.5   137.5   230.2   288.7   317.9   337.6   360.1   389.1   432.1   541.1  1066.9  1968.0  71860.2    72057
read      250.9   104.0    74.4   124.1   138.2   231.6   290.1   318.2   337.9   360.1   387.9   429.1   517.3   690.7  1513.9  70076.6    70041
read      249.9   113.5    74.4   124.4   138.5   227.0   280.8   311.0   332.1   356.1   386.9   434.8   571.0   946.7  2441.9  90428.0    90162
read      258.0    98.1    74.4   129.2   144.1   246.8   301.7   327.3   343.7   363.0   386.5   421.3   490.7   631.1  1190.6  51955.8    52082
read      267.5   113.8    80.4   146.8   163.2   262.1   299.9   318.9   332.8   347.3   367.9   399.9   476.6  1465.4  3190.0  24343.4    24258
read      251.8   137.3    74.4   122.5   136.2   228.4   286.7   316.0   336.1   358.8   387.5   430.7   550.5  1530.3  4397.5  71995.2    72013
read      259.5   141.5    74.4   127.4   141.6   241.5   299.2   326.5   344.4   365.4   392.3   431.8   533.9  1114.9  7579.0  58156.4    58012
read      267.1   136.3    74.4   134.0   149.7   256.7   308.8   332.4   348.0   367.1   391.6   427.9   513.4   974.0  4329.5  45665.4    45398
read      260.8   102.2    74.4   130.6   145.6   249.9   304.8   329.8   346.0   364.9   388.8   424.8   499.1   674.2  2035.1  50156.0    50177
read      269.3   117.9    74.4   138.0   153.8   262.0   308.4   330.5   345.4   364.5   389.0   426.1   513.4  1159.3  3636.9  34581.6    34504
read      256.8   118.9    74.4   125.5   139.8   235.8   295.0   324.0   343.0   364.8   392.8   434.0   546.6  1306.4  2278.9  66111.8    66010
read      249.3   109.7    74.4   123.6   137.7   228.8   286.2   316.1   336.1   358.5   386.2   427.3   514.7   764.4  3112.1  74028.0    73937
read      258.3    99.3    74.4   129.0   143.7   245.4   302.2   327.6   344.7   364.7   389.7   426.2   497.7   634.2  1429.2  55025.2    55020
read      259.9   100.8    74.4   130.0   145.4   248.3   302.9   327.7   344.4   364.0   388.5   424.5   499.2   675.9  2051.9  53075.8    53235
read      246.4   107.9    74.4   125.7   139.6   225.5   276.5   305.6   325.4   348.0   376.2   422.8   536.0   929.3  2271.0  97903.8    97743
read      224.6    88.7   101.3   155.0   166.2   215.6   235.7   249.2   259.1   271.8   288.7   315.0   383.6  1048.6  3060.2   5436.4     5419
read      249.2    87.1    86.8   152.8   167.5   242.0   273.9   289.6   300.1   313.6   330.4   356.8   423.0  1282.7  2482.5  14630.0    14764
read      225.2    87.3   101.3   152.4   163.8   216.7   238.7   252.1   262.5   273.9   289.6   314.1   374.4  1152.2  3147.7   7411.6     7451

Total QPS = 53204.3 (15961305 / 300.0s)

Total connections = 64
Misses = 0 (0.0%)
Skipped TXs = 0 (0.0%)

RX 3942442335 bytes :   12.5 MB/s
TX          0 bytes :    0.0 MB/s
Warning! Detected max cpu usage > 95%
CPU Usage Stats (avg/min/max): 99.74%,49.50%,100.00%
