Random waveform, supplied seed
Total number of intervals = 20 (6927, 52892, 98921, 61129, 40613, 53226, 38560, 103465, 104758, 94759, 37799, 8296, 69443, 12517, 43591, 20430, 93758, 10485, 16518, 83230)
Average QPS expected = 52565
Timestamp start: 1778678953112
Timestamp end: 1778679253385

#type       avg     std     min      p5     p10     p50     p67     p75     p80     p85     p90     p95     p99    p999   p9999      QPS   target
read      266.5   138.5   109.4   180.1   196.1   257.7   279.4   291.2   299.3   310.7   323.0   346.4   462.6  1925.0  5399.9   6906.5     6927
read      287.9   110.6    93.8   157.0   172.6   278.0   334.1   358.0   372.8   390.3   410.5   442.0   518.2   770.8  3318.7  52878.0    52892
read      294.7   154.0    86.8   161.0   176.7   270.1   322.4   352.8   373.2   396.4   425.3   469.9   690.1  1706.5  4077.1  99019.8    98921
read      285.7   119.1    93.8   154.7   170.0   270.6   330.2   356.7   373.1   391.8   414.3   449.7   536.7   829.6  2874.4  61113.5    61129
read      293.5   112.8    93.8   162.1   178.0   291.4   338.6   359.5   372.6   389.1   407.1   436.9   506.2   723.4  3847.1  40605.9    40613
read      288.7   106.4    93.8   155.5   171.0   277.9   335.4   360.1   375.6   393.8   416.1   450.9   533.7   760.5  2727.8  53193.1    53226
read      291.2   105.9    80.4   160.8   176.5   290.1   336.0   356.5   369.6   385.3   402.8   432.8   501.3   735.9  3145.8  38624.5    38560
read      299.0   148.9    86.8   162.1   178.5   274.2   326.4   356.5   377.4   401.0   431.4   481.8   736.0  1590.6  4283.8 103697.5   103465
read      300.6   149.9    93.8   162.9   179.4   276.1   328.6   358.6   379.4   403.0   433.8   485.9   720.0  1633.9  4017.0 104656.5   104758
read      292.0   132.4    86.8   159.8   175.6   269.0   323.0   353.8   374.2   397.2   425.8   469.2   644.5  1385.1  3292.9  94833.4    94759
read      292.1   100.9    93.8   163.1   179.1   292.2   337.1   357.1   369.8   385.2   402.2   431.2   494.2   654.7  2120.0  37849.6    37799
read      269.1    90.5    93.8   180.1   197.7   266.4   289.2   301.1   310.1   319.2   334.0   355.0   407.7   969.6  3376.9   8293.5     8296
read      287.6   121.6    93.8   156.4   171.8   268.8   329.1   357.9   375.8   395.9   420.8   458.4   557.6   843.8  3356.9  69497.0    69443
read      278.5    92.8   101.3   181.0   199.2   278.0   302.6   315.2   324.0   335.9   348.5   371.7   427.8   912.4  3250.7  12475.1    12517
read      292.4   100.9    93.8   162.5   178.1   289.2   338.6   360.1   373.6   390.1   408.3   436.6   503.8   664.7  2626.7  43626.4    43591
read      290.6    92.4   101.3   176.7   194.4   293.8   322.9   337.8   347.1   360.2   373.3   397.6   450.5   846.8  3202.4  20410.3    20430
read      295.0   128.1    93.8   161.7   177.5   273.0   327.5   358.0   378.4   400.8   429.4   472.1   645.4  1237.3  3360.9  93717.2    93758
read      277.9   135.6   101.3   182.2   200.2   274.6   298.3   311.1   319.2   330.8   343.6   366.8   424.2  1193.5  7142.6  10547.0    10485
read      284.5    79.8   101.3   177.8   196.1   286.3   313.6   327.5   337.4   347.5   363.6   385.9   435.1   867.7  2609.4  16484.1    16518
read      291.4   138.4    86.8   157.5   173.2   268.0   325.8   356.5   376.2   397.9   425.1   466.7   635.7  1514.7  3760.3  83129.5    83230

Total QPS = 52577.9 (15773376 / 300.0s)

Total connections = 64
Misses = 0 (0.0%)
Skipped TXs = 0 (0.0%)

RX 3896023872 bytes :   12.4 MB/s
TX          0 bytes :    0.0 MB/s
Warning! Detected max cpu usage > 95%
CPU Usage Stats (avg/min/max): 99.72%,51.00%,100.00%
