Random waveform, supplied seed
Total number of intervals = 60 (6927, 52892, 98921, 61129, 40613, 53226, 38560, 103465, 104758, 94759, 37799, 8296, 69443, 12517, 43591, 20430, 93758, 10485, 16518, 83230, 5484, 55611, 20774, 96726, 32442, 73039, 74055, 51197, 59442, 35654, 78747, 42212, 52488, 36950, 16762, 79473, 61431, 87172, 108181, 80515, 37149, 13444, 72057, 70041, 90162, 52082, 24258, 72013, 58012, 45398, 50177, 34504, 66010, 73937, 55020, 53235, 97743, 5419, 14764, 7451)
Average QPS expected = 53209
Timestamp start: 1778887244911
Timestamp end: 1778887545194

#type       avg     std     min      p5     p10     p50     p67     p75     p80     p85     p90     p95     p99    p999   p9999      QPS   target
read      236.9    83.4    86.8   157.3   170.3   230.4   254.6   268.2   277.4   290.7   306.8   331.2   389.2   833.0  3133.0   6828.8     6927
read      270.4   122.6    74.4   127.6   141.3   252.1   313.1   343.2   365.5   390.7   423.1   469.2   578.5   933.0  3018.5  52769.6    52892
read      245.0   105.5    74.4   125.3   138.6   223.8   274.3   304.5   324.8   348.3   377.1   420.1   532.7   938.0  2107.3  98769.4    98921
read      256.3   103.8    74.4   127.7   141.5   241.5   300.3   327.8   345.3   365.7   390.2   426.5   500.4   628.3  1075.6  61041.4    61129
read      272.7   108.7    74.4   135.3   151.0   264.8   317.5   341.7   358.4   376.2   400.7   439.8   523.4   722.8  3063.1  40824.2    40613
read      272.6   118.0    74.4   128.0   142.0   254.3   316.1   346.8   369.3   395.3   430.2   478.6   581.2   790.3  1503.2  53388.8    53226
read      273.2   102.4    74.4   134.5   150.1   264.6   317.9   343.5   361.8   382.1   406.5   447.5   525.0   671.2  1185.6  38657.4    38560
read      257.3   151.2    74.4   129.5   143.4   233.0   283.7   312.9   333.3   356.8   386.0   431.4   582.2  2069.3  3664.2 103699.0   103465
read      246.1    97.7    74.4   127.8   141.1   227.7   276.5   305.8   325.6   347.5   374.9   416.6   508.3   785.2  1391.3 104988.2   104758
read      243.2   103.7    74.4   124.1   137.4   223.2   274.1   304.8   324.9   347.4   374.4   415.9   508.0   803.1  1802.6  94695.0    94759
read      268.5    98.9    80.4   135.0   150.8   262.4   312.4   335.1   350.5   368.8   392.2   429.0   504.0   642.8  1509.3  37797.2    37799
read      238.3    88.0    93.8   155.4   169.1   231.8   257.2   271.0   281.7   294.4   310.8   334.8   387.8   813.1  4017.2   8361.0     8296
read      284.6   288.8    74.4   127.6   141.5   241.1   301.2   332.2   353.4   376.7   408.0   468.4  1204.0  4308.9  7959.8  69159.6    69443
read      256.8   101.0    80.4   158.9   174.7   251.2   280.1   296.7   308.1   319.6   336.8   362.8   426.7  1115.7  3948.8  12515.6    12517
read      276.3   148.8    80.4   130.4   145.1   257.6   316.2   344.3   364.3   387.4   417.5   462.3   575.7  2203.7  3272.8  43605.4    43591
read      272.5   180.3    86.8   149.2   164.5   258.1   296.3   314.4   327.1   341.9   362.2   395.1   650.1  2367.6  7454.3  20348.4    20430
read      255.3   164.8    74.4   125.3   138.9   227.2   280.0   311.7   333.1   357.5   388.1   435.9   630.3  2251.9  5287.6  93638.6    93758
read      246.3    92.8    86.8   156.4   171.0   241.0   268.3   283.7   295.1   307.7   320.6   344.7   398.9   639.2  3731.8  10546.6    10485
read      254.9    94.7    86.8   151.4   166.5   249.9   282.3   300.3   312.1   325.0   341.4   367.2   430.1   981.8  3703.8  16474.2    16518
read      252.8   151.0    74.4   122.1   135.5   225.5   281.2   312.9   334.6   360.1   391.9   441.2   617.4  2060.6  4302.3  83252.4    83230
read      214.2    86.5    86.8   144.7   155.1   206.0   228.0   239.9   249.3   260.3   273.8   300.5   363.2  1273.5  3962.8   5442.4     5484
read      269.9   161.3    74.4   119.9   133.3   242.7   302.2   336.9   364.5   396.0   434.9   490.1   658.6  2049.0  3567.9  55373.4    55611
read      252.6   110.7    86.8   141.9   157.7   243.1   277.3   296.7   310.6   326.2   346.9   382.2   461.5  1666.3  2765.8  20824.0    20774
read      253.5   151.4    74.4   124.5   138.4   228.6   279.1   308.2   328.8   354.2   386.6   436.6   615.7  1871.2  4041.7  96554.4    96726
read      264.9    93.7    74.4   137.8   154.1   257.8   300.6   322.1   339.3   359.3   384.3   423.1   496.7   677.0  1358.2  32545.0    32442
read      249.7   114.5    74.4   122.4   136.1   229.8   283.5   312.0   332.0   356.0   387.5   434.5   545.8  1011.5  2405.5  73181.2    73039
read      245.9   103.0    74.4   121.4   134.4   227.6   281.6   310.4   330.1   353.9   383.4   427.5   516.4   746.9  1648.2  74183.6    74055
read      251.1    98.9    74.4   124.2   138.5   241.5   290.3   314.1   331.1   351.3   378.3   418.8   496.4   621.2  1554.9  51035.0    51197
read      249.7   107.7    74.4   122.3   135.8   234.9   288.0   314.2   332.6   354.7   383.2   426.7   506.7   681.8  3072.8  59293.4    59442
read      259.2   122.7    74.4   128.6   143.4   247.7   293.9   317.1   334.5   355.6   383.4   425.9   509.9  1422.4  3456.8  35573.6    35654
read      246.1   129.9    74.4   118.8   131.4   222.3   276.5   306.8   327.3   352.7   386.6   435.5   571.8  1401.0  3538.5  78924.0    78747
read      263.8   140.8    74.4   126.4   140.8   248.4   298.4   324.4   344.6   369.1   398.7   444.7   545.5  1853.0  4164.1  42296.6    42212
read      264.7   144.5    74.4   119.8   133.1   241.6   300.0   333.0   359.0   388.3   423.5   471.2   597.3  1626.2  3196.2  52508.4    52488
read      263.5   122.3    74.4   127.6   142.3   249.5   298.2   324.8   345.4   369.0   398.0   441.5   533.6  1400.5  2747.1  36885.8    36950
read      249.8    89.6    80.4   146.9   162.1   241.6   273.2   291.9   305.1   319.4   340.7   372.1   449.4  1213.1  2124.1  16785.8    16762
read      251.3   141.6    74.4   121.7   135.0   226.9   281.2   311.3   332.6   358.2   390.6   440.7   579.1  1730.5  3845.3  79511.6    79473
read      249.0    99.6    74.4   122.0   135.5   234.1   287.8   315.1   334.1   356.7   385.7   428.2   505.3   628.8  1095.7  61265.0    61431
read      243.7   111.0    74.4   121.2   134.2   222.7   274.5   304.2   324.3   348.6   379.7   426.4   539.4   890.9  2146.4  87199.8    87172
read      248.9   119.1    68.9   125.6   139.3   228.5   276.9   305.5   325.4   349.3   379.9   426.6   558.5  1129.4  2666.8 108163.2   108181
read      245.5   108.7    68.9   121.2   134.2   225.0   278.6   308.7   329.0   353.5   384.5   430.4   532.2   808.4  2180.4  80613.8    80515
read      261.0   117.9    80.4   128.9   143.6   249.4   295.9   320.1   338.3   360.1   388.4   430.3   517.6  1341.5  2746.7  37084.8    37149
read      238.4   104.9    86.8   145.6   159.5   229.5   257.7   273.2   285.9   300.2   318.5   348.2   421.8  1092.6  4439.6  13519.4    13444
read      248.6   121.4    68.9   120.6   133.6   228.1   282.2   311.0   331.3   355.2   386.2   433.0   548.2  1341.4  2880.3  72201.8    72057
read      247.8   109.1    74.4   121.7   134.8   229.5   283.5   312.0   331.6   354.9   385.6   430.8   525.7   793.2  2838.9  70097.2    70041
read      243.0   105.4    74.4   121.6   134.5   222.5   273.7   303.6   323.7   347.2   378.5   426.2   531.3   823.5  1832.7  89811.6    90162
read      252.6    99.1    68.9   125.1   139.2   241.8   292.5   316.8   334.2   354.8   382.2   423.3   498.1   628.8  1652.0  52201.8    52082
read      259.7   116.5    80.4   141.2   157.7   250.9   287.8   308.6   322.7   341.3   365.0   400.1   478.9  1446.4  2949.4  24257.6    24258
read      255.3   158.7    74.4   121.7   134.9   229.6   284.8   314.5   336.0   362.6   395.6   446.8   613.5  1879.9  5225.0  71923.2    72013
read      251.0    99.3    74.4   123.3   137.4   237.6   290.0   316.2   335.2   357.4   385.4   427.1   502.5   631.1  1588.4  57905.6    58012
read      266.7   145.8    74.4   132.0   147.1   252.2   303.4   329.0   347.0   369.1   395.6   435.4   536.0  1457.1  4643.8  45580.0    45398
read      262.7    99.2    74.4   131.6   146.4   251.5   307.0   333.2   350.4   369.2   392.5   427.7   501.8   668.9  1567.2  50296.6    50177
read      274.9   117.9    86.8   138.4   154.0   266.0   315.1   338.9   355.5   373.5   397.7   436.0   529.5  1370.8  3008.1  34590.4    34504
read      258.4   117.4    74.4   127.3   140.8   238.0   296.9   327.2   346.9   369.1   395.4   435.7   541.7  1340.2  2305.1  66030.4    66010
read      251.4   109.2    74.4   125.3   138.7   231.5   289.2   319.8   340.3   362.8   389.3   428.2   512.6   719.3  3236.3  73873.2    73937
read      260.0   105.8    74.4   129.5   143.8   246.9   304.6   331.3   348.3   367.9   391.3   426.6   498.5   652.3  2999.5  54984.6    55020
read      261.9   104.5    74.4   130.8   145.2   249.2   306.4   332.7   349.7   369.5   393.4   428.9   503.9   666.5  2165.5  53260.0    53235
read      247.1   105.0    74.4   125.9   139.4   226.4   276.9   307.7   328.2   351.3   379.9   424.3   535.2   962.7  1948.7  97515.6    97743
read      227.8    96.7    93.8   152.7   164.7   219.0   241.4   254.0   264.3   274.9   292.8   317.9   381.6  1309.9  3669.0   5446.2     5419
read      256.6    94.0    86.8   154.6   169.8   250.5   282.2   300.0   311.8   324.6   341.5   367.6   435.0  1163.7  2694.3  14748.0    14764
read      230.0    83.6   101.3   152.5   164.5   222.7   246.8   260.5   270.2   282.3   297.2   319.8   378.1  1016.4  3056.5   7467.2     7451

Total QPS = 53205.3 (15961580 / 300.0s)

Total connections = 64
Misses = 0 (0.0%)
Skipped TXs = 0 (0.0%)

RX 3942510260 bytes :   12.5 MB/s
TX          0 bytes :    0.0 MB/s
Warning! Detected max cpu usage > 95%
CPU Usage Stats (avg/min/max): 99.73%,50.00%,100.00%
