Random waveform, supplied seed
Total number of intervals = 20 (6927, 52892, 98921, 61129, 40613, 53226, 38560, 103465, 104758, 94759, 37799, 8296, 69443, 12517, 43591, 20430, 93758, 10485, 16518, 83230)
Average QPS expected = 52565
Timestamp start: 1778664537263
Timestamp end: 1778664837534

#type       avg     std     min      p5     p10     p50     p67     p75     p80     p85     p90     p95     p99    p999   p9999      QPS   target
read      363.7   613.2   101.3   163.7   179.5   252.1   282.4   300.7   316.0   338.5   392.4   892.4  2943.3  7974.0  9882.0   6916.0     6927
read      861.0  2123.7    86.8   153.6   175.6   316.7   400.2   462.5   524.2   643.2  1130.4  3834.5 12344.3 18135.1 22968.5  52873.9    52892
read      990.5  1816.3    86.8   186.4   218.5   349.6   438.3   559.5  1264.5  1661.0  2760.2  4042.6  8843.1 18093.4 24144.1  98811.6    98921
read      636.3   935.7    86.8   189.7   217.2   359.3   441.7   503.7   564.7   685.7  1402.3  2537.4  4660.6  8136.3 10724.0  61128.4    61129
read      423.8   587.2    86.8   150.0   168.5   299.7   368.0   412.7   451.9   507.9   611.2  1046.2  3058.4  7741.5 11453.8  40549.4    40613
read      431.3   582.2    80.4   144.9   163.9   307.0   390.4   444.2   487.7   543.0   630.4   978.9  3187.4  7498.1 10081.9  53210.1    53226
read      456.0   699.9    86.8   147.8   165.9   300.9   367.6   410.6   448.0   502.7   615.6  1288.1  3863.5  7896.8 10699.7  38620.1    38560
read      812.2  1394.8    86.8   193.8   224.5   369.1   455.0   522.1   597.9  1143.8  1830.8  3382.2  8112.1 11523.5 14571.4 103424.2   103465
read      692.3   919.6    86.8   214.2   245.5   414.7   509.2   575.2   635.4   775.8  1594.9  2550.3  4579.7  8381.5 12459.3 104794.5   104758
read      596.1   808.8    86.8   189.0   215.5   354.7   435.9   499.5   563.8   705.4  1349.1  1912.5  3982.7  7987.4 11004.6  94742.8    94759
read      518.1   764.2    86.8   154.8   175.0   308.6   405.3   483.9   553.0   663.7   924.7  1649.0  3863.7  8118.9 12229.8  37849.3    37799
read      309.9   358.4    93.8   166.8   183.5   256.2   285.5   302.7   316.0   334.8   366.4   565.5  1453.7  7045.8  9338.6   8282.5     8296
read      653.4  1314.9    80.4   153.8   175.4   312.0   401.5   478.2   561.5   731.7  1148.5  2195.8  8494.0 12781.4 15995.4  69219.6    69443
read      298.0   246.9    93.8   161.1   179.1   263.5   295.6   314.3   328.3   345.4   372.4   446.0  1255.3  2799.7  7950.6  12463.9    12517
read      342.8   316.2    86.8   143.3   160.6   288.0   347.2   381.3   406.5   440.6   493.9   623.8  1777.9  3669.2  7835.3  43611.4    43591
read      382.9   413.8    93.8   155.9   176.6   299.8   349.7   378.5   401.0   432.3   499.4  1002.0  2173.5  5083.9  8078.7  20488.3    20430
read      614.0   964.9    80.4   171.5   196.4   327.2   397.9   453.0   508.5   649.6  1356.7  2566.5  5436.8  8724.8 12451.0  93782.3    93758
read      293.3   235.1   101.3   165.2   182.9   260.2   289.6   306.7   318.8   336.4   361.6   434.9  1224.5  2624.1  7870.2  10470.2    10485
read      377.8   464.7    86.8   159.3   179.1   288.6   331.8   356.9   375.5   401.9   457.3   952.8  2452.9  7143.9  8125.7  16528.7    16518
read      582.4   860.5    86.8   162.4   185.2   319.9   407.1   487.0   576.6   759.5  1170.4  2166.1  4792.9  7924.7 10434.8  83219.1    83230

Total QPS = 52549.3 (15764794 / 300.0s)

Total connections = 64
Misses = 0 (0.0%)
Skipped TXs = 0 (0.0%)

RX 3893904118 bytes :   12.4 MB/s
TX          0 bytes :    0.0 MB/s
Warning! Detected max cpu usage > 95%
CPU Usage Stats (avg/min/max): 99.72%,50.00%,100.00%
