Random waveform, supplied seed
Total number of intervals = 60 (6927, 52892, 98921, 61129, 40613, 53226, 38560, 103465, 104758, 94759, 37799, 8296, 69443, 12517, 43591, 20430, 93758, 10485, 16518, 83230, 5484, 55611, 20774, 96726, 32442, 73039, 74055, 51197, 59442, 35654, 78747, 42212, 52488, 36950, 16762, 79473, 61431, 87172, 108181, 80515, 37149, 13444, 72057, 70041, 90162, 52082, 24258, 72013, 58012, 45398, 50177, 34504, 66010, 73937, 55020, 53235, 97743, 5419, 14764, 7451)
Average QPS expected = 53209
Timestamp start: 1778881281206
Timestamp end: 1778881581498

#type       avg     std     min      p5     p10     p50     p67     p75     p80     p85     p90     p95     p99    p999   p9999      QPS   target
read      231.9    86.4   101.3   155.6   167.7   224.2   248.4   261.9   271.1   282.5   296.0   319.4   388.9   918.5  3383.6   6828.8     6927
read      262.5    97.2    74.4   132.7   147.8   251.4   306.0   331.2   348.0   368.9   393.8   428.9   498.5   614.0  1474.7  52808.2    52892
read      243.6   108.4    74.4   124.8   138.6   221.2   272.0   300.7   320.4   345.0   378.0   425.4   529.7   832.4  2019.9  98711.8    98921
read      255.6   101.3    74.4   128.7   142.6   238.4   295.6   322.9   341.8   364.5   391.8   429.3   504.1   659.4  1943.2  61104.6    61129
read      269.3    97.3    80.4   140.2   155.8   266.3   312.6   333.9   347.6   365.9   388.0   420.1   480.9   591.9  2113.5  40702.0    40613
read      260.8    96.7    74.4   132.2   147.3   249.5   304.1   329.4   345.9   367.1   392.1   426.6   494.5   593.3  1222.0  53179.0    53226
read      271.3    96.1    80.4   141.9   157.8   269.2   315.2   335.9   349.4   366.2   387.4   418.9   479.8   635.1  2149.4  38618.0    38560
read      243.9   100.3    74.4   127.0   140.4   222.1   272.1   300.2   320.0   344.4   376.7   424.1   525.4   835.2  1380.1 103466.4   103465
read      245.9   102.3    68.9   127.7   141.3   224.3   273.8   301.9   322.1   346.6   379.8   428.2   533.2   783.8  1604.1 104702.0   104758
read      244.1   106.9    74.4   125.5   139.0   221.6   273.3   302.6   322.9   347.4   380.5   426.2   523.1   784.1  1978.1  94777.8    94759
read      267.3    92.7    74.4   140.5   156.1   265.4   310.4   331.1   344.7   362.0   382.5   411.6   468.3   575.1  1749.1  37752.6    37799
read      236.2    70.2    86.8   156.9   170.2   231.5   256.4   269.4   278.2   289.1   302.1   322.7   381.1   571.8  2762.2   8259.2     8296
read      252.4   117.4    74.4   125.6   139.6   231.3   289.5   318.3   338.6   362.6   391.7   431.4   512.6   761.4  3302.0  69299.8    69443
read      252.3    65.7    93.8   161.5   176.4   251.0   277.1   290.8   300.0   311.8   325.4   346.7   403.0   541.4  2077.4  12505.2    12517
read      265.4    96.5    80.4   137.0   152.4   259.8   309.3   331.8   346.3   365.1   387.5   419.7   483.4   597.2  1436.6  43457.6    43591
read      268.0    75.9    80.4   157.0   174.4   270.3   300.7   315.4   325.8   338.5   354.5   379.3   432.9   543.0  1988.4  20491.8    20430
read      244.4   105.6    74.4   125.4   138.8   222.0   274.1   303.5   323.9   348.0   380.7   426.8   522.9   794.4  1572.0  93744.0    93758
read      248.5    96.6    93.8   161.4   175.9   244.1   270.5   284.0   293.0   304.2   317.8   341.1   397.7   570.0  3742.5  10590.0    10485
read      265.1    83.6    86.8   161.1   177.7   265.1   293.9   308.6   318.0   330.5   344.4   369.5   427.3   606.1  2966.6  16471.0    16518
read      247.1    99.3    74.4   125.8   139.3   224.9   280.6   310.8   331.8   356.5   387.6   430.8   517.8   679.1   932.4  82920.0    83230
read      228.5    98.2    93.8   154.3   166.6   221.0   243.3   255.9   265.7   275.4   290.9   314.3   381.6   800.9  4312.6   5560.0     5484
read      258.5    99.5    74.4   130.9   145.5   244.3   301.4   327.4   344.5   365.4   390.4   425.6   496.7   618.2  2264.9  55628.4    55611
read      263.3    80.9    86.8   154.2   170.7   264.6   296.1   311.3   320.9   334.2   348.5   373.8   431.7   529.7  1979.7  20756.8    20774
read      241.9    99.7    74.4   124.9   138.4   220.0   271.2   299.9   320.0   344.0   375.9   422.6   516.9   741.0  1267.3  96554.2    96726
read      269.5    87.8    74.4   144.8   161.1   270.5   311.1   329.5   341.6   356.9   374.5   403.2   465.7   588.1  1989.6  32501.0    32442
read      249.4   102.4    68.9   125.3   138.9   228.4   286.2   315.7   336.0   359.8   389.7   430.5   509.1   660.3  2018.7  72879.2    73039
read      250.2   103.9    68.9   125.8   139.5   228.2   286.1   316.2   336.9   361.0   391.2   432.8   519.6   688.7  1828.2  74054.4    74055
read      263.8   101.9    74.4   133.7   149.0   252.6   308.2   333.6   350.3   369.8   394.0   427.2   494.2   618.3  2278.5  51105.2    51197
read      258.7   103.2    74.4   130.2   144.5   242.1   301.1   328.4   346.3   367.8   394.5   431.7   504.1   626.9  1619.3  59633.8    59442
read      270.7    86.1    80.4   144.4   160.7   271.3   314.5   333.9   346.2   362.4   381.4   410.0   466.3   548.2   698.2  35654.6    35654
read      248.9   112.7    68.9   125.3   139.0   225.8   282.5   312.9   333.8   358.3   389.2   433.1   526.2   797.3  2982.9  78798.2    78747
read      267.9    94.9    74.4   139.4   154.8   264.2   313.1   334.7   348.6   366.1   387.4   418.0   474.6   573.5  2188.8  42025.0    42212
read      262.8   101.4    74.4   132.8   147.7   250.6   306.7   331.9   348.7   369.2   394.2   429.2   500.7   612.2  1877.4  52487.6    52488
read      270.9    90.1    74.4   142.9   159.2   270.3   314.7   335.0   348.1   364.9   384.8   413.4   469.8   580.1  1728.1  36807.6    36950
read      260.7    73.1    86.8   159.3   175.9   261.3   290.4   304.7   314.2   325.2   340.2   364.5   417.4   521.6  2143.9  16741.8    16762
read      249.4   105.2    74.4   126.8   140.3   227.6   283.6   313.6   334.4   358.7   389.5   432.1   520.5   704.2  1153.8  79449.4    79473
read      257.4   109.2    74.4   129.4   143.7   239.1   297.6   325.3   344.2   367.1   394.6   432.5   509.6   679.5  2104.6  61502.8    61431
read      246.3   100.0    74.4   125.4   139.0   224.3   278.6   308.5   329.3   353.8   386.1   430.8   522.9   689.7  1089.2  87136.6    87172
read      247.7   112.0    74.4   128.1   141.5   224.6   274.0   302.4   322.1   346.4   380.2   431.1   565.5  1076.6  2523.7 108198.0   108181
read      247.4   102.0    74.4   125.3   138.9   225.0   281.0   311.6   332.8   357.7   388.8   431.2   515.0   682.7  1900.1  80618.6    80515
read      269.9    93.8    80.4   142.8   159.1   268.7   313.5   333.9   346.9   363.4   382.9   412.2   469.9   576.9  1831.1  37142.8    37149
read      258.1   132.6    93.8   161.8   177.2   254.0   281.5   295.3   305.6   316.5   331.8   355.4   417.8  1181.5  7429.7  13527.2    13444
read      253.3   111.3    74.4   127.5   141.0   230.6   289.1   319.0   339.5   363.2   392.9   435.5   532.5   841.2  2652.2  72108.8    72057
read      252.9   102.0    74.4   126.9   140.5   231.8   290.0   319.7   340.1   364.3   394.5   435.8   528.9   689.0  1026.3  70002.4    70041
read      249.2   120.0    74.4   126.3   139.7   224.0   277.3   307.8   329.2   354.6   388.5   437.9   563.4  1034.2  3168.6  90095.6    90162
read      261.5    98.5    74.4   132.5   147.4   249.1   305.7   331.1   347.5   367.1   391.8   427.4   497.6   613.5  1768.6  52165.8    52082
read      263.9    82.9    80.4   150.4   166.3   264.3   299.3   315.7   327.2   340.2   357.4   383.5   437.5   572.7  1607.7  24153.6    24258
read      250.7   104.3    74.4   125.8   139.4   229.0   287.2   316.7   336.9   360.5   390.5   432.8   530.9   796.8  1580.6  72054.4    72013
read      260.1   109.4    74.4   130.0   144.1   242.7   302.3   329.8   347.5   369.3   395.8   433.2   514.1   772.5  2601.5  57910.6    58012
read      262.5    93.5    74.4   134.2   149.1   254.7   307.6   331.1   346.1   364.7   387.1   419.7   485.2   591.6  1199.3  45545.2    45398
read      262.0   110.1    74.4   131.5   146.1   249.1   305.3   330.9   347.5   367.6   392.1   427.3   503.5   723.3  3163.4  50321.0    50177
read      266.0    92.1    74.4   140.3   156.2   264.5   308.7   328.7   341.5   357.0   374.4   403.6   466.3   576.0  2489.1  34459.6    34504
read      255.1   107.8    74.4   128.1   141.8   234.5   294.8   324.0   343.2   365.7   393.6   432.5   516.2   692.0  2910.7  66140.4    66010
read      249.2   100.5    74.4   125.3   139.0   227.9   285.6   315.6   335.8   359.1   388.8   430.5   516.8   703.7  1134.1  73889.0    73937
read      260.1   109.9    74.4   130.8   145.4   245.4   302.7   328.6   345.5   365.8   391.0   427.2   501.7   726.1  3186.2  54994.2    55020
read      259.7   104.2    80.4   131.3   145.9   246.2   303.3   328.9   345.4   365.5   390.0   425.4   498.1   638.4  1937.4  53273.2    53235
read      246.2   106.6    74.4   126.2   139.9   223.1   274.2   303.9   324.3   348.4   381.6   431.2   545.0   954.3  2016.3  97804.2    97743
read      223.0   132.7    93.8   151.8   163.1   214.8   234.8   248.6   258.2   269.4   284.0   306.9   362.2   745.5  8347.7   5437.4     5419
read      252.1    95.9    80.4   156.4   172.4   248.8   278.8   293.1   303.3   314.7   329.6   352.1   403.5   542.9  3866.5  14719.6    14764
read      227.8    66.8    93.8   153.2   165.4   222.1   245.3   259.2   269.0   280.2   294.1   316.2   370.8   539.8  3525.1   7507.4     7451

Total QPS = 53195.6 (15958677 / 300.0s)

Total connections = 64
Misses = 0 (0.0%)
Skipped TXs = 0 (0.0%)

RX 3941793219 bytes :   12.5 MB/s
TX          0 bytes :    0.0 MB/s
Warning! Detected max cpu usage > 95%
CPU Usage Stats (avg/min/max): 99.74%,50.00%,100.00%
