Random waveform, supplied seed
Total number of intervals = 20 (6927, 52892, 98921, 61129, 40613, 53226, 38560, 103465, 104758, 94759, 37799, 8296, 69443, 12517, 43591, 20430, 93758, 10485, 16518, 83230)
Average QPS expected = 52565
Timestamp start: 1778884451216
Timestamp end: 1778884751491

#type       avg     std     min      p5     p10     p50     p67     p75     p80     p85     p90     p95     p99    p999   p9999      QPS   target
read      231.1    83.5    86.8   156.2   168.8   223.5   247.8   261.7   271.0   282.6   296.4   320.3   383.3   778.0  3320.2   6879.2     6927
read      252.5    97.8    68.9   126.5   140.8   242.3   294.3   318.0   334.2   352.3   375.7   412.2   484.5   623.2  1990.7  52853.9    52892
read      241.2   109.0    68.9   123.2   136.9   221.2   271.1   298.7   318.1   340.4   369.0   412.8   516.2   841.5  2709.2  98966.1    98921
read      251.0   103.3    68.9   124.4   138.7   235.4   291.5   317.9   336.0   356.7   383.0   420.9   496.4   636.2  2028.3  61081.3    61129
read      267.6   103.0    74.4   133.3   149.6   259.9   309.5   333.9   350.9   372.1   398.0   433.9   509.6   684.9  2126.0  40579.0    40613
read      256.6    98.7    74.4   128.2   143.0   244.9   299.1   324.2   341.4   361.8   386.7   422.0   492.2   619.3  2052.4  53223.7    53226
read      269.4   109.3    74.4   134.9   151.0   262.2   311.1   335.3   351.9   372.7   398.5   433.7   508.4   677.1  2366.7  38480.4    38560
read      243.5   108.1    74.4   124.9   138.9   222.7   272.1   300.3   319.8   342.5   371.8   417.1   525.8   982.6  2427.8 103561.3   103465
read      242.4   103.0    74.4   125.2   139.0   222.2   271.1   298.9   318.4   341.0   369.6   413.7   519.1   862.5  2269.5 104719.4   104758
read      241.9   104.4    68.9   123.1   136.7   220.8   272.3   301.3   321.1   343.8   372.8   416.8   510.4   856.1  2142.6  94696.1    94759
read      273.1   137.7    74.4   135.3   151.2   262.4   312.0   336.8   354.6   375.8   401.9   438.3   534.8  1534.5  3715.7  37852.2    37799
read      228.2    99.3    93.8   151.3   163.1   218.1   242.9   257.6   267.7   279.0   294.3   319.1   397.0  1361.0  3829.1   8274.9     8296
read      248.8   108.3    74.4   122.7   136.6   229.3   286.7   315.3   334.5   356.4   384.5   425.5   512.6   783.7  2260.7  69406.3    69443
read      240.7    83.4    86.8   151.9   165.7   233.1   263.8   278.3   289.1   301.2   317.1   342.7   404.4  1018.9  2716.2  12534.2    12517
read      263.2   118.3    74.4   130.0   145.6   252.6   302.8   326.9   343.2   363.7   389.6   428.0   524.2  1184.1  3212.0  43516.6    43591
read      259.3   109.3    80.4   147.4   163.1   254.0   288.8   306.5   318.6   333.8   352.1   383.3   457.4  1324.0  3749.0  20401.7    20430
read      243.4   120.7    68.9   122.3   135.8   220.1   272.0   301.5   321.6   344.4   373.5   420.3   542.7  1216.1  3371.6  93811.5    93758
read      238.0   112.5    80.4   153.8   166.7   228.7   256.5   271.0   281.4   293.0   309.2   334.4   400.8  1247.3  4007.4  10426.1    10485
read      258.0   118.4    86.8   154.3   169.3   251.8   283.3   298.9   311.1   324.2   341.5   370.3   449.7  1362.9  4011.3  16532.9    16518
read      245.3   115.7    74.4   122.3   135.9   222.6   278.2   308.1   328.5   351.5   380.9   424.9   524.5   922.1  3320.8  83103.3    83230

Total QPS = 52545.0 (15763502 / 300.0s)

Total connections = 64
Misses = 0 (0.0%)
Skipped TXs = 0 (0.0%)

RX 3893584994 bytes :   12.4 MB/s
TX          0 bytes :    0.0 MB/s
Warning! Detected max cpu usage > 95%
CPU Usage Stats (avg/min/max): 99.72%,49.75%,100.00%
