Random waveform, supplied seed
Total number of intervals = 600 (6927, 52892, 98921, 61129, 40613, 53226, 38560, 103465, 104758, 94759, 37799, 8296, 69443, 12517, 43591, 20430, 93758, 10485, 16518, 83230, 5484, 55611, 20774, 96726, 32442, 73039, 74055, 51197, 59442, 35654, 78747, 42212, 52488, 36950, 16762, 79473, 61431, 87172, 108181, 80515, 37149, 13444, 72057, 70041, 90162, 52082, 24258, 72013, 58012, 45398, 50177, 34504, 66010, 73937, 55020, 53235, 97743, 5419, 14764, 7451, 48208, 16149, 78989, 18886, 75954, 44409, 16431, 85707, 58253, 103867, 21604, 90401, 84467, 99700, 32052, 18173, 67789, 51929, 83850, 18614, 29315, 108090, 27024, 49907, 9150, 34328, 51881, 14569, 81517, 78694, 93409, 39093, 18729, 70818, 21942, 91810, 39588, 40957, 62645, 15539, 107672, 32954, 58866, 23739, 54701, 60706, 72350, 58661, 34912, 103268, 38703, 83358, 57408, 86837, 33517, 66204, 73758, 99742, 109462, 94453, 44096, 100467, 8576, 59359, 7614, 60329, 43762, 67038, 26095, 71173, 109276, 13150, 61250, 84472, 82226, 27671, 98736, 106314, 105027, 96867, 89493, 50538, 22083, 48618, 94298, 63579, 64573, 77178, 29824, 64495, 20917, 85651, 61935, 50216, 72251, 71798, 19701, 24952, 81838, 26648, 24837, 29420, 103882, 70314, 61679, 49557, 19325, 9128, 94933, 24327, 71896, 93771, 20452, 42338, 72627, 80603, 49049, 92305, 56889, 78036, 71583, 72609, 107382, 86530, 16550, 84534, 72631, 49291, 62175, 80213, 16566, 53985, 101949, 24076, 52574, 106271, 105451, 86087, 29108, 101115, 74326, 75832, 94901, 15809, 28874, 51882, 32653, 41676, 63019, 99164, 47055, 62394, 98519, 32122, 49464, 24034, 77363, 91698, 38997, 86028, 83012, 15024, 56640, 97362, 107412, 65030, 79278, 47544, 105368, 58181, 56960, 14849, 63672, 48289, 11797, 10781, 49362, 102119, 46213, 97025, 18351, 21426, 43013, 67376, 36043, 6255, 102499, 26263, 56974, 40869, 46514, 11431, 58600, 68058, 54502, 64022, 52142, 101375, 40606, 47485, 48977, 38615, 80279, 75843, 67095, 41325, 55752, 85561, 14194, 88002, 90515, 109283, 26699, 37400, 19307, 11527, 83787, 22209, 75169, 73833, 94641, 61338, 91825, 77235, 37257, 32057, 108618, 72930, 43714, 87369, 56640, 97360, 79788, 11352, 87962, 40663, 59386, 48302, 19398, 82197, 77387, 72753, 7720, 46279, 42102, 90892, 39976, 61084, 16735, 45909, 28976, 84704, 101822, 92571, 12106, 58568, 51319, 21556, 14191, 29072, 16350, 86891, 104441, 8906, 42175, 51797, 76678, 19630, 100132, 40498, 108559, 23964, 70760, 99567, 107548, 53742, 103931, 60359, 9725, 52014, 40053, 86436, 23983, 66595, 26056, 51764, 40202, 76665, 11133, 80405, 79106, 97258, 36307, 28636, 41620, 75736, 44979, 31478, 37586, 108330, 64301, 11203, 7291, 87477, 77485, 42055, 26865, 94592, 66869, 17835, 55977, 82437, 15775, 87559, 105401, 88752, 94531, 101303, 86640, 84818, 20221, 43599, 52779, 89855, 48532, 107423, 46535, 47535, 49633, 30334, 17207, 106074, 48912, 96483, 39228, 92350, 85084, 81993, 101617, 16730, 71079, 108942, 55406, 42279, 21876, 34140, 42897, 18462, 100375, 41347, 101594, 47486, 73393, 51134, 58201, 71020, 72071, 93446, 28724, 59269, 74624, 52368, 9687, 44165, 6895, 55457, 61164, 108384, 33319, 97895, 39720, 68554, 86849, 30264, 100754, 98098, 86028, 93054, 42348, 29490, 18187, 95113, 8570, 62285, 52582, 34260, 59493, 58208, 93458, 18056, 94134, 37808, 53481, 25666, 108853, 41576, 70282, 45769, 92383, 12100, 67747, 68933, 63242, 72993, 51022, 67069, 24895, 68588, 42706, 49479, 64792, 73879, 31893, 74262, 57246, 91617, 55173, 108633, 15720, 99961, 102613, 57169, 56950, 49938, 5383, 39719, 36653, 69482, 46749, 65109, 46501, 109480, 69433, 58157, 70737, 34617, 77563, 90036, 36689, 46832, 104903, 14153, 21674, 5689, 37781, 15507, 102064, 71340, 79815, 44352, 109562, 86219, 47335, 41962, 45802, 13389, 95780, 87844, 55903, 100902, 70988, 53831, 26948, 32347, 41050, 56197, 94617, 71839, 79082, 107630, 60164, 97878, 63680, 73888, 65499, 96906, 103287, 49664, 32535, 46477, 7459, 74137, 57061, 34213, 7432, 41605, 32998, 61636, 64695, 14063, 91302, 6064, 41354, 19863, 19488, 14040, 19538, 20199, 106657, 92457, 92780, 68203, 81753, 57748, 21027, 49680, 82042, 93691, 45291, 30437, 67422, 69956, 35404, 80225, 105585, 20088, 12672, 15696, 25951, 65007, 10189, 78008, 12678, 15922, 41774, 38788, 34559, 54825, 42697, 12669, 70047, 96137, 92934, 20597, 66597, 59987, 58456, 59958, 98221, 55912)
Average QPS expected = 57644
Timestamp start: 1778506143175
Timestamp end: 1778507943630

#type       avg     std     min      p5     p10     p50     p67     p75     p80     p85     p90     p95     p99    p999   p9999      QPS   target
read      245.9    79.1    93.8   162.1   176.8   237.7   261.5   274.3   284.9   295.9   312.9   340.2   442.1  1166.0  1932.4   6922.3     6927
read      313.8   235.5    74.4   128.6   144.2   272.7   337.8   386.0   423.3   465.2   518.5   595.3   859.3  2923.4  7389.0  52820.3    52892
read      304.7   338.6    74.4   125.9   141.3   240.6   293.1   323.7   346.8   381.1   432.1   554.1  2010.2  3603.4  7912.9  99203.7    98921
read      253.1   105.9    74.4   125.5   140.1   240.4   290.4   315.1   332.2   351.8   380.5   425.3   511.8   684.8  1978.6  61045.3    61129
read      257.7    99.7    80.4   133.6   150.1   252.8   292.7   313.0   327.0   342.8   365.7   402.3   480.0   657.2  3534.2  40740.7    40613
read      257.3   104.6    80.4   129.1   144.2   247.5   295.0   318.6   335.0   353.9   380.0   422.2   504.8   712.5  2094.2  52957.0    53226
read      257.1    90.1    80.4   135.6   152.4   253.4   292.4   312.2   325.8   341.5   363.8   398.9   469.5   576.2  1438.0  38444.7    38560
read      247.4   104.4    74.4   124.7   139.0   229.2   277.1   303.8   322.3   343.9   374.9   428.5   542.3   865.8  2130.9 103565.0   103465
read      249.6   119.9    74.4   125.2   139.6   230.9   278.8   305.5   324.3   345.8   378.7   431.6   546.9   966.1  2438.0 104599.7   104758
read      251.1   127.3    74.4   124.1   138.5   230.3   280.1   307.8   327.2   349.3   383.3   436.3   569.3  1138.1  4778.1  94632.3    94759
read      257.2    83.1    80.4   136.5   153.1   254.3   292.4   311.9   325.2   340.9   362.9   397.3   469.0   587.3   917.3  37873.7    37799
read      234.6    86.4    93.8   159.9   173.1   228.5   249.4   261.6   270.3   281.1   294.5   318.2   394.8   940.3  2519.2   8299.7     8296
read      251.3   120.3    74.4   123.8   138.0   234.7   286.1   312.4   330.4   350.9   380.5   428.2   526.3   899.8  3994.2  69411.3    69443
read      241.2    75.1    93.8   157.7   174.6   236.4   260.0   272.3   281.9   292.7   307.8   332.0   399.1   869.1  2616.6  12508.3    12517
read      259.2   109.4    80.4   132.5   149.0   252.7   295.4   316.6   331.3   346.8   371.1   408.3   485.2   882.4  2987.4  43573.3    43591
read      250.9    85.5    86.8   150.2   168.6   247.7   275.8   290.9   301.5   314.3   331.2   358.5   426.1   682.8  1992.2  20609.7    20430
read      246.1   110.4    74.4   122.9   137.0   227.4   276.5   304.2   323.1   344.6   375.5   428.6   540.7   815.3  2167.7  93884.0    93758
read      238.4    78.9    93.8   159.8   175.1   233.1   254.6   267.4   275.6   287.6   301.2   322.9   391.6   916.5  3341.4  10516.7    10485
read      247.9    68.4    93.8   154.5   173.0   245.0   270.1   283.9   293.4   305.9   320.4   345.5   406.2   716.0  2388.1  16449.7    16518
read      248.7   118.9    74.4   121.6   135.7   229.5   280.2   307.1   325.5   346.6   379.9   433.0   549.3  1103.7  3394.4  83213.3    83230
read      235.2   140.7    86.8   158.3   171.0   225.0   247.0   259.9   269.4   280.9   295.6   325.2   454.0  1015.7  3328.9   5419.7     5484
read      253.2   115.7    74.4   126.7   141.4   242.8   290.5   313.9   329.9   347.1   373.1   415.8   503.5   678.6  3871.5  55477.3    55611
read      250.8    69.8    80.4   150.0   168.0   248.5   275.9   291.2   301.9   314.9   332.0   359.4   424.3   619.2  1309.7  20788.7    20774
read      246.5   103.6    74.4   122.5   136.6   227.4   276.8   304.9   324.2   345.8   378.5   431.8   549.1   850.3  1793.6  96548.3    96726
read      259.6   114.8    74.4   141.3   159.5   256.8   291.8   310.0   322.1   337.1   356.2   389.2   458.6   594.1  3008.6  32451.0    32442
read      251.0   112.8    74.4   123.5   137.8   233.8   285.4   312.2   330.4   350.9   381.9   432.2   542.6   786.3  2167.8  73133.7    73039
read      249.6   120.0    74.4   123.0   137.6   233.0   284.2   311.1   329.3   349.7   380.0   428.9   530.5   755.0  1860.9  73930.3    74055
read      256.2    93.0    74.4   131.5   147.4   248.5   292.4   314.4   329.7   346.3   371.3   412.3   501.3   639.4  1535.7  51187.0    51197
read      252.1   101.5    74.4   127.1   142.0   241.6   288.8   312.5   328.6   346.0   371.9   415.0   500.8   634.0  2779.6  59487.0    59442
read      255.9   106.5    74.4   136.2   153.3   251.5   287.1   305.7   318.3   334.4   354.7   390.1   469.5   993.1  2863.7  35821.0    35654
read      244.5   105.5    74.4   120.8   134.6   228.4   278.5   304.8   322.6   342.6   371.0   420.7   523.1   714.2  2533.8  78348.3    78747
read      251.4    89.0    74.4   131.4   147.2   246.6   286.4   306.3   319.6   336.1   357.0   392.8   466.4   605.8  1592.0  42211.7    42212
read      252.1   108.7    74.4   127.3   142.1   243.4   288.3   310.6   325.7   343.3   368.3   409.2   498.7   683.6  3830.1  52682.3    52488
read      253.0    83.2    80.4   136.0   152.7   249.6   285.7   304.1   316.9   332.6   352.0   386.8   462.2   597.0  1879.8  36813.3    36950
read      245.4    81.4    86.8   152.9   170.5   240.2   266.1   279.5   289.7   301.2   317.6   343.8   418.5   919.2  3217.1  16876.0    16762
read      248.2   104.3    74.4   122.9   137.1   231.4   281.6   308.0   326.1   346.1   376.3   427.5   540.3   823.3  2065.9  79175.3    79473
read      253.1    99.4    74.4   126.1   140.6   241.2   290.3   314.9   331.5   350.0   378.3   425.1   511.9   661.3  1906.9  61015.7    61431
read      246.2   102.4    74.4   122.3   136.3   228.4   278.2   305.5   324.4   345.2   375.9   427.8   538.4   777.9  1385.3  87071.3    87172
read      248.5   111.0    74.4   124.7   139.2   229.5   277.3   303.9   322.2   343.7   374.6   428.8   555.7  1092.3  2468.1 107979.0   108181
read      248.7   115.3    74.4   122.5   136.6   229.9   280.9   308.0   326.5   346.7   377.5   429.8   546.8  1007.4  3085.0  80491.0    80515
read      254.7    80.5    80.4   135.8   152.5   251.9   289.1   307.8   320.1   335.9   356.3   393.0   465.3   575.7  1004.6  37135.7    37149
read      239.3    73.5    86.8   154.9   171.9   234.1   258.1   271.2   280.9   292.2   307.5   332.0   402.2   839.3  1958.4  13467.0    13444
read      249.4   114.4    74.4   123.0   137.1   232.2   283.4   309.9   327.9   347.4   377.7   428.0   537.6   810.2  3140.3  72283.0    72057
read      248.6   100.2    80.4   122.6   137.1   233.9   284.5   309.7   326.9   345.9   374.9   424.5   524.8   703.2  1619.0  69733.7    70041
read      246.0   111.0    80.4   122.0   135.8   227.4   276.5   303.3   321.8   342.8   372.9   426.4   548.6  1042.6  2602.7  90336.3    90162
read      254.8   113.2    74.4   129.1   144.1   245.9   290.6   312.7   328.0   344.7   369.8   410.9   504.0   812.9  2809.8  52167.3    52082
read      247.9    79.2    86.8   144.0   162.7   244.5   273.5   289.2   299.9   313.6   331.2   360.4   433.9   633.6  1972.5  24262.7    24258
read      247.7    97.6    80.4   122.4   136.7   232.9   283.0   308.7   326.0   345.3   374.3   424.6   527.6   713.8  1057.8  72051.0    72013
read      253.1    97.3    80.4   127.1   141.6   242.3   290.2   313.9   330.1   347.5   374.6   420.0   507.7   704.8  1361.7  57966.7    58012
read      259.4   120.5    80.4   132.0   148.2   251.5   294.2   315.8   330.9   346.8   371.9   413.2   500.5   857.8  4301.9  45286.3    45398
read      255.0    98.0    80.4   129.1   144.6   247.2   292.3   314.5   329.9   346.6   371.6   411.9   496.5   651.7  2843.0  50086.3    50177
read      255.4    89.8    80.4   138.4   155.1   252.0   287.6   305.7   318.2   333.8   353.3   388.3   464.7   632.4  2436.9  34520.7    34504
read      251.5   113.1    74.4   124.1   138.6   236.6   285.8   311.2   328.6   347.8   377.6   427.3   535.5   803.6  3911.0  65756.3    66010
read      246.9   104.6    80.4   121.6   135.9   230.9   280.3   306.0   323.5   343.2   372.8   426.5   538.7   763.3  2372.0  74041.7    73937
read      252.8    98.7    74.4   126.7   141.7   243.2   288.9   311.9   327.6   344.9   371.0   416.0   509.7   713.2  2286.1  55092.7    55020
read      255.0   125.1    80.4   127.9   143.1   243.9   289.7   312.8   328.6   345.9   372.1   416.6   505.1   798.2  4051.6  53319.0    53235
read      250.7   114.7    68.9   124.7   139.2   230.5   279.7   307.3   326.5   348.6   383.0   437.8   569.5   998.6  3167.5  97567.3    97743
read      230.5    65.6   101.3   159.6   171.9   223.9   243.7   254.8   264.6   274.5   290.8   315.8   399.8   928.2  1953.8   5500.0     5419
read      241.7    73.1    86.8   154.7   172.0   237.3   261.6   274.4   285.0   296.0   312.1   336.7   399.6   847.5  3056.8  14884.0    14764
read      235.0   147.2    86.8   159.9   173.6   225.9   246.3   257.8   266.6   275.5   291.0   315.5   402.1  1523.3  7800.5   7490.0     7451
read      254.5    90.6    80.4   129.9   145.7   247.9   291.3   313.2   328.2   344.4   369.0   408.4   492.4   630.3  1333.3  48484.3    48208
read      243.5    70.5    86.8   153.5   171.7   238.9   264.4   277.6   287.7   298.0   314.5   340.3   411.1   815.4  2577.0  16122.7    16149
read      247.6   114.5    74.4   122.1   136.2   229.3   280.3   307.7   326.6   346.5   376.8   427.6   538.4   869.9  2814.3  78787.7    78989
read      246.7    76.0    86.8   151.1   169.1   243.8   269.7   283.7   293.4   305.9   320.5   345.6   420.5   607.1  1911.0  18893.3    18886
read      251.1   113.6    74.4   123.5   137.8   233.2   285.1   311.8   330.2   351.0   382.8   432.8   545.2   839.6  3144.9  75800.0    75954
read      260.5   108.9    74.4   132.7   148.9   253.2   295.1   316.1   331.1   347.3   372.9   414.4   508.8  1032.3  2754.6  44401.3    44409
read      243.7    64.5    93.8   152.8   171.2   239.8   264.7   277.7   288.5   300.2   316.6   343.1   410.8   820.4  1145.9  16559.3    16431
read      247.8   106.2    74.4   123.1   137.4   229.2   280.0   307.7   326.6   347.6   379.5   431.6   538.1   792.3  1739.8  85481.7    85707
read      255.1   104.4    74.4   127.6   142.2   243.7   292.6   316.9   333.6   352.6   380.0   425.9   512.0   655.1  2002.3  58193.0    58253
read      260.9   156.7    80.4   127.6   142.1   236.5   286.0   313.4   333.0   357.1   393.2   455.4   621.0  2425.6  3782.7 103870.3   103867
read      252.9    74.9    80.4   150.5   168.9   249.4   277.8   293.3   304.9   317.8   336.1   364.6   436.6   626.6  2016.9  21761.0    21604
read      247.2   110.4    74.4   122.2   136.3   228.6   278.3   305.7   324.4   345.3   376.5   429.6   547.6   885.5  2705.7  90617.0    90401
read      250.2   114.7    74.4   123.3   137.5   231.4   281.9   309.1   327.6   348.1   380.8   433.2   561.2  1010.4  2986.2  84321.0    84467
read      249.1   114.0    74.4   124.0   138.4   230.0   278.9   306.0   324.7   345.6   377.6   431.6   559.2  1044.5  2475.5  99498.3    99700
read      254.1   108.1    86.8   138.9   156.7   249.9   284.0   301.5   314.0   328.6   346.1   381.3   459.4   659.1  4783.7  32120.3    32052
read      245.4    71.2    80.4   153.1   170.6   242.3   267.4   280.7   290.7   302.5   318.0   343.0   417.1   775.5  1487.5  18111.7    18173
read      250.2   104.9    74.4   124.1   138.6   235.8   285.7   311.1   328.2   346.4   374.4   424.0   529.6   728.4  1995.4  67908.0    67789
read      256.7    95.4    80.4   130.8   145.9   249.4   294.0   316.0   331.2   347.2   372.5   414.3   503.1   686.3  1939.3  51947.0    51929
read      251.4   105.1    74.4   124.2   138.7   233.5   284.8   311.9   330.5   351.6   383.4   434.4   556.9   840.2  1657.8  83834.0    83850
read      252.9    93.9    86.8   154.4   173.2   247.8   273.9   288.7   298.6   312.2   329.3   359.4   454.2   891.4  2862.6  18623.0    18614
read      258.3    81.2    86.8   143.2   161.7   255.4   288.3   305.4   317.1   332.1   350.4   387.0   468.1   662.9  1520.0  29362.0    29315
read      252.5   113.0    80.4   126.9   141.3   232.7   281.1   308.2   327.4   350.0   384.2   439.1   581.0   943.6  2395.2 107950.0   108090
read      256.1    95.3    86.8   145.8   163.9   252.0   282.8   298.3   310.7   324.0   342.5   372.9   454.8   971.4  3206.6  27022.0    27024
read      256.2    97.0    80.4   130.8   146.2   249.1   293.1   314.7   329.6   345.7   370.5   411.0   500.3   683.4  2082.5  49727.7    49907
read      235.3   127.8    86.8   157.3   172.7   227.1   248.1   260.1   268.7   278.7   293.2   317.0   396.6  1474.4  5809.3   9273.3     9150
read      257.4    83.7    80.4   139.2   156.5   254.3   290.2   308.5   320.4   336.1   356.2   392.3   464.7   694.5  1667.6  34179.3    34328
read      256.0   110.8    80.4   129.1   144.2   247.0   293.0   316.3   332.1   349.2   375.0   419.0   501.4   636.4  2096.2  51807.0    51881
read      244.7    66.6    86.8   157.3   174.4   240.2   265.2   278.3   288.5   299.6   315.8   340.6   403.4   828.2  1605.8  14572.3    14569
read      247.2   114.7    74.4   122.2   136.2   229.3   280.4   307.9   326.7   347.4   378.7   429.3   534.5   745.2  1830.4  81326.3    81517
read      253.3   120.6    80.4   124.8   139.1   233.8   286.4   314.2   333.2   355.5   388.1   439.5   552.8   877.4  3645.7  78914.3    78694
read      249.6   104.6    74.4   124.5   138.8   230.3   280.7   308.4   327.8   350.1   383.3   435.8   555.3   811.1  1386.9  93204.3    93409
read      261.6   104.5    80.4   137.6   154.4   256.8   297.1   317.0   331.1   346.0   369.0   404.1   476.1   632.3  3982.0  39187.0    39093
read      250.0    73.6    80.4   154.5   172.5   246.2   272.7   287.2   296.6   310.3   326.5   353.1   422.1   822.2  1796.3  18806.7    18729
read      254.6   121.8    74.4   125.6   139.8   236.9   288.7   315.3   333.5   354.7   385.4   434.1   542.2  1136.5  3655.6  70921.7    70818
read      253.9    90.4    80.4   151.1   169.4   250.5   278.9   293.8   305.2   317.7   335.6   363.6   430.3   814.8  4025.8  22026.7    21942
read      247.9   118.5    74.4   122.9   137.0   226.9   277.3   305.6   325.2   346.7   378.5   431.9   559.7  1079.7  2779.6  91529.0    91810
read      260.5    91.9    74.4   137.5   154.2   255.7   295.0   314.7   328.6   344.1   367.9   405.6   490.8   658.8  2238.7  39644.0    39588
read      262.4    89.6    74.4   137.5   153.8   258.0   298.9   319.2   333.9   350.1   373.0   410.9   493.2   640.4  1447.5  41140.3    40957
read      254.8   101.2    80.4   127.3   141.5   241.3   292.4   317.8   334.9   354.9   383.4   429.6   523.2   736.0  1325.3  62600.0    62645
read      245.8    74.6    86.8   156.9   174.3   241.5   266.2   279.2   289.4   300.8   316.6   342.5   409.8   851.0  2620.7  15545.7    15539
read      253.5   112.7    74.4   128.5   142.7   233.7   282.0   309.1   328.3   350.5   384.8   438.1   568.0  1052.0  2403.7 107346.7   107672
read      258.9   103.8    86.8   141.6   159.6   255.5   290.6   308.7   320.6   336.1   355.7   391.6   466.3   629.0  2943.3  32974.0    32954
read      254.5   110.0    74.4   127.3   141.9   241.7   291.5   316.3   333.1   352.1   379.4   423.7   510.9   737.5  3860.2  58688.3    58866
read      254.4    77.3    80.4   149.0   167.1   251.4   280.7   295.7   307.6   320.1   338.5   368.5   440.1   844.8  2022.9  23698.3    23739
read      257.7   145.0    74.4   129.0   144.1   245.0   292.7   316.4   333.0   351.8   378.1   421.1   508.2  1326.3  5002.4  54444.3    54701
read      255.7   120.4    74.4   126.1   141.0   240.8   291.1   316.4   333.7   353.8   381.9   427.5   530.5  1115.2  2743.2  60877.0    60706
read      248.5   101.4    74.4   123.1   137.7   231.9   283.5   310.6   328.9   349.1   378.9   427.7   525.3   682.9  1674.3  72230.7    72350
read      254.4   100.0    74.4   127.7   142.3   243.3   292.5   316.8   333.2   351.5   377.1   422.0   507.5   672.0  1371.8  58534.3    58661
read      259.2   100.1    80.4   138.9   156.1   255.5   291.7   310.5   323.3   338.9   359.9   394.7   468.0   716.8  3078.4  34984.0    34912
read      249.4   123.4    74.4   124.6   139.0   229.1   277.2   304.3   323.3   345.0   377.0   431.5   563.4  1280.1  2523.7 103312.7   103268
read      257.4    86.4    80.4   136.4   153.0   254.2   292.5   311.9   325.2   341.1   362.8   397.8   471.0   610.6  1583.3  38536.7    38703
read      248.0   106.9    74.4   123.3   137.4   229.9   281.1   309.0   328.1   349.4   380.7   430.5   531.8   726.5  2062.6  83504.3    83358
read      254.0   143.3    74.4   125.7   140.4   241.2   289.8   314.2   330.9   349.5   376.7   421.6   510.7   728.7  7957.3  57354.7    57408
read      245.8   112.0    74.4   121.2   134.9   226.7   277.0   304.7   323.6   344.8   375.5   428.5   541.8  1021.2  2529.3  86902.3    86837
read      258.3   110.0    80.4   138.8   156.1   254.7   290.2   308.4   320.6   336.2   355.7   390.1   459.8   707.3  3672.2  33501.3    33517
read      249.4   107.6    74.4   123.3   137.8   234.6   284.9   310.4   327.7   346.5   374.3   421.2   519.4   823.5  2254.3  65869.0    66204
read      250.6   107.9    74.4   123.8   138.0   233.9   286.0   313.1   331.3   351.8   383.2   431.4   531.7   722.5  1737.2  73565.3    73758
read      247.6   107.3    74.4   124.4   138.7   228.7   277.7   305.2   324.2   345.6   377.6   430.5   543.9   855.1  1647.3  99611.3    99742
read      250.5   112.1    80.4   126.1   140.6   231.5   279.0   305.9   324.8   346.3   378.9   433.1   551.2  1038.8  2708.6 109849.0   109462
read      253.4   137.6    74.4   124.4   138.7   230.8   281.0   309.2   328.8   351.3   386.0   441.1   581.0  1704.5  3763.0  94509.0    94453
read      256.1    90.5    80.4   132.1   148.2   251.1   293.6   314.5   328.9   344.5   367.4   403.4   481.8   618.5  1382.8  44230.7    44096
read      247.2   111.3    74.4   123.3   137.5   227.5   276.4   303.9   323.0   344.7   376.8   431.1   554.6   908.4  2990.4 100351.7   100467
read      232.4    87.5    93.8   158.7   172.0   225.5   246.2   257.8   267.0   276.7   291.3   314.7   388.0  1120.8  3689.5   8589.7     8576
read      254.2    96.2    80.4   126.8   141.3   242.6   292.3   316.9   333.8   353.2   381.5   425.7   511.0   648.9  1122.8  59151.7    59359
read      236.9    82.3    93.8   161.9   175.3   229.1   250.3   262.6   271.1   282.2   296.0   322.0   414.7  1007.2  2552.6   7591.3     7614
read      257.3   100.0    80.4   127.7   142.4   244.5   294.4   319.9   337.0   357.8   387.4   432.7   534.2   734.7  1631.0  60057.0    60329
read      258.4    93.4    74.4   133.6   149.8   253.3   295.3   316.3   331.0   346.6   370.4   406.8   484.1   596.1  1736.0  43598.3    43762
read      253.8   107.9    74.4   127.0   141.8   238.7   289.4   315.8   333.6   354.1   383.5   430.0   523.3   680.2  2915.3  67143.0    67038
read      262.7    82.7    80.4   153.4   172.0   259.6   290.3   306.7   317.8   332.3   349.7   383.7   451.2   710.5  3334.9  26027.0    26095
read      258.0   120.6    74.4   128.2   142.7   240.5   291.7   318.5   336.6   359.1   391.4   439.8   547.2  1027.0  3690.3  70938.7    71173
read      252.8   108.8    80.4   127.6   142.0   233.6   281.8   308.8   327.9   349.7   383.7   437.6   565.1   960.5  2166.3 109001.3   109276
read      248.6    82.1    93.8   163.9   180.5   243.4   266.9   279.7   289.5   300.4   316.4   342.2   414.1   871.6  3926.3  13089.7    13150
read      254.6   142.1    74.4   125.5   140.3   239.9   289.8   315.0   332.3   352.1   381.1   426.5   520.4   872.6  7168.9  61053.3    61250
read      248.8   105.7    74.4   123.3   137.4   230.4   281.3   308.7   327.8   348.8   382.2   433.5   541.6   876.9  1922.8  84363.7    84472
read      249.1   120.1    74.4   122.4   136.6   229.9   280.5   307.9   326.6   347.0   381.0   431.4   546.6  1173.2  3317.1  82340.0    82226
read      254.5    84.2    80.4   143.0   161.6   251.2   283.5   300.2   312.6   326.5   344.1   377.0   453.1   640.6  2494.0  27559.0    27671
read      246.6   117.4    74.4   122.3   136.6   227.2   275.9   303.4   322.2   344.0   376.7   431.8   552.5   876.0  3101.9  98432.7    98736
read      251.0   105.8    74.4   125.9   140.4   232.1   280.0   307.1   326.2   348.2   383.3   438.5   562.0   918.4  1747.8 106269.3   106314
read      250.9   120.7    74.4   124.8   139.5   231.0   278.9   305.9   325.0   347.2   382.7   438.6   569.7  1063.4  2514.8 105122.3   105027
read      251.3   135.4    74.4   123.1   137.3   228.9   278.9   306.9   326.2   348.4   384.4   440.2   582.8  1417.0  3719.7  96802.3    96867
read      246.5   103.7    74.4   122.1   135.9   227.4   278.3   306.3   325.4   346.8   380.8   432.6   541.4   792.8  1497.8  89858.3    89493
read      254.3   103.8    74.4   128.4   143.5   246.0   292.1   314.3   329.5   345.8   372.0   413.9   491.9   623.9  3798.9  50459.3    50538
read      252.1    90.4    80.4   148.7   166.6   249.0   277.5   292.8   304.1   317.2   335.1   364.1   434.9   650.1  2317.6  22201.0    22083
read      254.7    90.2    74.4   129.4   144.7   248.0   291.9   314.0   329.2   345.4   371.6   412.1   493.5   617.9  1306.9  48784.0    48618
read      243.7   104.1    74.4   121.4   135.3   224.8   274.5   302.1   321.0   342.7   374.2   426.0   534.8   805.7  1455.8  94498.3    94298
read      252.0   107.5    74.4   123.1   137.8   237.9   288.2   313.7   331.1   350.5   380.6   428.1   527.2   768.8  2858.0  63460.7    63579
read      251.1   103.6    80.4   123.9   138.5   237.2   287.5   313.0   330.3   349.3   378.9   425.2   517.9   692.1  2802.0  64343.3    64573
read      247.0   102.8    74.4   121.9   136.0   230.1   281.0   307.9   326.2   346.3   378.6   428.4   533.2   730.3  1405.6  77091.7    77178
read      255.5   101.6    80.4   140.6   158.2   251.8   285.2   302.2   314.6   328.9   345.7   379.3   456.8   887.1  3374.3  29840.7    29824
read      250.7   105.3    74.4   123.3   137.9   236.1   287.0   312.5   329.9   349.2   379.6   426.5   517.6   739.9  2247.2  64605.3    64495
read      249.0    78.1    80.4   148.7   166.7   245.9   273.5   288.7   299.0   312.5   329.0   356.2   422.3   749.4  2349.7  20984.7    20917
read      244.9   114.8    74.4   120.9   134.6   226.4   277.0   304.4   323.0   343.9   375.5   427.4   534.0   808.6  2361.7  85456.3    85651
read      250.3   106.3    74.4   123.5   138.1   236.7   287.2   312.4   329.6   348.3   376.7   422.6   507.3   662.0  2952.2  62156.0    61935
read      256.5   101.7    74.4   129.5   144.8   247.8   293.9   316.5   332.2   349.6   376.3   419.1   502.7   668.7  2661.5  50225.7    50216
read      249.7   103.7    74.4   123.1   137.5   232.6   284.7   311.9   330.5   351.7   383.3   431.5   529.6   731.8  2018.9  72374.3    72251
read      252.5   111.4    80.4   124.2   138.5   234.5   287.0   314.2   332.8   354.8   387.1   436.1   542.5   844.3  2837.5  72013.7    71798
read      253.3    98.4    86.8   151.4   170.1   249.0   276.5   291.8   302.8   315.9   333.5   363.2   434.0   833.6  5144.4  19627.0    19701
read      253.7    77.1    86.8   147.2   165.0   251.0   281.2   296.8   308.9   321.1   339.2   369.3   442.8   600.7  2401.0  24894.0    24952
read      246.0   107.9    74.4   121.2   135.0   227.7   279.0   306.5   324.9   345.2   377.9   429.3   533.7   800.6  2018.1  81627.3    81838
read      255.4    89.0    80.4   145.0   163.3   252.8   284.1   299.9   311.8   324.8   342.6   374.6   452.3   684.3  2121.6  26532.3    26648
read      255.5    97.7    80.4   147.1   165.3   251.8   282.3   298.0   310.3   323.2   341.3   371.7   442.0   878.6  3853.1  24829.3    24837
read      255.1    96.2    86.8   142.0   160.1   251.9   284.3   300.6   312.7   326.4   344.2   376.6   449.9   889.2  3383.5  29431.3    29420
read      249.6   136.1    74.4   123.7   138.2   228.1   276.5   303.7   322.2   344.5   378.8   434.2   576.4  1340.3  3230.3 103867.0   103882
read      251.8   103.3    74.4   124.5   138.8   235.9   287.3   313.1   330.9   351.8   384.2   432.8   534.2   813.5  1440.6  70195.7    70314
read      264.8   192.1    74.4   126.6   141.3   242.6   293.3   318.5   336.1   358.4   392.2   447.2   651.7  2349.0  8496.9  61687.3    61679
read      255.9   106.4    74.4   129.2   144.9   248.1   292.3   314.5   329.8   346.0   372.4   414.2   499.9   733.8  3785.6  49139.0    49557
read      247.5    68.4    80.4   151.5   169.1   244.1   270.5   284.8   294.4   307.7   323.6   349.7   420.0   824.2  1931.5  19303.7    19325
read      228.7    73.1    93.8   155.1   168.8   222.9   244.1   255.5   264.9   274.3   289.7   314.4   384.7   882.5  1979.8   9187.7     9128
read      244.2   117.3    74.4   120.7   134.6   224.0   273.8   301.1   319.6   341.7   374.1   428.0   562.3   890.7  3123.2  94550.7    94933
read      253.1    95.2    80.4   146.3   164.7   249.1   278.9   294.6   306.4   319.0   337.2   367.9   444.4   850.2  3192.3  24444.0    24327
read      248.3   113.7    74.4   122.2   136.4   231.6   284.4   311.4   329.5   349.5   380.8   428.7   519.1   649.1  1990.1  72064.7    71896
read      243.7   106.2    74.4   121.6   135.3   224.2   274.6   302.9   321.6   343.5   375.0   425.4   531.1   783.5  2019.0  93550.3    93771
read      250.9    75.8    74.4   150.8   168.9   247.6   275.1   290.5   301.0   314.0   330.8   359.2   428.4   781.3  2014.8  20486.3    20452
read      256.9   106.5    74.4   132.2   148.6   252.0   293.2   314.0   328.2   343.7   367.0   402.1   481.5   617.0  4279.4  42413.0    42338
read      252.2   125.3    74.4   122.6   136.8   233.6   286.6   313.6   332.0   353.8   385.9   433.3   538.2  1132.3  3728.4  72413.0    72627
read      245.7   107.1    74.4   121.0   134.9   226.9   279.2   307.0   325.8   346.5   379.1   429.0   528.1   795.3  2086.5  80282.0    80603
read      255.0    94.6    74.4   129.2   144.3   247.6   293.0   315.5   331.0   347.5   373.7   414.0   491.6   602.5  2168.2  49148.3    49049
read      243.2    98.8    74.4   121.1   134.9   224.5   275.1   303.3   322.0   343.7   375.3   427.5   527.3   700.2  1094.1  92386.3    92305
read      252.9    99.8    80.4   125.7   140.6   242.1   291.2   315.2   331.5   349.6   377.5   421.2   503.2   640.4  2310.2  57055.7    56889
read      247.0   113.0    74.4   121.2   135.3   229.2   281.8   309.5   328.0   348.7   380.5   427.8   523.0   711.5  2954.1  77829.0    78036
read      247.9   107.6    74.4   121.9   135.9   231.0   283.3   310.1   328.2   348.6   381.2   427.2   514.6   710.3  2683.5  71868.7    71583
read      248.6   130.0    74.4   121.5   135.6   231.6   284.2   311.1   329.1   349.4   380.7   427.8   521.0   717.6  4030.6  72264.7    72609
read      249.8   157.0    74.4   123.4   137.9   226.4   274.9   302.6   321.4   344.0   377.6   432.4   579.6  1780.9  6590.8 107440.3   107382
read      247.7   103.9    74.4   122.2   136.6   228.7   280.6   308.6   327.6   350.2   383.3   432.1   538.8   824.5  1499.0  86405.0    86530
read      245.4    87.1    86.8   153.4   170.9   241.3   266.7   280.1   290.2   302.0   317.9   343.5   404.1   796.0  3919.7  16691.3    16550
read      248.4   129.2    74.4   122.0   136.0   229.0   280.1   307.4   325.8   347.1   381.2   431.9   543.3   870.8  4990.6  84547.7    84534
read      248.4   103.8    74.4   122.4   137.0   231.9   283.8   310.4   328.5   349.1   381.1   430.1   525.4   680.9  1890.3  72461.3    72631
read      253.5    89.4    74.4   129.5   145.0   247.1   291.4   313.1   328.0   344.2   369.2   405.8   483.5   588.0  1137.4  49133.7    49291
read      251.8    98.1    80.4   125.8   140.5   239.4   290.2   314.7   331.3   349.9   378.6   420.7   502.9   640.7  1783.3  62244.3    62175
read      249.5   127.4    74.4   123.2   137.3   229.3   282.2   310.0   328.8   350.4   383.2   431.4   529.9  1029.2  3489.5  80327.0    80213
read      244.4    72.2    80.4   154.7   172.3   241.0   265.5   278.3   288.6   299.6   315.4   339.7   403.2   844.8  1682.3  16628.7    16566
read      253.4    95.0    80.4   128.8   143.3   244.3   292.4   315.3   331.0   347.8   373.3   414.2   491.3   609.1  1348.0  54102.3    53985
read      243.8   122.0    74.4   121.8   135.6   222.1   271.5   299.7   318.7   341.2   373.4   427.3   549.0  1061.8  3394.9 101869.3   101949
read      250.3    76.7    86.8   148.2   165.4   248.1   276.0   291.2   301.7   314.4   331.1   359.7   430.0   658.3  1739.1  24071.0    24076
read      256.6   111.6    80.4   129.8   144.6   246.7   293.2   315.6   331.3   348.9   375.9   418.3   504.0   863.4  3418.2  52682.3    52574
read      246.7   103.6    74.4   125.0   139.0   226.6   275.5   303.5   322.3   345.3   379.4   431.3   543.3   872.9  1609.7 106353.0   106271
read      247.5   117.4    74.4   124.7   139.1   226.4   275.8   303.5   322.1   344.9   378.5   431.3   554.5  1000.6  3023.7 105260.3   105451
read      243.6    98.1    74.4   121.9   135.6   225.0   276.8   304.9   323.4   344.8   377.2   425.5   517.5   681.8   866.9  86260.3    86087
read      251.9    82.0    80.4   142.6   160.5   250.1   281.5   297.1   309.0   321.0   339.2   369.6   441.2   579.5  2455.7  29128.7    29108
read      247.1   129.5    80.4   123.8   138.0   225.2   275.1   303.3   321.7   344.7   378.7   431.1   548.3  1193.3  4295.6 100831.0   101115
read      248.9    98.4    74.4   124.7   138.4   231.7   284.4   311.4   329.8   351.6   382.9   428.1   520.4   697.4  1154.7  74331.7    74326
read      249.7   110.0    74.4   124.2   138.1   231.5   284.4   311.5   329.9   352.0   384.8   431.1   526.1   779.4  2416.0  75760.0    75832
read      244.0   117.0    74.4   121.3   135.1   222.4   272.2   300.4   319.4   342.4   375.2   427.9   542.2  1170.6  3341.6  94718.7    94901
read      242.8    70.8    93.8   155.1   171.4   239.2   263.3   275.4   286.1   296.9   313.4   339.0   403.4   842.7  3014.7  15751.0    15809
read      254.1    99.2    86.8   143.9   160.9   252.0   283.4   299.4   311.1   323.8   341.5   372.1   445.6   711.3  2501.7  29023.7    28874
read      255.1    92.6    74.4   130.5   145.4   247.3   293.6   315.6   331.1   348.5   374.9   414.9   496.4   627.3  1255.9  51939.0    51882
read      257.1    83.6    80.4   142.8   159.9   255.3   289.2   306.8   318.6   333.8   352.7   387.3   457.0   587.3  1563.2  32643.3    32653
read      255.4    86.7    80.4   135.7   151.4   251.5   291.6   311.3   324.5   340.5   363.5   398.8   467.1   606.1  1062.6  41548.7    41676
read      250.7    95.3    74.4   126.1   140.4   237.5   289.0   313.6   330.5   349.6   378.4   420.6   501.4   640.9  1174.9  63086.0    63019
read      246.6   132.0    74.4   123.0   136.9   224.0   273.9   302.2   321.0   344.4   379.1   431.2   550.3  1207.8  4404.7  98887.7    99164
read      259.3    93.5    80.4   134.5   150.2   253.8   297.6   318.5   333.5   350.3   375.3   414.0   487.0   598.0   932.2  46957.0    47055
read      250.6    98.4    74.4   126.0   140.2   238.1   289.3   313.1   329.3   347.7   375.6   418.6   502.6   638.3  1985.0  62584.0    62394
read      244.1   113.6    74.4   121.7   135.4   222.8   272.5   300.3   318.6   341.0   373.8   427.6   553.0  1126.4  2527.2  98698.3    98519
read      253.5    90.2    74.4   140.0   157.2   251.6   284.7   301.6   313.4   327.4   345.5   378.7   449.2   626.2  1813.3  32005.3    32122
read      254.6   122.0    74.4   130.6   146.1   246.3   290.1   310.9   324.9   342.0   367.1   404.7   490.3   849.8  4859.2  49470.3    49464
read      247.3    90.6    86.8   147.0   163.9   244.7   271.9   286.9   296.8   309.9   324.9   353.2   420.2   862.7  3847.0  24115.0    24034
read      244.5   114.0    74.4   122.2   136.0   226.4   278.6   305.8   323.5   344.4   374.9   421.0   509.5   695.1  2639.9  77316.3    77363
read      244.0   105.0    74.4   122.5   136.3   223.8   275.0   303.5   322.0   344.9   378.2   428.1   531.2   755.1  1399.6  91835.0    91698
read      255.9    85.9    80.4   137.1   153.0   252.6   290.7   309.7   322.1   338.8   361.3   396.2   464.9   592.4  1433.7  39051.7    38997
read      244.2   122.9    74.4   121.2   134.8   224.1   275.8   303.9   321.9   344.5   377.0   426.5   529.3   791.7  4250.6  86181.3    86028
read      246.6   102.2    74.4   123.2   137.0   227.7   280.7   308.5   327.0   348.9   382.1   428.9   521.4   739.4  1756.8  83080.3    83012
read      238.9    62.4    86.8   154.2   170.7   235.3   258.7   270.7   279.8   291.3   306.4   329.8   393.2   876.9  1435.5  15186.3    15024
read      252.8   101.1    80.4   127.6   142.1   242.6   290.8   313.3   328.7   346.2   373.9   416.1   502.2   697.1  1962.9  56535.7    56640
read      246.1   112.2    74.4   123.4   137.4   225.3   275.4   304.0   322.6   346.0   381.3   433.5   543.3   840.6  2505.2  97147.7    97362
read      244.5   108.2    74.4   124.2   138.4   223.7   272.1   300.1   318.9   342.4   376.0   428.7   537.6   883.8  2435.8 107523.3   107412
read      251.1   106.1    80.4   124.8   139.1   235.8   288.6   313.7   330.9   351.1   381.9   426.0   508.6   738.3  3113.7  64946.7    65030
read      247.0   116.9    74.4   123.2   137.1   227.8   280.3   308.1   326.9   349.5   383.0   430.1   524.5   726.5  2455.2  79153.3    79278
read      254.9    98.3    74.4   131.5   146.8   248.0   292.5   313.2   327.9   345.3   371.5   408.7   484.5   615.1  1944.4  47418.7    47544
read      241.5   102.8    80.4   123.0   136.9   220.9   270.0   298.2   316.9   340.1   372.3   423.5   529.8   766.3  2066.4 105164.3   105368
read      254.3   134.6    80.4   127.6   141.7   241.4   291.6   314.9   331.8   352.1   378.9   418.6   505.2   744.6  4053.3  58085.7    58181
read      254.8    97.4    80.4   128.6   143.3   244.1   294.0   317.1   334.2   354.7   381.9   421.5   498.5   639.9  1459.7  56783.3    56960
read      244.1    74.8    93.8   158.6   174.8   240.1   263.8   275.9   286.0   296.0   311.9   336.8   400.1   890.4  3124.9  14827.0    14849
read      253.0   117.5    80.4   127.6   141.4   238.9   290.4   315.0   332.5   353.4   381.9   423.5   507.3   684.8  2952.5  63635.3    63672
read      257.7    95.7    80.4   133.7   149.1   251.2   295.4   315.9   330.8   347.4   373.1   410.4   489.0   723.1  1864.1  48338.3    48289
read      239.0    72.1    93.8   161.7   176.5   234.3   255.3   267.5   275.1   286.9   299.9   321.0   393.3   907.5  1668.7  11997.0    11797
read      235.4    71.5    93.8   160.8   175.0   230.8   250.8   262.4   270.5   280.8   294.4   317.2   389.1   910.1  3133.5  10789.3    10781
read      256.9    99.2    74.4   132.5   147.6   250.5   295.4   315.8   330.8   348.1   373.6   410.9   487.8   655.8  2232.4  49381.3    49362
read      249.8   117.7    80.4   127.6   141.3   229.2   279.1   306.7   326.0   350.3   386.0   434.9   542.3   840.4  2014.3 101987.7   102119
read      256.5    97.1    80.4   133.7   148.9   250.6   293.3   313.4   327.9   345.6   371.4   406.8   476.9   666.2  2530.5  46186.7    46213
read      249.4   119.2    80.4   124.8   138.9   228.0   278.2   305.8   324.5   349.3   385.4   437.4   554.1  1086.6  2799.6  96902.3    97025
read      241.1    70.4    93.8   151.3   167.7   238.4   263.0   275.3   285.6   296.0   311.7   336.4   400.7   602.0  2000.3  18281.0    18351
read      244.0    72.6    86.8   148.8   165.6   241.7   267.6   281.4   291.4   303.2   317.9   344.4   409.0   640.5  2026.5  21367.7    21426
read      254.2    92.5    80.4   134.6   149.9   249.6   289.6   309.1   321.7   339.9   363.9   398.5   463.7   593.6  3075.3  42987.3    43013
read      250.0   100.3    80.4   125.2   139.3   234.9   286.8   312.2   330.1   352.3   383.0   425.5   504.9   673.5  1823.2  67297.0    67376
read      255.0    88.8    80.4   138.7   154.6   252.9   288.4   305.9   317.3   332.8   352.8   387.0   457.6   815.8  2524.5  36234.0    36043
read      219.4    66.7   101.3   152.8   164.5   213.0   231.8   242.7   250.6   260.7   273.3   295.1   368.3   940.1  2054.5   6304.7     6255
read      247.9   108.8    74.4   125.7   139.8   227.7   276.8   304.1   322.7   347.5   383.0   433.6   542.6   892.3  1969.7 102225.3   102499
read      248.4    74.4    86.8   145.5   162.2   247.2   275.5   291.0   301.5   313.9   330.8   359.7   419.8   609.5  1622.0  26404.3    26263
read      254.1   104.7    74.4   128.9   143.1   243.0   292.0   315.0   332.1   353.1   381.6   420.6   495.3   623.8  3382.1  57004.3    56974
read      256.6    93.6    80.4   136.0   151.5   253.3   292.5   311.2   323.8   340.6   363.7   397.5   465.2   635.2  2495.3  41016.0    40869
read      258.0    99.7    80.4   133.6   148.8   251.1   295.7   316.3   331.8   349.7   374.9   410.7   479.9   726.2  2968.1  46674.0    46514
read      231.6    76.0    93.8   155.7   169.7   227.2   248.1   259.8   268.6   278.5   292.7   315.0   373.0   904.4  3826.1  11472.0    11431
read      254.6   114.7    80.4   128.6   142.8   242.2   291.9   315.2   332.9   354.9   382.9   422.1   501.6   681.4  3978.6  58722.0    58600
read      252.8   114.7    80.4   126.2   140.3   236.1   289.3   314.5   333.2   356.6   387.1   428.9   512.1   754.5  3549.3  67743.7    68058
read      254.7   100.6    80.4   129.7   144.0   244.8   293.3   315.9   332.6   352.9   380.7   418.5   490.4   620.5  2823.6  54295.0    54502
read      251.8   109.4    74.4   126.3   140.4   236.8   288.6   313.4   331.3   353.8   384.0   426.0   504.7   670.5  3529.8  64336.7    64022
read      253.2   100.0    80.4   129.1   143.7   244.6   291.1   312.8   328.2   346.9   373.8   411.7   489.0   625.4  3103.5  52039.3    52142
read      240.1    98.1    74.4   121.8   135.3   220.3   269.1   296.8   315.8   340.6   373.3   421.8   521.2   727.8  1293.7 101345.7   101375
read      253.9    86.4    80.4   134.5   150.1   250.6   289.9   308.7   320.5   338.5   361.7   395.9   462.1   559.8  1928.5  40510.7    40606
read      254.8   100.3    74.4   131.3   146.2   248.2   291.9   312.5   327.3   345.5   370.6   404.5   480.4   693.3  2166.1  47355.0    47485
read      256.0    88.4    80.4   131.9   147.2   249.5   294.7   315.5   331.3   350.5   376.7   411.1   476.0   581.6   967.6  48931.7    48977
read      257.2   108.6    80.4   136.9   153.0   253.2   291.4   310.1   322.3   339.9   363.4   398.5   465.5   604.9  3992.4  38587.0    38615
read      247.3   117.3    68.9   122.3   136.1   226.7   279.8   307.7   326.7   351.9   385.2   431.4   528.0   819.9  3037.3  80076.0    80279
read      247.1   104.9    74.4   122.6   136.4   229.0   281.7   308.6   327.2   352.0   385.0   429.7   513.2   687.5  2274.8  75738.3    75843
read      248.6   110.7    74.4   123.7   137.9   233.1   285.1   310.3   327.6   349.6   379.1   421.1   503.7   692.1  3229.0  67158.0    67095
read      254.4    86.2    80.4   134.3   150.1   250.8   290.4   309.2   321.1   339.3   362.5   396.8   469.9   626.4  1695.0  41260.3    41325
read      251.2   108.2    74.4   127.7   141.7   240.5   289.1   312.0   328.1   348.0   374.1   411.8   490.9   631.5  1954.6  55747.3    55752
read      243.9    99.6    74.4   121.8   135.5   224.5   275.7   304.1   322.7   348.5   383.1   429.1   519.4   686.6  1322.2  85412.7    85561
read      235.5    72.4    93.8   154.9   170.5   231.2   253.2   265.6   273.7   285.3   298.4   319.8   383.7   913.9  2745.7  14157.0    14194
read      243.7   104.0    68.9   121.9   135.6   223.8   275.0   302.8   320.7   346.3   380.9   428.2   524.2   740.8  1606.9  88061.3    88002
read      245.7   105.2    74.4   123.4   137.5   226.0   276.7   304.5   323.1   349.3   384.3   431.8   525.0   714.4  1325.6  90286.7    90515
read      241.0   107.3    74.4   122.7   136.6   220.8   268.7   295.8   314.6   339.0   372.6   422.7   524.0   775.4  2908.7 109195.3   109283
read      250.3    72.0    86.8   144.5   161.7   248.4   278.6   294.0   305.3   317.4   336.6   368.5   431.5   578.1  1187.2  26812.3    26699
read      255.6    98.8    74.4   137.9   153.6   252.7   289.0   306.7   318.2   335.2   357.5   390.8   457.6   769.8  2765.0  37159.3    37400
read      241.7    63.0    86.8   150.6   167.1   239.9   264.9   277.8   288.0   298.5   314.0   338.5   398.5   546.8  1033.0  19425.7    19307
read      234.0   104.6    93.8   157.1   171.5   228.5   249.0   260.7   269.3   279.6   294.0   317.3   390.6   909.1  6233.3  11586.7    11527
read      246.9   113.0    74.4   122.9   136.6   227.0   279.1   306.3   324.8   351.0   385.1   431.5   533.8   782.9  2753.1  83624.3    83787
read      246.7    73.7    86.8   149.2   165.4   244.1   270.7   285.6   295.8   308.8   323.7   353.8   415.3   739.6  1220.1  22224.3    22209
read      249.7   110.6    74.4   124.0   138.0   231.1   283.8   310.7   330.1   355.7   389.0   432.8   519.6   757.1  2541.0  75083.7    75169
read      249.3   103.7    80.4   124.3   138.4   231.2   283.7   310.6   329.7   354.7   387.7   432.9   522.0   715.5  1652.9  73885.3    73833
read      247.9   113.0    74.4   124.9   138.8   227.3   277.7   305.2   324.2   351.9   386.8   435.3   538.3   770.0  2835.8  94719.7    94641
read      253.3   107.1    74.4   127.4   141.4   239.2   290.3   314.5   333.0   356.7   386.7   426.5   500.2   649.2  3086.9  61421.3    61338
read      246.1   107.1    74.4   122.7   136.5   224.4   275.4   303.8   322.9   350.2   385.5   433.3   546.7   973.4  1740.9  91941.3    91825
read      249.6   119.3    80.4   123.5   137.5   229.5   282.8   310.2   329.9   356.0   389.4   433.1   525.2   847.0  2787.5  77276.3    77235
read      254.8    84.4    80.4   138.9   154.1   252.6   288.9   306.7   318.3   334.9   357.1   392.3   456.1   569.7  1477.2  37264.3    37257
read      253.9    82.4    80.4   141.2   157.6   251.6   285.3   302.4   313.9   328.6   350.0   383.8   446.2   609.1  1474.3  32060.0    32057
read      249.4   117.2    74.4   126.5   140.4   228.4   276.6   303.6   322.2   349.0   385.1   437.6   549.3   946.8  2789.3 108350.7   108618
read      249.5   112.5    74.4   124.0   137.9   231.7   283.8   310.0   329.3   356.0   387.9   430.6   515.7   678.5  3124.3  72866.0    72930
read      258.1   104.9    80.4   134.8   150.4   252.8   293.9   313.0   327.0   345.4   369.9   403.5   478.4   782.4  2768.6  43774.3    43714
read      249.0   112.3    80.4   124.6   138.5   228.1   280.0   307.5   326.9   353.8   389.1   437.0   539.1   873.0  2021.3  87187.7    87369
read      253.8   107.0    74.4   129.1   143.6   243.4   291.0   313.5   330.3   352.0   380.1   419.9   497.0   611.6  1500.8  56563.7    56640
read      244.4   110.5    80.4   122.6   136.3   223.1   272.8   300.3   319.4   345.8   381.5   432.1   541.3   812.0  2763.4  97288.0    97360
read      250.3   121.9    74.4   124.1   138.1   230.4   282.7   310.0   330.2   357.1   390.1   436.4   539.8   764.7  3270.0  79512.7    79788
read      236.5   106.7    93.8   158.9   173.1   230.5   251.9   264.1   272.2   283.3   296.3   320.4   391.9   928.4  3954.6  11293.7    11352
read      247.2   105.9    80.4   124.2   138.1   227.3   278.3   305.6   324.4   351.4   385.8   433.0   533.0   721.2  1990.9  87828.7    87962
read      257.2   112.5    80.4   136.7   152.2   252.8   290.8   309.4   321.6   340.8   365.1   399.0   468.7   653.6  3997.4  40767.3    40663
read      252.0   126.0    74.4   126.6   140.8   239.0   288.1   311.6   329.1   352.1   380.7   420.7   500.5   656.5  4206.0  59578.7    59386
read      254.1    89.2    80.4   131.2   146.2   247.7   291.5   312.5   327.8   347.1   372.7   407.7   476.0   587.8  1092.0  48382.7    48302
read      245.8    85.5    93.8   151.6   168.0   242.8   267.5   280.9   291.0   302.6   317.1   346.0   412.2   872.9  3827.5  19364.3    19398
read      249.9   130.3    74.4   123.4   137.1   227.9   279.8   307.3   327.2   354.9   389.3   436.5   542.8  1405.5  3944.5  82118.7    82197
read      249.0   106.5    74.4   123.5   137.6   229.8   281.9   309.0   329.1   357.1   390.9   435.2   527.1   729.0  1741.7  77372.7    77387
read      249.2   106.6    80.4   123.9   137.8   231.4   284.1   310.2   329.5   355.3   386.9   430.9   518.0   674.1  2687.0  72729.7    72753
read      225.1   100.2    93.8   155.1   167.2   218.5   236.8   248.3   255.7   266.6   279.4   303.3   377.0   991.9  5410.3   7715.3     7720
read      256.1    97.7    80.4   132.8   148.2   249.1   291.9   312.6   327.9   347.5   374.2   411.8   485.6   616.6  2131.2  45961.7    46279
read      259.0   114.8    80.4   135.9   151.2   253.1   293.7   313.0   327.2   346.0   370.8   405.1   479.1   739.2  3589.8  42151.3    42102
read      255.1   120.6    74.4   124.9   139.1   231.8   283.0   311.1   333.1   362.4   399.4   458.4   593.0  1150.6  1906.5  90762.0    90892
read      259.7    99.9    80.4   133.9   149.6   249.4   292.1   314.0   331.6   355.4   386.0   429.9   522.7   662.6  1962.5  39950.0    39976
read      252.4    96.1    80.4   127.1   141.0   238.8   288.7   313.0   331.9   356.3   386.7   428.2   512.9   642.3  1138.7  60863.0    61084
read      241.0    87.1    86.8   151.8   168.4   236.4   260.1   272.7   282.6   293.5   308.9   334.6   401.8   990.1  2983.0  16813.3    16735
read      254.8    92.4    74.4   132.9   148.2   248.7   290.3   310.3   324.4   345.2   371.2   404.6   477.5   609.6  2085.1  45679.3    45909
read      251.6    78.0    80.4   143.9   160.4   249.8   280.4   295.6   307.3   319.5   340.6   372.0   433.9   582.7  2011.5  28900.3    28976
read      246.6   138.1    74.4   123.5   137.1   226.4   277.2   304.3   323.3   351.2   385.5   432.6   526.2   702.1  3670.3  84523.7    84704
read      247.7   130.9    74.4   123.9   138.0   225.2   274.1   300.9   320.2   348.4   383.8   434.9   552.2  1230.8  4150.6 101715.7   101822
read      248.7   118.0    74.4   123.9   137.9   226.7   278.0   305.9   326.2   354.3   388.8   437.9   543.0  1029.8  2765.9  92621.0    92571
read      233.7    94.4    93.8   155.0   170.4   228.2   248.9   260.5   269.0   278.9   292.9   316.2   391.2   948.5  4878.3  12200.3    12106
read      254.6   100.5    80.4   128.1   142.3   241.7   290.9   314.7   334.0   358.4   387.6   428.1   508.8   671.2  1828.1  58508.0    58568
read      262.4   803.6    74.4   129.6   144.1   243.9   288.5   310.0   325.5   346.7   373.9   411.8   487.5   665.9 64757.3  51253.7    51319
read      258.2   690.5    86.8   150.4   167.3   244.5   271.1   285.4   294.9   307.6   322.2   352.9   408.5   817.0 46993.5  21497.7    21556
read      240.0   130.7    86.8   155.1   171.0   233.3   255.0   267.7   275.7   287.8   301.7   325.8   398.0  1482.1  7302.9  14180.3    14191
read      254.8   115.5    86.8   143.7   160.7   251.3   282.5   298.0   310.2   323.4   344.7   378.1   446.9   912.0  3343.3  29034.0    29072
read      241.8    67.8    93.8   154.8   171.2   238.8   262.3   274.4   284.3   294.5   310.0   336.3   400.5   574.7  1900.4  16347.3    16350
read      247.6   102.7    74.4   124.0   138.0   228.1   278.9   305.8   325.7   354.4   388.9   435.0   533.6   724.3  1616.2  86765.3    86891
read      250.8   113.1    74.4   126.2   140.0   228.8   278.0   305.0   325.5   353.9   389.9   442.3   568.6  1082.0  1902.3 104500.0   104441
read      228.7   125.7   101.3   156.7   169.3   221.7   240.7   251.4   259.7   269.9   283.7   306.9   381.1  1010.4  7163.7   8891.3     8906
read      254.9    92.6    80.4   135.1   150.5   250.5   289.4   308.7   321.7   341.9   366.5   400.4   468.6   566.9  3156.3  41949.7    42175
read      256.5   114.9    80.4   130.2   144.9   246.5   292.2   314.1   331.5   353.4   379.3   418.3   505.0   743.8  3748.4  51805.3    51797
read      247.2   103.3    74.4   122.9   136.5   228.9   280.9   307.5   327.1   354.0   386.0   430.9   523.4   699.2  2034.0  76789.7    76678
read      244.4    68.3    86.8   152.0   168.8   241.7   266.7   280.1   289.7   300.3   315.7   342.6   402.9   854.1  1913.0  19401.7    19630
read      243.7   105.6    80.4   122.8   136.6   222.8   272.2   298.9   318.6   346.0   380.6   430.2   535.9   859.8  1886.8  99945.0   100132
read      256.3    98.7    74.4   136.3   152.1   252.2   289.7   308.6   321.2   340.3   364.4   400.0   479.5   612.5  1696.2  40539.0    40498
read      246.6   109.1    74.4   125.6   139.5   226.2   274.1   300.5   320.0   346.9   382.1   432.6   539.2   889.1  2268.4 108294.0   108559
read      247.2    78.6    86.8   148.1   164.9   245.0   271.6   285.9   295.2   308.2   323.2   353.7   414.5   692.6  3088.1  24011.0    23964
read      248.8   114.0    74.4   123.1   137.4   231.3   282.8   308.3   327.2   353.2   384.4   428.1   524.8   795.3  2482.1  70671.0    70760
read      245.5   114.8    74.4   123.2   137.1   223.9   273.6   300.4   320.2   348.1   382.7   433.1   545.1   962.7  3770.8  99821.3    99567
read      250.0   120.1    74.4   126.2   140.3   227.7   276.2   303.2   323.7   352.2   388.0   440.7   560.4  1039.4  3966.9 107224.7   107548
read      258.6    97.2    74.4   132.7   147.9   248.9   294.7   317.5   336.6   359.2   385.9   424.3   500.2   639.4  1551.8  53907.3    53742
read      253.2   126.8    74.4   127.4   141.6   230.0   279.0   306.4   327.9   356.8   392.8   446.7   565.9  1331.7  3933.5 104020.0   103931
read      257.3   119.4    74.4   129.6   144.4   243.2   292.0   316.0   335.8   359.8   388.3   428.8   510.4   744.9  4095.1  60212.0    60359
read      236.2    91.4   101.3   162.1   175.2   229.6   250.1   261.6   269.7   279.4   293.2   317.7   393.2  1182.1  3706.7   9690.7     9725
read      256.9    94.4    80.4   132.1   147.4   248.7   292.6   314.4   331.9   353.5   379.1   418.8   500.3   639.8  1938.9  51802.0    52014
read      266.0   179.7    80.4   137.8   153.4   255.1   293.7   313.6   329.1   349.4   374.7   416.7   537.0  1589.0  8690.7  39961.0    40053
read      250.3   115.4    74.4   125.4   139.1   228.8   279.7   307.3   329.2   358.0   392.6   442.5   542.8   814.2  3437.2  86214.3    86436
read      252.8    73.0    80.4   150.1   167.2   249.9   277.6   292.4   303.4   316.7   337.6   369.7   433.9   661.5  1975.2  24082.0    23983
read      254.3   107.0    80.4   127.6   141.4   237.4   288.6   314.7   335.9   361.7   393.0   436.0   524.6   719.5  1706.2  66430.3    66595
read      254.9    78.5    86.8   148.8   165.1   251.8   281.4   296.5   308.7   321.3   342.8   374.3   450.3   632.1  1974.7  26077.3    26056
read      260.5    95.6    80.4   133.0   148.3   250.3   295.9   319.2   339.9   362.9   390.3   429.2   508.5   689.1  1183.8  51599.7    51764
read      261.8    89.5    86.8   139.1   155.1   256.7   295.8   315.9   332.0   351.6   375.3   411.7   487.2   631.9  1477.9  40126.0    40202
read      250.3   103.5    74.4   124.4   138.5   230.5   282.3   309.8   331.6   359.4   392.5   439.9   534.8   788.3  1703.5  76514.7    76665
read      236.1    65.1    86.8   160.6   175.0   231.0   251.5   263.6   271.9   282.9   295.9   319.9   392.1   908.4  2072.0  11175.3    11133
read      251.5   107.3    74.4   125.4   139.3   230.6   282.3   310.0   332.5   361.1   395.0   444.0   545.9   811.1  2077.4  80018.7    80405
read      250.2   102.8    74.4   124.6   138.7   230.6   282.0   309.6   331.6   359.5   392.8   439.9   538.9   723.0  1172.4  79099.0    79106
read      245.8   112.0    74.4   123.9   138.0   224.3   273.8   300.5   321.1   350.2   386.3   436.3   538.6   771.0  2279.1  96994.0    97258
read      258.1   101.1    80.4   140.1   155.7   253.5   289.4   308.1   321.1   340.8   365.0   399.3   470.1   623.6  2503.7  36531.3    36307
read      256.0    78.8    80.4   146.2   163.1   253.7   284.6   300.1   312.5   327.4   348.7   380.0   445.8   579.0  1593.5  28623.7    28636
read      258.6    96.3    80.4   137.5   152.6   253.1   291.9   312.3   327.9   347.8   371.9   406.9   484.2   643.8  2887.6  41581.0    41620
read      252.0   113.3    74.4   124.8   138.8   231.4   283.4   311.4   334.2   361.9   394.3   439.9   539.0   953.5  2543.3  75915.0    75736
read      258.2   104.8    80.4   134.1   149.6   251.4   292.8   314.3   331.1   351.4   374.4   410.9   485.9   614.6  3611.0  45180.7    44979
read      257.3   126.5    80.4   141.9   158.4   252.7   285.1   301.6   314.5   331.4   354.5   388.2   456.0   878.3  5663.7  31462.7    31478
read      256.2    88.8    80.4   138.4   154.0   251.9   288.9   307.9   321.0   340.4   364.3   397.7   465.1   580.7  2258.5  37776.0    37586
read      256.4   146.1    80.4   127.4   141.5   231.5   280.1   308.1   330.9   360.0   396.2   452.4   597.4  1577.8  4683.5 108486.3   108330
read      252.4   104.4    80.4   126.0   139.9   236.1   287.4   313.5   334.6   360.1   389.9   431.9   517.4   695.5  1951.1  64242.3    64301
read      234.9    65.9    86.8   158.2   173.0   230.0   251.2   263.4   271.6   282.4   295.4   319.1   384.9   912.6  2313.2  11184.3    11203
read      226.7    88.6    93.8   157.1   169.5   220.3   238.5   249.6   257.4   268.2   282.0   306.1   378.8   938.6  3906.2   7312.7     7291
read      247.9   112.8    74.4   123.9   137.9   226.3   277.1   304.5   326.0   354.3   388.5   436.8   541.9   881.5  2860.7  87305.3    87477
read      250.5   104.3    74.4   124.9   138.9   230.3   282.9   310.6   333.2   360.8   393.7   439.4   533.0   725.2  1627.3  77859.7    77485
read      259.2    92.3    80.4   136.6   151.7   253.8   292.7   313.2   329.4   350.0   374.2   412.3   492.7   635.9  2012.7  42129.3    42055
read      255.1    85.0    86.8   147.4   164.1   251.9   281.6   296.5   309.4   323.8   346.1   379.4   447.3   608.7  2844.8  26675.0    26865
read      248.3   111.4    74.4   123.6   137.5   225.9   275.9   303.6   326.4   355.5   390.2   441.1   559.1  1002.7  2057.0  94604.7    94592
read      251.8   114.1    74.4   125.4   139.4   234.6   285.4   311.7   333.3   359.7   390.5   433.3   523.3   683.5  4171.3  66938.0    66869
read      243.3    84.1    93.8   151.8   168.4   238.6   263.2   275.7   286.2   296.6   315.2   345.8   418.1   909.1  2514.5  18103.3    17835
read      254.1    97.7    80.4   129.2   143.4   242.3   289.6   314.0   333.3   356.4   384.0   423.8   502.3   650.0  1468.9  55880.7    55977
read      248.2   117.2    74.4   123.4   137.2   227.3   278.7   306.4   328.1   355.9   389.8   437.7   538.7   740.8  2916.1  82304.7    82437
read      239.0   125.9    80.4   152.9   169.2   233.0   254.8   267.7   275.9   287.5   300.8   327.6   395.0  1125.4  7581.8  15911.7    15775
read      249.1   111.6    74.4   124.6   138.3   227.5   278.2   306.5   329.4   358.4   392.8   441.7   540.8   836.3  2703.4  87726.0    87559
read      248.5   116.9    80.4   125.9   139.7   226.4   274.3   301.5   323.1   351.6   386.6   436.4   549.1  1033.9  3439.5 105316.0   105401
read      247.0   113.0    74.4   123.2   136.9   225.7   275.8   303.2   325.2   354.4   388.7   437.0   543.1   841.3  1811.9  88632.3    88752
read      250.2   137.4    74.4   125.7   139.4   227.3   276.8   304.4   327.6   356.6   390.9   442.6   550.3  1089.1  3217.0  94602.3    94531
read      244.8   103.7    74.4   123.3   137.3   223.2   271.9   298.5   320.1   348.7   383.7   435.1   543.5   874.7  1377.1 101412.0   101303
read      250.0   146.0    74.4   123.8   137.4   226.8   277.7   305.8   328.9   357.9   391.8   440.0   545.0  1081.8  4875.8  86663.7    86640
read      252.0   114.7    80.4   124.8   138.7   229.9   281.3   309.9   333.9   362.6   396.2   445.8   559.3   936.2  2472.5  84789.7    84818
read      245.9    79.7    86.8   150.7   167.4   242.0   267.9   282.1   292.1   305.1   321.5   353.5   412.9   669.2  3222.2  20278.3    20221
read      256.4   105.3    80.4   134.0   149.1   249.0   289.5   311.1   328.1   348.6   372.2   404.7   476.2   642.7  3488.9  43594.3    43599
read      254.9    94.4    80.4   129.4   143.8   244.0   290.4   315.2   335.1   358.0   384.7   423.7   499.4   607.4  1231.4  52787.7    52779
read      249.0   116.7    74.4   123.4   137.2   225.9   275.9   304.2   328.0   357.6   392.7   443.0   562.3  1089.2  2450.5  89618.3    89855
read      254.6    93.8    80.4   131.6   146.9   247.1   289.7   312.2   329.6   350.3   374.3   411.1   485.8   588.2  1907.2  48592.3    48532
read      252.9   120.8    74.4   126.9   141.0   229.8   277.6   305.7   328.9   357.6   393.0   446.7   576.4  1272.1  2983.6 107488.0   107423
read      257.9   100.2    80.4   133.6   148.8   249.9   292.4   315.6   334.0   355.1   379.5   415.1   486.1   620.6  3195.6  46624.7    46535
read      258.0   103.1    74.4   133.2   148.1   249.7   292.5   315.7   333.8   354.9   379.8   416.2   487.4   660.8  3277.1  47547.7    47535
read      259.6    97.2    80.4   132.2   147.3   249.8   294.5   320.1   340.8   363.0   388.8   426.1   503.7   638.6  1754.8  49796.7    49633
read      260.4    82.2    80.4   144.8   161.6   256.9   289.6   308.2   321.9   340.8   363.7   396.2   465.3   627.8  1017.6  30352.7    30334
read      245.0    78.6    86.8   154.3   170.9   240.1   264.9   278.0   288.4   299.5   316.9   346.1   409.7   906.8  2975.7  17180.7    17207
read      255.2   112.4    80.4   129.3   143.7   233.1   281.7   310.6   334.3   362.8   397.4   449.9   562.6   939.4  2168.0 105852.0   106074
read      258.6   120.6    74.4   132.0   146.9   248.9   292.3   316.0   334.9   356.6   382.0   419.2   491.9   949.1  3806.2  48799.0    48912
read      255.6   143.4    80.4   126.9   140.8   230.6   280.3   309.7   334.1   363.2   398.0   451.5   585.8  1354.4  5111.8  96356.3    96483
read      258.3   108.5    80.4   138.2   153.4   253.3   290.1   310.4   325.9   344.8   368.0   400.5   467.4   611.3  4592.6  39267.0    39228
read      248.7   118.7    80.4   124.7   138.5   226.8   276.2   304.8   328.5   357.5   392.0   440.1   542.9   849.6  2401.0  92449.0    92350
read      253.0   114.3    80.4   126.7   140.1   231.0   281.8   311.7   336.9   365.5   398.5   447.1   546.1   847.7  2221.1  85049.7    85084
read      252.0   104.1    74.4   125.9   139.6   230.9   282.6   312.5   337.3   365.4   398.8   446.2   537.5   707.6  1199.0  82226.7    81993
read      248.7   124.6    74.4   124.8   138.7   225.6   274.4   302.1   325.1   354.4   389.9   441.1   549.9  1074.3  3431.9 101679.3   101617
read      240.5    69.0    93.8   153.0   169.1   236.3   260.8   273.1   282.7   293.2   309.7   338.4   400.6   723.8  2256.3  16787.0    16730
read      250.3   120.1    80.4   125.2   138.9   231.5   282.8   310.9   333.8   360.1   390.7   433.0   511.6   668.2  3074.6  70970.3    71079
read      252.4   112.4    80.4   128.6   142.4   230.7   278.2   306.8   330.2   358.1   392.9   444.4   552.1   925.6  2052.7 109023.7   108942
read      258.9   130.5    80.4   129.7   143.9   244.4   291.2   318.6   339.9   362.6   389.1   428.3   518.4  1244.9  3515.6  55479.7    55406
read      260.7   181.2    80.4   135.9   150.8   251.6   291.0   313.1   330.3   350.3   373.7   409.6   483.1   715.7  8688.5  42193.3    42279
read      247.5    72.6    93.8   149.7   166.5   244.6   271.2   285.2   294.4   308.4   326.8   356.9   420.1   581.0  2443.4  21917.3    21876
read      258.9    92.3    80.4   140.7   156.7   253.8   288.7   307.9   322.6   341.8   365.7   399.4   470.0   785.7  2462.4  34210.0    34140
read      257.9    95.9    74.4   135.1   150.1   251.3   291.3   314.6   332.6   352.7   375.5   411.3   479.0   595.2  1994.8  42783.7    42897
read      245.8    78.7    93.8   153.5   170.4   241.0   266.4   279.6   289.4   300.7   319.3   348.6   413.3   915.8  2533.1  18491.7    18462
read      250.0   108.2    74.4   126.0   140.1   228.0   276.2   304.8   328.9   358.3   393.7   444.1   548.0   898.4  1652.5 100238.0   100375
read      257.9    91.2    74.4   137.1   152.0   253.0   291.1   312.6   329.3   348.8   372.1   405.2   471.4   598.8  1833.7  41247.3    41347
read      247.0   110.9    74.4   124.6   138.6   224.9   273.0   300.6   323.9   352.7   388.1   437.3   542.7   942.8  1860.5 101853.3   101594
read      257.4    93.1    80.4   133.2   147.9   248.8   291.6   315.8   334.7   355.9   380.6   418.5   495.7   623.8  1652.7  47229.7    47486
read      255.1   127.3    80.4   126.0   139.9   233.7   285.7   315.8   340.7   367.9   400.2   445.6   534.8   853.9  4228.4  73457.3    73393
read      257.1   107.0    80.4   130.6   145.2   246.5   290.9   316.2   336.1   358.6   385.2   424.1   503.4   705.1  2670.5  51566.3    51134
read      256.3   115.3    74.4   128.5   142.5   241.2   289.6   317.8   339.7   363.5   391.7   431.5   513.5   714.3  3513.7  58355.3    58201
read      250.6   104.9    74.4   124.7   138.4   231.8   282.7   311.1   334.1   360.5   391.9   435.8   529.0   815.8  1410.9  71106.7    71020
read      253.8   122.1    80.4   125.5   139.4   233.7   284.7   314.1   338.1   364.7   395.9   439.8   534.7   913.9  3587.8  72033.3    72071
read      253.3   110.6    80.4   127.2   140.9   230.8   280.5   310.8   335.9   365.5   399.4   449.8   548.9   921.4  1815.0  93599.0    93446
read      254.1    97.7    86.8   144.1   160.5   250.3   280.5   296.1   310.4   327.0   348.3   379.4   449.2   633.1  4321.7  28754.7    28724
read      255.6   122.4    80.4   128.0   142.0   240.6   288.8   316.6   338.2   362.0   390.2   430.5   518.2   743.5  3845.0  59171.0    59269
read      253.5   111.0    80.4   125.7   139.5   233.1   284.6   315.2   340.2   367.7   398.8   443.4   532.3   783.7  2688.3  74727.0    74624
read      257.4   107.0    80.4   130.9   145.1   246.4   291.8   318.5   339.2   361.8   388.2   425.7   499.0   621.8  2053.2  52328.3    52368
read      231.1    98.5    86.8   157.2   171.1   224.5   244.2   254.9   264.0   273.1   287.7   312.5   389.3   995.3  5179.8   9587.3     9687
read      257.5   103.4    80.4   134.0   149.3   250.6   290.5   313.6   331.5   351.6   374.4   411.2   485.6   622.4  3420.6  44237.0    44165
read      218.9    65.6    93.8   154.1   165.9   213.0   230.6   240.5   248.7   258.1   271.7   294.8   378.3   931.1  2032.3   6864.7     6895
read      253.5    99.6    80.4   128.9   143.0   242.9   287.3   312.4   331.9   353.3   378.3   417.0   502.6   747.5  2234.2  55436.0    55457
read      255.7   107.1    74.4   128.4   142.4   241.3   289.2   317.1   339.0   362.6   390.8   431.7   522.5   737.3  2757.1  60909.7    61164
read      252.3   116.0    74.4   127.6   141.5   230.2   277.4   306.4   330.1   358.0   392.7   445.9   569.9  1024.2  1777.5 108465.7   108384
read      254.3    92.4    80.4   141.0   157.2   250.7   282.8   299.3   314.5   332.1   353.6   386.5   457.1   618.1  4072.8  33247.3    33319
read      255.9   117.8    80.4   127.7   141.5   232.5   281.6   312.3   336.8   365.3   400.2   453.7   582.0  1235.2  2463.5  97675.7    97895
read      268.8   195.0    74.4   137.6   153.0   253.8   290.5   313.7   332.0   352.8   378.6   422.7   597.8  2380.2  8469.8  39688.7    39720
read      254.5   111.6    74.4   126.2   140.0   236.1   286.1   316.0   339.3   365.0   396.1   440.5   538.0   754.5  2612.9  68742.0    68554
read      248.2   110.5    80.4   123.0   136.9   226.7   276.0   305.2   329.6   357.6   390.8   436.9   548.2   887.3  2627.0  87019.3    86849
read      253.2    92.1    80.4   142.7   159.4   250.8   280.6   295.6   309.7   326.1   346.5   377.1   438.1   555.5  3840.5  30429.3    30264
read      252.6   120.6    80.4   125.4   139.5   227.7   276.1   305.6   330.0   359.1   395.0   449.8   625.9  1245.9  2160.3 100500.3   100754
read      252.3   130.1    74.4   124.1   138.0   225.8   274.7   304.6   329.3   358.2   394.6   451.4   637.3  1438.9  2545.0  98374.3    98098
read      253.1   143.3    80.4   123.0   136.8   227.8   278.0   309.0   334.8   363.6   398.1   451.7   598.6  1249.9  4056.0  85912.3    86028
read      257.0   124.3    80.4   126.8   140.7   231.3   281.9   313.8   339.5   368.4   404.0   460.8   629.7  1188.5  2748.2  92988.3    93054
read      263.3    95.0    86.8   140.0   155.7   257.6   295.1   318.9   336.2   355.6   379.3   416.9   497.9   647.0  1231.8  42403.7    42348
read      262.3   106.8    86.8   148.8   165.7   258.1   288.3   306.3   320.5   338.6   360.0   391.2   465.4   653.1  4777.6  29500.3    29490
read      250.0    80.0    86.8   159.7   177.0   246.3   269.2   281.8   291.1   303.2   321.2   352.0   416.9   796.0  3121.0  18215.0    18187
read      253.9   147.4    74.4   126.6   140.6   230.2   279.7   310.4   334.6   362.1   395.6   445.6   555.3  1210.4  7116.0  95132.3    95113
read      231.2    87.6    93.8   161.0   174.2   225.3   243.9   253.9   262.7   272.0   286.3   312.7   393.8   944.6  4140.4   8592.0     8570
read      254.9   104.9    80.4   127.9   141.9   239.7   288.1   317.3   339.2   363.1   391.4   431.9   515.7   723.2  2059.7  61931.3    62285
read      255.9    95.9    80.4   130.7   145.0   246.4   290.4   316.3   336.0   357.7   383.0   420.1   497.1   658.3  1639.8  52742.0    52582
read      258.2    88.7    86.8   140.5   156.1   254.5   287.9   307.4   322.7   341.0   364.0   398.0   472.0   696.5  1539.0  34335.0    34260
read      252.3   137.2    74.4   125.1   139.2   236.6   283.8   310.4   331.4   354.4   381.0   421.5   507.3  1495.6  4426.2  59726.7    59493
read      257.7   100.0    80.4   129.5   143.7   244.3   292.0   322.1   343.6   366.7   394.0   433.0   512.7   656.6  1071.4  58075.7    58208
read      251.0   106.3    74.4   125.6   139.4   229.0   278.3   309.4   333.9   361.3   394.9   444.8   559.6   856.8  1446.9  93256.7    93458
read      246.1    69.5    86.8   153.8   171.4   241.6   266.1   278.7   289.1   301.2   320.5   352.3   427.3   854.8  1916.8  17956.7    18056
read      253.4   119.8    74.4   125.9   139.9   230.5   280.0   312.0   336.7   364.2   397.9   447.7   559.7  1026.0  2946.8  93578.7    94134
read      259.4   137.6    80.4   138.1   153.5   253.4   289.8   312.2   329.4   348.3   371.1   404.3   472.7   610.6  3805.7  38024.7    37808
read      259.1   107.4    80.4   130.4   144.9   246.6   293.1   322.1   342.4   364.8   391.6   429.9   507.6   727.7  2807.4  53443.7    53481
read      255.4    82.8    86.8   147.1   163.9   251.8   280.4   295.6   310.4   327.6   347.1   379.5   450.9   664.4  2333.6  25729.3    25666
read      253.7   116.7    74.4   128.2   142.3   230.3   278.5   309.4   333.7   362.1   397.2   449.9   568.1   991.6  2870.4 108854.7   108853
read      260.1   107.3    80.4   136.6   151.6   252.9   291.9   316.2   333.9   353.4   376.8   413.0   492.1   687.7  3121.3  41544.0    41576
read      258.1   132.6    80.4   126.1   140.0   236.0   288.2   321.3   345.4   372.0   403.7   451.6   559.5  1035.2  3199.3  70330.7    70282
read      257.6   103.0    80.4   132.8   147.9   249.4   291.1   316.2   334.6   354.9   379.3   416.9   496.6   655.8  1392.6  45704.0    45769
read      251.8   113.5    80.4   124.9   139.1   228.9   278.8   310.6   335.6   363.9   398.1   448.1   559.2   847.5  2890.1  92347.3    92383
read      237.9    64.0    93.8   158.8   174.4   232.5   253.7   265.9   273.8   285.6   299.8   331.7   402.4   909.7  1953.7  12174.3    12100
read      254.3   122.2    80.4   125.8   139.7   235.6   285.6   316.6   340.2   365.9   396.1   437.1   526.4   724.2  4426.7  67497.0    67747
read      254.5   110.6    80.4   126.0   139.8   235.6   287.0   319.0   342.5   367.8   397.8   440.2   526.8   715.8  2910.5  68661.0    68933
read      257.7   113.2    80.4   127.4   141.3   239.8   290.2   322.2   344.9   370.1   400.2   442.7   539.4   734.0  3250.9  63294.3    63242
read      256.1   119.0    80.4   126.3   139.9   235.0   287.3   320.4   344.6   371.7   403.1   449.3   544.5   799.2  1982.1  72709.3    72993
read      258.7    99.7    80.4   131.6   146.3   248.6   292.9   320.7   340.0   361.6   387.7   425.4   507.8   680.4  1490.6  50783.3    51022
read      265.8   199.5    74.4   127.4   141.4   240.9   292.7   326.8   350.1   375.2   406.5   456.9   625.5  1605.3  9853.7  66838.3    67069
read      261.3   145.6    86.8   148.5   165.5   252.0   281.6   298.5   314.6   332.9   355.3   390.7   499.3  1145.3  8368.0  24949.7    24895
read      250.7   100.9    74.4   125.3   139.0   233.4   282.9   312.9   335.6   360.7   390.6   433.0   514.9   678.6   936.8  68369.0    68588
read      256.1    91.9    80.4   134.0   149.3   249.8   288.0   311.2   329.2   349.0   372.7   407.7   486.5   632.4  1707.3  42686.3    42706
read      258.4    96.0    74.4   131.8   146.5   249.1   291.8   319.0   338.0   359.2   385.0   424.3   510.0   684.4  1367.7  49355.3    49479
read      258.2   133.5    74.4   127.3   141.2   240.5   291.0   323.2   345.7   369.9   399.3   444.6   546.9   749.3  2246.8  64886.0    64792
read      254.6   116.3    80.4   125.1   138.9   233.2   285.4   317.6   340.8   366.8   398.3   446.4   570.8   869.8  2109.5  74050.7    73879
read      253.6   104.2    86.8   139.9   155.6   249.1   280.7   297.5   313.5   331.2   352.4   386.2   461.7   710.3  3087.1  32019.7    31893
read      262.6   121.0    80.4   127.2   141.3   240.5   293.5   328.3   352.2   378.5   411.8   465.2   611.7   853.1  2014.7  74394.3    74262
read      261.5   111.0    80.4   130.4   144.7   247.3   295.8   326.5   346.9   369.5   396.8   436.6   544.1   801.8  3140.8  57319.7    57246
read      250.6   113.4    74.4   124.0   137.8   227.7   278.0   310.0   334.4   362.1   395.9   446.0   566.4   865.9  2004.6  91646.0    91617
read      259.4   109.6    80.4   129.7   144.1   245.9   292.9   321.8   342.5   364.8   391.9   432.5   536.4   836.8  3025.7  55409.3    55173
read      259.1   117.8    80.4   131.0   145.5   236.3   285.8   317.9   341.9   369.3   403.4   455.1   567.3   921.8  2968.5 108857.3   108633
read      239.4    94.7    93.8   152.4   169.0   234.1   256.9   269.3   278.0   290.3   307.7   338.2   408.1   890.8  6123.3  15686.0    15720
read      254.7   119.7    80.4   127.3   141.0   231.4   281.0   313.2   337.7   365.4   399.2   450.2   578.1  1032.1  2149.4  99824.3    99961
read      255.8   137.2    80.4   128.2   142.0   232.3   281.7   313.6   337.8   365.6   400.0   451.4   572.4   938.1  6585.4 102658.0   102613
read      253.6   102.2    80.4   128.2   142.1   241.2   288.0   315.8   336.1   358.1   384.0   422.9   506.1   674.7  1672.7  57125.0    57169
read      255.9   111.5    80.4   128.4   142.5   241.9   289.2   317.7   338.8   362.1   389.9   428.8   508.0   760.9  2534.4  56604.0    56950
read      257.2   100.1    74.4   130.9   145.5   247.2   291.4   318.9   338.1   358.9   383.1   420.1   502.2   735.8  1841.7  49830.0    49938
read      222.5   120.8    93.8   153.2   164.9   213.6   231.6   242.2   250.0   260.1   273.7   298.8   378.9  1527.9  5622.9   5410.0     5383
read      253.9    93.8    74.4   134.0   149.4   248.6   285.6   307.0   323.4   342.3   366.2   400.7   471.6   624.1  2323.8  39617.0    39719
read      254.3    91.3    80.4   136.4   151.8   249.4   284.9   305.1   321.0   339.6   362.6   396.8   468.8   619.5  2454.8  36396.3    36653
read      248.5   107.7    80.4   123.3   137.0   230.3   281.5   311.6   334.6   359.8   389.4   429.9   508.2   656.4  1730.0  69177.7    69482
read      255.5   103.1    80.4   131.3   146.3   246.9   289.3   314.8   333.7   354.2   377.8   413.6   491.1   622.4  1616.5  46706.7    46749
read      252.4   117.6    80.4   124.0   138.2   234.8   285.9   316.6   339.3   364.0   393.3   434.0   515.6   704.7  2931.1  65015.7    65109
read      259.5    98.5    80.4   133.3   148.2   251.1   294.0   321.1   339.6   360.2   384.5   420.2   493.9   630.4  1951.8  46482.3    46501
read      247.1   110.2    74.4   124.5   138.6   224.5   271.9   302.0   326.0   353.5   388.6   436.6   544.6   935.2  2029.0 109420.7   109480
read      255.0   127.2    80.4   125.0   138.9   233.8   286.0   318.5   341.8   367.4   397.9   441.9   539.3  1145.0  3633.3  69445.7    69433
read      257.6   102.6    80.4   129.0   142.9   243.3   292.3   323.0   344.2   367.5   395.1   433.3   513.5   675.8  1909.2  58184.7    58157
read      255.7   116.0    80.4   126.3   140.0   235.4   288.2   322.1   345.6   371.2   401.0   443.9   534.7   718.9  3141.1  70944.3    70737
read      259.3   124.2    74.4   139.1   154.8   252.5   287.7   308.6   324.6   343.4   367.0   400.8   483.8   854.5  3717.2  34410.3    34617
read      252.3   139.4    80.4   123.1   136.8   229.0   281.0   313.8   338.1   364.9   397.2   442.3   541.7  1049.6  4305.8  77494.0    77563
read      244.5   106.7    68.9   121.6   134.9   222.0   272.4   303.4   328.3   355.9   389.1   435.0   531.9   730.6  1961.0  90047.0    90036
read      256.9    96.2    80.4   137.6   152.8   252.0   288.3   309.4   325.2   343.2   367.2   400.1   469.1   596.6  3150.9  36729.0    36689
read      259.7   103.9    80.4   132.8   147.9   251.0   294.0   321.1   339.7   360.5   385.4   421.8   500.0   641.3  2843.6  46726.0    46832
read      247.5   114.3    74.4   124.4   138.3   224.3   272.8   303.2   327.6   355.6   390.4   438.1   546.7   891.8  2547.5 104938.7   104903
read      249.1   207.9    80.4   155.2   171.8   235.0   258.0   270.8   280.7   293.1   313.1   346.0   463.3  3006.9  8062.6  14235.0    14153
read      247.2    82.1    86.8   149.1   165.6   243.3   269.1   283.4   293.6   308.6   328.5   358.9   422.7   780.6  2923.8  21628.0    21674
read      224.6    93.9   101.3   156.4   167.9   216.2   234.0   245.1   252.7   263.4   275.5   301.0   402.1  1188.8  4503.0   5665.3     5689
read      258.5    98.1    80.4   138.1   153.2   253.7   290.6   312.8   329.0   346.6   369.6   402.0   470.4   624.5  2547.0  37654.3    37781
read      241.9    76.1    93.8   154.8   171.4   237.0   260.0   272.2   282.4   294.4   313.3   344.1   413.9   885.2  1428.7  15388.7    15507
read      252.2   125.6    74.4   125.7   139.8   227.1   275.8   307.4   332.5   361.9   398.0   449.8   575.5  1174.1  3739.2 101782.7   102064
read      253.7   107.8    80.4   125.8   139.5   234.1   285.9   318.3   343.2   369.2   398.7   440.0   526.0   717.8  1934.7  71177.0    71340
read      249.9   108.0    74.4   123.8   137.4   228.3   279.8   312.0   336.8   364.5   397.1   441.5   533.1   734.5  2049.9  79844.0    79815
read      259.0    92.5    80.4   134.2   149.2   251.3   292.7   318.2   336.9   357.4   381.4   417.5   491.4   635.8  1462.1  44205.3    44352
read      249.2   116.4    74.4   125.5   139.4   225.8   273.6   304.3   328.5   356.6   391.7   443.1   561.3   965.4  2443.3 109337.7   109562
read      249.2   129.7    74.4   123.0   136.7   225.8   276.4   308.7   334.0   362.2   395.2   441.2   536.2   793.7  4535.8  86479.3    86219
read      258.3   104.7    74.4   131.9   146.6   249.7   293.0   319.5   337.6   357.8   382.2   418.9   489.9   675.2  3096.9  47099.7    47335
read      258.8   102.6    80.4   135.0   150.4   252.2   292.1   316.7   334.2   353.5   376.2   411.1   484.7   646.8  3088.7  41983.3    41962
read      256.7   114.1    80.4   131.7   146.6   248.8   291.3   316.1   334.5   354.9   378.7   413.6   484.0   626.0  2694.3  45806.7    45802
read      237.8    73.6    93.8   155.2   171.6   232.6   254.4   267.1   275.1   287.9   304.0   334.1   398.0   904.7  2283.3  13500.7    13389
read      250.1   124.8    74.4   123.8   137.6   225.7   274.8   306.8   332.1   361.0   395.9   447.0   569.2   974.2  3646.3  95523.3    95780
read      249.0   113.3    80.4   123.9   137.5   225.8   276.3   309.3   335.2   363.6   396.8   443.8   540.1   769.5  1932.6  88184.0    87844
read      256.2   124.0    80.4   128.3   142.2   242.0   290.4   320.2   341.3   363.7   390.1   428.0   506.2   678.7  3960.9  55781.0    55903
read      257.6   126.6    74.4   128.6   142.5   232.6   282.6   315.5   340.5   369.1   403.8   456.5   588.9  1193.6  3319.0 101070.3   100902
read      253.7   105.6    80.4   125.2   139.0   233.8   286.9   319.6   343.3   369.4   399.9   442.2   528.0   705.5  1825.3  71125.0    70988
read      257.1   116.5    74.4   129.5   143.7   244.2   291.0   319.7   340.0   362.5   388.9   425.9   501.4   734.4  3617.4  53951.3    53831
read      255.7    94.7    86.8   144.6   161.5   251.6   281.9   298.3   313.5   330.5   350.4   381.3   450.9   623.4  3914.2  27103.7    26948
read      258.2    84.5    80.4   141.3   157.6   254.9   288.1   308.0   323.0   340.8   362.9   395.0   459.5   605.8  2099.6  32294.3    32347
read      257.1    90.1    80.4   135.4   150.3   251.6   290.8   314.9   332.4   351.3   373.5   406.1   469.3   579.2  1262.5  41092.7    41050
read      255.8   102.5    80.4   128.2   142.3   242.0   290.5   321.6   342.3   364.8   391.1   427.9   502.8   671.7  2401.3  56162.3    56197
read      247.2   122.6    74.4   122.2   135.8   222.8   272.2   303.2   328.0   356.8   392.0   440.9   548.4  1181.8  3611.7  94668.0    94617
read      252.6   115.1    74.4   124.8   138.5   232.9   284.5   316.5   341.0   367.6   398.2   439.7   519.6   685.0  3091.7  71956.3    71839
read      251.9   106.8    80.4   125.0   138.8   230.7   282.3   315.1   340.0   366.9   398.8   442.3   536.2   729.0  2113.0  78875.7    79082
read      256.6   122.4    80.4   128.4   142.7   232.5   281.8   314.4   338.7   366.4   400.8   453.7   577.3  1128.3  2804.9 107743.7   107630
read      258.2   116.4    80.4   128.7   142.3   241.7   292.6   324.8   347.1   371.0   398.9   436.7   519.5   695.8  2199.5  60052.0    60164
read      256.1   125.0    74.4   128.3   141.9   231.7   281.5   314.9   340.0   368.4   403.3   455.1   571.1  1034.2  3268.8  97661.3    97878
read      256.4   120.1    80.4   127.2   140.7   238.7   289.2   320.6   344.2   369.3   398.7   438.5   525.2   724.2  4047.3  63870.7    63680
read      252.0   110.6    80.4   124.1   137.7   231.3   283.2   315.9   339.9   366.5   397.8   441.2   537.9   788.7  1743.0  74003.3    73888
read      253.0   102.2    80.4   125.6   139.4   235.7   286.5   317.7   340.5   366.3   394.9   433.6   511.9   666.0  1722.9  65739.3    65499
read      249.8   124.8    80.4   124.0   138.0   225.9   274.7   306.4   332.1   361.1   395.9   445.7   551.0  1039.0  2736.1  96741.0    96906
read      249.9   125.1    74.4   124.1   138.1   225.6   273.5   304.3   328.9   357.3   392.6   443.1   566.5  1358.6  3283.1 103478.7   103287
read      252.9    99.8    80.4   129.5   143.7   243.5   287.5   313.2   332.3   353.3   377.9   413.3   479.1   594.4  2817.7  49825.3    49664
read      252.6    83.8    80.4   139.3   154.9   249.5   282.2   300.0   315.5   332.9   353.5   384.3   444.9   573.9  1946.6  32647.0    32535
read      255.5   103.7    80.4   131.8   146.5   247.4   289.6   315.2   333.8   353.9   377.0   412.3   484.2   618.9  1000.9  46354.3    46477
read      224.5    85.7    86.8   155.8   168.2   218.2   236.2   247.3   254.3   264.7   275.8   302.6   385.4   943.2  2946.5   7361.7     7459
read      253.2   112.6    74.4   125.9   139.6   232.5   284.1   316.6   340.8   367.4   398.8   442.0   532.5   709.1  3756.0  74001.0    74137
read      258.6   121.5    74.4   130.0   144.3   244.1   292.6   322.6   343.7   366.1   393.3   431.8   507.6   675.5  4888.6  56876.3    57061
read      258.0    82.8    80.4   141.0   156.7   254.2   288.6   310.1   325.9   342.7   364.2   395.2   461.7   591.0  1473.2  34311.7    34213
read      229.2    78.7   101.3   160.6   173.3   223.6   242.3   252.7   261.2   270.8   284.6   308.2   368.7   958.7  3472.1   7388.7     7432
read      262.8   102.2    80.4   138.5   153.9   254.8   293.5   318.2   335.7   355.2   378.6   414.4   496.7  1026.3  2548.8  41363.7    41605
read      257.3    79.3    86.8   143.5   159.3   253.9   286.7   306.2   320.9   338.8   360.2   391.1   456.9   560.0  1624.1  32961.3    32998
read      252.6   102.4    74.4   125.9   139.6   237.4   286.7   318.3   339.8   362.7   389.8   428.5   505.1   658.7  2313.8  61734.0    61636
read      254.0   103.6    80.4   125.8   139.7   237.7   287.8   319.7   342.5   366.9   395.4   433.6   511.2   670.4  2097.9  65001.3    64695
read      236.5    81.1    93.8   153.9   169.9   231.8   253.3   265.8   273.9   285.9   300.2   328.1   393.3   926.2  3297.5  14140.3    14063
read      249.0   125.9    74.4   123.1   136.7   224.6   274.1   305.5   331.4   359.9   393.3   441.4   547.8  1351.2  3558.5  91100.3    91302
read      220.3   105.3    80.4   153.9   165.2   212.6   230.3   240.4   248.5   257.6   270.9   293.4   370.7  1044.2  4810.7   6126.7     6064
read      257.1    97.8    80.4   135.9   151.0   252.1   289.9   313.3   330.4   348.4   370.2   402.0   472.6   624.3  1791.5  41174.3    41354
read      241.0    79.3    86.8   148.6   164.8   237.6   261.4   273.3   283.9   295.8   314.8   342.9   405.6   887.8  2998.9  19828.0    19863
read      239.6    75.4    86.8   148.9   164.8   236.0   259.9   272.3   282.4   293.9   312.4   341.0   399.6   715.5  2932.1  19401.3    19488
read      233.4    74.4    86.8   152.5   168.2   228.7   249.5   261.2   269.4   279.4   294.0   321.2   394.1   965.4  2444.0  14016.7    14040
read      240.3    84.1    86.8   149.1   165.2   237.4   261.0   272.8   282.7   294.0   312.1   339.7   399.8   821.4  4123.1  19473.0    19538
read      242.3    76.6    86.8   149.4   165.5   240.0   264.1   275.9   286.4   297.0   315.7   342.8   399.2   883.1  2374.4  20148.3    20199
read      276.3   229.8    74.4   128.4   142.9   236.8   289.0   323.7   349.1   379.4   420.1   489.6   927.8  2995.7  8944.3 106350.0   106657
read      245.4   107.1    74.4   122.3   135.7   223.0   272.7   303.5   328.6   356.2   389.3   435.6   537.8   805.8  1820.1  92571.0    92457
read      250.0   131.8    80.4   124.5   138.2   225.9   275.4   307.9   333.4   361.9   395.6   443.0   544.9   862.1  5133.0  92950.7    92780
read      249.8   103.1    80.4   124.3   138.1   232.8   283.2   314.2   336.8   361.0   389.5   429.2   505.2   655.0  1467.3  68461.0    68203
read      245.9   129.3    80.4   121.2   134.6   224.0   274.5   305.3   330.1   357.2   388.8   433.1   525.4   779.5  4213.2  81739.7    81753
read      252.7    97.9    74.4   127.7   141.2   239.9   287.5   316.7   337.5   359.6   385.2   422.5   498.8   652.6  1265.8  57679.0    57748
read      246.0    72.5    86.8   149.2   166.1   241.8   267.6   281.7   292.4   307.0   326.8   357.9   425.9   594.2  1936.9  21035.3    21027
read      257.0   119.5    74.4   130.3   144.5   245.8   290.4   317.9   337.0   357.6   382.1   419.9   495.2   782.3  4104.6  49624.7    49680
read      244.9   103.2    74.4   121.6   134.8   223.7   273.7   304.8   330.3   358.0   390.1   434.1   528.2   719.8  1110.8  82154.0    82042
read      242.6   111.0    74.4   121.0   134.2   220.0   269.6   299.2   325.2   353.4   386.3   432.6   526.3   759.5  2175.2  93519.7    93691
read      255.3    90.6    80.4   131.7   146.6   248.3   289.9   315.1   333.6   353.5   375.6   409.0   480.2   616.6  1643.2  45262.0    45291
read      254.2    87.0    80.4   141.7   158.1   250.6   281.8   298.7   314.4   332.0   353.1   385.3   451.4   685.1  1680.0  30313.3    30437
read      251.9   129.0    74.4   124.8   138.8   233.5   284.0   314.9   338.5   363.7   393.2   433.7   516.5   661.8  1945.7  67361.3    67422
read      256.3   107.9    74.4   127.4   140.9   236.1   288.1   322.4   346.4   372.9   402.9   446.8   539.6   726.1  1917.8  69815.7    69956
read      260.1    91.2    80.4   141.3   156.9   254.7   290.3   313.0   329.7   347.0   370.5   403.4   470.3   589.9  3155.6  35464.7    35404
read      258.3   159.8    74.4   124.1   138.2   231.2   282.9   316.9   342.3   370.5   404.6   457.7   616.2  1753.5  4988.9  80355.0    80225
read      249.3   110.1    80.4   125.8   139.8   228.1   275.9   306.4   330.5   357.8   391.4   438.5   533.4   744.8  2858.5 105444.7   105585
read      247.1    75.5    86.8   151.8   168.7   243.9   268.2   281.4   291.8   305.5   324.4   353.5   419.4   656.1  1983.3  20213.0    20088
read      237.5    72.7    93.8   156.9   173.0   232.5   253.2   265.4   273.4   285.3   300.0   329.8   397.0   923.7  2611.6  12590.0    12672
read      239.8   194.9    86.8   152.6   169.4   234.2   256.0   268.2   276.2   288.4   303.6   332.3   396.9   914.4 16398.2  15683.3    15696
read      254.6    94.7    80.4   146.7   163.6   250.9   278.8   295.0   309.1   325.4   344.9   374.1   437.9   675.1  3897.1  25950.7    25951
read      253.3   106.4    74.4   125.6   139.7   237.2   286.9   317.6   340.2   364.1   392.1   431.3   506.7   671.7  2386.4  64991.0    65007
read      234.7   109.9    93.8   158.7   174.2   228.1   247.6   258.6   267.2   276.1   291.5   317.6   397.0   991.5  4052.6  10210.3    10189
read      249.7   110.7    80.4   123.4   137.2   230.3   281.4   312.9   336.7   363.0   394.0   435.9   513.8   655.8  3065.0  77988.0    78008
read      238.3    79.0    93.8   158.6   174.5   233.4   254.0   266.1   273.8   285.6   299.5   328.8   396.2   932.1  3034.9  12746.0    12678
read      246.1    97.3    93.8   156.5   173.9   241.7   264.5   276.0   286.7   297.3   316.5   343.1   403.4   925.2  4842.1  15919.0    15922
read      259.1   120.8    80.4   134.8   150.2   253.0   291.7   315.5   332.5   350.8   373.1   404.9   471.1   672.3  3407.5  41919.7    41774
read      258.9   101.1    80.4   137.6   152.9   254.2   290.7   313.5   330.2   347.6   370.0   402.2   470.3   607.4  3024.9  38657.0    38788
read      258.1    84.3    80.4   140.2   156.3   255.6   289.0   309.3   324.5   341.8   363.2   394.1   461.9   576.8  2064.0  34440.7    34559
read      256.1   111.2    80.4   128.9   143.3   244.8   291.3   319.6   339.5   361.1   386.5   423.4   496.8   619.1  2448.7  54879.3    54825
read      259.3    93.9    80.4   134.9   150.2   254.2   293.5   318.3   335.8   354.7   375.8   408.4   470.2   581.4  2824.6  42529.0    42697
read      236.5    79.2    93.8   156.5   172.5   231.6   252.7   264.6   272.2   283.3   296.7   324.7   386.4   952.6  3795.7  12766.3    12669
read      250.8   105.5    74.4   124.6   138.6   233.5   284.2   315.6   339.0   363.5   391.8   431.0   504.6   617.4  1962.7  69886.3    70047
read      246.8   111.5    74.4   123.8   137.5   225.5   274.7   305.9   330.8   358.1   390.7   435.1   524.1   653.8  2434.2  95895.7    96137
read      246.3   106.2    74.4   122.6   136.5   225.4   274.5   305.4   330.1   357.9   390.7   435.8   525.2   672.2  2169.6  92842.3    92934
read      247.9    79.6    80.4   150.9   168.1   244.9   270.1   284.1   294.0   308.4   327.1   355.3   410.8   540.3  3218.3  20579.3    20597
read      253.5   109.2    74.4   125.3   139.4   236.7   287.0   318.0   341.7   365.8   393.9   433.8   512.2   668.0  2995.6  66505.3    66597
read      255.7    99.2    80.4   127.6   141.3   242.0   291.4   321.8   343.0   366.8   393.7   430.3   502.6   625.9  1383.1  60102.0    59987
read      256.0   104.1    74.4   127.0   141.2   242.7   291.1   322.2   343.4   366.0   392.6   430.4   503.1   626.2  2406.5  58473.7    58456
read      255.5   109.2    74.4   127.7   141.8   241.4   290.4   321.1   342.4   365.2   392.6   431.2   503.6   602.5  1747.2  59952.0    59958
read      245.6   107.6    74.4   123.5   137.3   224.3   273.1   303.5   328.2   355.7   389.0   435.6   524.0   662.7  1335.3  98257.3    98221
read      256.5   108.1    74.4   128.5   142.8   243.9   291.2   320.3   341.2   363.3   389.2   426.4   499.6   635.3  2607.6  55932.0    55912

Total QPS = 57622.6 (103720672 / 1800.0s)

Total connections = 64
Misses = 0 (0.0%)
Skipped TXs = 0 (0.0%)

RX 25619005490 bytes :   13.6 MB/s
TX          0 bytes :    0.0 MB/s
Warning! Detected max cpu usage > 95%
CPU Usage Stats (avg/min/max): 99.89%,3.00%,100.00%
