Random waveform, supplied seed
Total number of intervals = 20 (6927, 52892, 98921, 61129, 40613, 53226, 38560, 103465, 104758, 94759, 37799, 8296, 69443, 12517, 43591, 20430, 93758, 10485, 16518, 83230)
Average QPS expected = 52565
Timestamp start: 1778709619989
Timestamp end: 1778709920281

#type       avg     std     min      p5     p10     p50     p67     p75     p80     p85     p90     p95     p99    p999   p9999      QPS   target
read      214.2    86.1    80.4   145.8   157.0   207.8   226.4   236.1   245.6   255.2   270.5   295.1   366.3  1130.9  2963.7   6928.4     6927
read      257.7   126.8    80.4   127.4   140.9   249.7   298.4   319.8   335.0   351.9   373.4   411.1   532.0  1203.2  4004.7  52804.8    52892
read      250.5   127.8    74.4   124.6   138.1   226.0   280.4   310.2   330.5   353.5   382.4   430.2   603.5  1310.2  3097.7  98771.3    98921
read      249.9   116.0    80.4   123.3   136.7   238.7   293.4   317.1   333.2   350.7   372.4   405.1   497.0   733.7  3090.3  61211.3    61129
read      253.0    93.0    80.4   129.9   144.2   253.8   292.9   311.5   323.8   339.1   358.6   388.4   459.6   606.1  2217.6  40599.1    40613
read      251.6    98.3    74.4   124.9   138.6   245.8   295.4   317.1   332.1   348.2   369.8   401.9   486.0   664.4  2101.9  53203.3    53226
read      254.0    95.0    74.4   132.0   146.8   254.4   292.1   310.2   321.9   337.1   355.9   386.4   460.4   668.0  2059.0  38605.9    38560
read      256.5   145.3    74.4   127.1   140.7   230.4   284.1   313.4   333.8   357.3   387.1   435.5   647.4  1677.8  3818.8 103541.3   103465
read      261.0   160.9    80.4   128.3   142.2   233.1   286.8   316.1   336.6   360.2   390.5   440.8   712.3  1968.3  4541.3 104724.8   104758
read      251.4   126.7    80.4   124.4   137.9   227.1   283.1   313.6   334.0   356.6   384.6   429.3   601.6  1286.9  2777.8  94687.2    94759
read      253.6    92.5    74.4   131.5   146.0   254.0   292.9   311.6   324.2   339.4   359.0   389.5   460.4   639.5  2546.9  37731.7    37799
read      221.6   117.7    86.8   146.5   158.3   209.9   232.3   247.1   257.9   270.4   287.0   313.7   397.1  1330.8  5355.6   8298.5     8296
read      249.8   113.3    74.4   123.1   136.2   229.8   290.5   318.9   338.0   359.0   383.9   421.7   517.3   888.0  2991.9  69457.6    69443
read      235.0    97.1    86.8   145.9   160.7   225.0   252.2   269.4   281.4   294.7   313.2   342.2   425.3  1074.6  3145.6  12539.0    12517
read      255.5   101.1    80.4   128.6   142.5   248.8   297.8   318.6   333.7   350.2   371.4   403.1   484.9   788.6  2319.2  43619.0    43591
read      251.2   134.2    86.8   140.1   156.2   240.4   275.2   294.2   307.7   322.1   342.7   374.6   466.5  1539.6  6538.2  20467.7    20430
read      252.5   136.8    74.4   124.2   137.7   225.8   281.0   313.4   335.4   360.2   390.4   435.2   615.9  1486.7  3690.5  93703.3    93758
read      225.6   106.4    86.8   145.8   159.0   216.2   238.4   251.6   262.6   275.4   294.1   321.1   398.8  1098.0  5313.5  10501.5    10485
read      243.0   134.6    80.4   142.1   157.8   231.4   260.2   277.7   291.3   306.8   325.6   358.0   457.9  1715.7  6269.9  16532.7    16518
read      249.2   124.1    74.4   122.3   135.4   225.1   282.4   315.9   337.2   360.7   389.5   431.2   550.4  1056.4  3298.4  83283.5    83230

Total QPS = 52560.6 (15768182 / 300.0s)

Total connections = 64
Misses = 0 (0.0%)
Skipped TXs = 0 (0.0%)

RX 3894740954 bytes :   12.4 MB/s
TX          0 bytes :    0.0 MB/s
Warning! Detected max cpu usage > 95%
CPU Usage Stats (avg/min/max): 99.73%,49.75%,100.00%
