#type       avg     std     min      p5     p10     p50     p67     p75     p80     p85     p90     p95     p99    p999   p9999      QPS   target       ts_start         ts_end
read      201.9    81.1   101.3   142.9   151.8   191.5   210.8   223.2   232.6   244.3   258.7   283.6   346.8  1288.9  3113.1   4974.0     5000  1778339895322  1778339897578
read      250.4    74.9    80.4   141.0   157.3   249.5   280.9   296.8   309.2   322.0   341.1   370.2   432.4   583.1  1387.1  14924.0    15000  1778339899083  1778339901324
read      275.9   103.4    80.4   134.9   150.7   274.9   317.4   338.9   354.4   372.3   396.6   433.4   528.3   875.4  1424.2  24865.8    25000  1778339902828  1778339905032
read      289.4   108.7    80.4   133.6   149.8   287.0   338.7   365.5   384.3   405.2   432.8   471.6   560.2   713.6   943.2  35066.1    35000  1778339906537  1778339908737
read      306.1   146.1    80.4   136.5   152.8   291.9   353.5   387.1   411.1   439.0   473.3   528.6   652.9  1325.0  3770.2  44981.6    45000  1778339910244  1778339912444
read      321.2   155.8    80.4   140.5   159.0   304.5   368.5   405.5   433.7   465.5   504.8   563.1   674.0   918.2  5107.5  55283.0    55000  1778339913949  1778339916150
read      444.6   236.3    86.8   171.6   206.2   400.7   495.0   549.8   590.4   641.9   718.7   856.4  1230.1  1932.5  4430.7  64526.0    65000  1778339917654  1778339919856
read      995.1   428.3   118.1   680.9   734.1   882.5   937.9   989.4  1047.4  1377.1  1598.8  1728.3  1917.8  7263.1  8262.1  66223.5    75000  1778339921362  1778339923562
read      875.8   391.2   109.4   587.9   636.1   767.5   824.9   869.8   965.5  1290.1  1411.2  1521.5  1703.2  7111.5  7639.8  74693.6    85000  1778339925068  1778339927271
read      928.8   416.6   137.8   633.9   679.6   815.1   867.3   919.8  1000.6  1336.3  1498.4  1607.9  1769.7  7239.7  9866.4  71087.0    95000  1778339928777  1778339930981
read     1030.3   470.4    80.4   679.2   754.0   920.3   982.4  1017.0  1087.5  1362.2  1640.5  1798.0  2012.4  7408.3  9420.3  64371.8   105000  1778339932486  1778339934686
read      937.1   399.9   127.6   643.1   695.1   829.8   882.0   928.9  1000.2  1321.4  1510.9  1628.0  1804.1  7196.2  8020.9  70490.0   115000  1778339936192  1778339938391
read      962.5   454.3   109.4   639.4   695.3   844.8   912.2   971.2  1086.4  1386.8  1530.9  1655.7  1861.6  7244.1 14338.3  68842.5   125000  1778339939897  1778339942103
Warning! Detected max cpu usage > 95%
CPU Usage Stats (avg/min/max): 50.25%,0.50%,100.00%
