#type       avg     std     min      p5     p10     p50     p67     p75     p80     p85     p90     p95     p99    p999   p9999      QPS   target       ts_start         ts_end
read      204.0    57.5    86.8   142.8   152.4   194.9   215.4   228.4   237.6   249.6   265.2   289.9   356.3   645.4  1617.7   4967.5     5000  1778339530884  1778339533146
read      249.3   107.2    80.4   136.3   153.7   246.7   276.8   292.7   304.5   317.9   336.3   365.2   433.1  1659.2  3420.9  14856.0    15000  1778339534650  1778339536894
read      264.2    90.8    80.4   132.3   147.2   265.1   305.9   326.4   341.0   358.1   378.4   409.6   471.1   601.9  1386.0  25026.5    25000  1778339538398  1778339540599
read      280.4   115.2    80.4   130.9   145.8   276.3   328.1   355.2   373.5   395.1   421.4   459.7   535.7   677.9  3112.8  34941.0    35000  1778339542103  1778339544301
read      301.3   122.8    80.4   133.6   150.6   290.9   350.1   383.2   406.5   434.8   468.7   519.2   612.9   736.1   906.7  45253.0    45000  1778339545805  1778339548006
read      307.2   135.1    74.4   133.0   151.0   290.9   354.2   391.3   418.3   449.5   487.6   542.3   650.6   807.4  1960.2  55151.5    55000  1778339549510  1778339551711
read      410.4   189.5    80.4   167.6   200.2   382.8   466.0   514.2   548.2   588.6   641.0   734.8   951.1  1271.9  4743.2  65083.1    65000  1778339553215  1778339555417
read      480.2   258.6    80.4   184.7   224.1   441.6   541.0   596.1   637.1   685.4   759.0   921.9  1243.0  1706.2  7029.9  74891.5    75000  1778339556920  1778339559120
read      925.8   417.3   109.4   643.4   691.2   818.4   864.9   906.4   940.2  1299.2  1506.4  1613.1  1765.4  7200.5  8532.9  70930.5    85000  1778339560625  1778339562826
read      965.4   408.1   148.8   699.8   737.9   854.9   905.8   934.9   979.9  1231.9  1558.2  1687.1  1856.2  7223.2  9093.3  68536.5    95000  1778339564330  1778339566531
read      906.3   410.3   118.1   644.7   676.0   790.5   841.7   871.0   927.1  1332.6  1469.1  1574.4  1726.3  7230.7  8105.7  72774.1   105000  1778339568035  1778339570237
read      877.3   383.5   137.8   646.0   671.0   769.5   804.7   841.1   868.1  1284.8  1431.9  1530.8  1665.7  7172.6  8010.6  75260.5   115000  1778339571741  1778339573941
read      976.3   408.8   160.7   720.3   756.5   860.8   908.9   934.6   973.6  1232.9  1595.5  1705.2  1857.4  7213.4  9439.9  67668.0   125000  1778339575446  1778339577645
Warning! Detected max cpu usage > 95%
CPU Usage Stats (avg/min/max): 50.75%,1.49%,100.00%
