#type       avg     std     min      p5     p10     p50     p67     p75     p80     p85     p90     p95     p99    p999   p9999      QPS   target       ts_start         ts_end
read      209.4    87.4   101.3   144.4   154.0   196.8   221.2   235.0   246.1   258.7   275.4   303.5   382.6   594.5  4071.6   5000.5     5000  1778339944987  1778339947250
read      254.1    85.1    80.4   140.3   156.4   253.1   284.1   300.5   312.6   326.9   346.2   378.2   459.3   681.8  1960.4  15067.5    15000  1778339948755  1778339950999
read      280.0   119.2    86.8   133.3   149.2   276.5   318.8   341.2   357.9   376.7   402.5   442.6   572.1  1376.0  2339.8  25199.0    25000  1778339952505  1778339954713
read      289.0   111.5    74.4   133.7   149.3   285.8   337.7   364.5   383.5   405.3   434.2   475.9   559.6   690.0  1715.3  34778.0    35000  1778339956217  1778339958426
read      299.5   129.4    80.4   133.1   149.2   287.1   348.4   382.6   405.8   433.3   466.9   518.7   631.6   876.6  2380.2  44882.5    45000  1778339959931  1778339962138
read      317.9   145.2    80.4   138.1   156.5   300.8   365.8   403.3   430.5   461.9   500.7   555.3   674.2  1130.4  2489.3  55066.0    55000  1778339963642  1778339965846
read      374.6   198.6    80.4   153.3   179.0   343.1   420.8   466.1   499.6   539.5   589.0   675.0   979.1  1738.6  5065.0  65059.5    65000  1778339967351  1778339969559
read     1015.7   436.3   127.6   717.2   763.8   901.8   954.7   997.2  1039.2  1356.9  1631.9  1760.4  1966.6  7320.0  9024.7  65001.2    75000  1778339971063  1778339973272
read      955.7   412.7   127.6   654.1   701.2   840.3   902.9   943.3  1039.8  1378.9  1529.7  1654.2  1847.6  7226.0  9505.2  69075.2    85000  1778339974777  1778339976984
read      946.4   414.5   118.1   657.5   702.4   830.7   883.2   928.4   994.2  1370.8  1531.5  1651.6  1828.8  7246.9  8857.3  69759.5    95000  1778339978488  1778339980694
read      987.6   416.9   160.7   693.9   736.3   877.3   931.9   977.5  1016.0  1351.9  1580.1  1715.1  1882.5  7206.0  8666.8  66895.4   105000  1778339982199  1778339984405
read      962.3   442.3   109.4   686.2   724.3   846.7   896.8   931.1   982.5  1335.0  1555.7  1678.5  1851.1  7346.4 12344.5  68815.4   115000  1778339985910  1778339988123
read      889.0   389.7   137.8   600.8   647.6   779.6   838.4   886.5   999.5  1295.3  1426.7  1538.2  1709.0  7171.3  8067.7  74216.5   125000  1778339989628  1778339991840
Warning! Detected max cpu usage > 95%
CPU Usage Stats (avg/min/max): 50.25%,0.50%,100.00%
