#type       avg     std     min      p5     p10     p50     p67     p75     p80     p85     p90     p95     p99    p999   p9999      QPS   target       ts_start         ts_end
read      194.7    43.8    86.8   139.3   148.7   186.5   204.3   215.9   225.0   235.3   251.4   276.9   340.0   419.2   642.8   4929.0     5000  1778339845570  1778339847826
read      244.9    76.8    86.8   137.4   152.9   243.8   275.3   291.6   303.1   316.6   334.3   361.6   428.3   611.1  2119.4  14929.0    15000  1778339849330  1778339851573
read      274.4   103.9    80.4   134.7   150.2   275.3   316.3   337.3   351.8   369.4   392.7   429.0   509.0   754.8  3494.7  24860.0    25000  1778339853077  1778339855276
read      285.3   109.2    80.4   131.9   146.7   282.7   335.1   361.7   380.1   400.9   428.2   468.1   549.0   692.9  1887.4  34800.0    35000  1778339856781  1778339858983
read      291.6   123.9    80.4   129.5   146.2   279.6   339.5   372.7   396.2   423.9   457.4   504.2   595.9   751.4  1886.7  44949.0    45000  1778339860487  1778339862687
read      313.0   136.5    74.4   135.2   153.2   296.8   361.3   398.1   425.4   456.6   495.3   550.0   666.5   937.3  1408.0  55081.0    55000  1778339864191  1778339866391
read      405.0   204.5    80.4   161.0   192.1   372.9   453.3   501.8   538.3   583.0   639.5   741.6  1017.0  1592.5  3470.3  65395.5    65000  1778339867896  1778339870097
read      927.9   390.5   137.8   671.7   706.8   823.5   866.6   905.1   935.1  1239.2  1502.4  1617.0  1760.0  7163.1  8046.0  70820.0    75000  1778339871603  1778339873812
read      988.2   413.3   127.6   728.8   763.3   875.5   921.0   942.4   986.5  1158.5  1614.7  1725.6  1873.0  7252.5  9073.0  66911.0    85000  1778339875317  1778339877517
read      893.2   380.8   187.4   655.1   689.7   781.7   818.7   852.6   874.6  1326.5  1466.4  1558.8  1685.7  7071.0  9816.2  73755.5    95000  1778339879021  1778339881222
read      963.1   435.4   118.1   691.1   725.2   847.8   898.2   930.7   972.5  1314.0  1556.1  1683.2  1856.3  7297.8  8989.8  68650.5   105000  1778339882727  1778339884931
read      919.6   380.9   148.8   653.3   695.2   811.0   860.1   899.3   937.9  1309.8  1492.9  1600.3  1742.4  7163.0  8009.2  71644.0   115000  1778339886436  1778339888636
read      941.3   420.2   127.6   679.1   715.5   831.0   870.6   910.4   937.8  1219.2  1531.6  1649.1  1815.5  7219.9  8137.2  70256.0   125000  1778339890140  1778339892342
Warning! Detected max cpu usage > 95%
CPU Usage Stats (avg/min/max): 50.75%,1.49%,100.00%
