#type       avg     std     min      p5     p10     p50     p67     p75     p80     p85     p90     p95     p99    p999   p9999      QPS   target       ts_start         ts_end
read      216.4    66.7    86.8   145.9   156.6   205.0   229.1   243.3   253.7   268.0   286.5   318.7   414.0   748.0  1960.8   5040.5     5000  1778340002534  1778340004798
read      260.5   148.4    86.8   141.2   158.9   252.7   285.9   304.0   317.1   333.7   355.0   390.8   505.5  2226.9  7690.5  14884.0    15000  1778340006303  1778340008547
read      287.7   176.3    80.4   134.6   150.8   282.4   326.1   348.7   365.3   384.0   405.8   444.5   535.2  3253.9  5649.3  25037.5    25000  1778340010053  1778340012254
read      296.8   131.9    80.4   133.6   148.9   290.2   345.6   374.6   395.5   419.6   449.5   494.5   601.7   919.2  3357.9  35137.0    35000  1778340013759  1778340015963
read      301.6   135.1    86.8   129.9   144.5   287.0   353.4   390.2   415.8   445.6   481.1   535.1   656.0   933.6  1497.8  44942.5    45000  1778340017469  1778340019671
read      326.3   170.4    80.4   130.6   146.2   299.2   376.8   425.4   460.2   499.7   548.1   622.1   781.5  1055.4  3922.5  54889.5    55000  1778340021175  1778340023376
read      359.9   223.0    80.4   138.3   155.4   305.1   399.9   466.6   512.3   565.0   632.1   737.9  1036.5  2167.4  3628.7  65060.0    65000  1778340024881  1778340027084
read      961.9  1228.0    93.8   265.8   294.5   441.4   628.7   702.2   766.7  2625.0  3390.0  3614.8  4168.0  8065.3 10697.0  69173.5    75000  1778340028588  1778340030789
read      964.3  1223.8    93.8   266.5   296.6   446.1   625.1   703.1   771.4  2982.2  3395.8  3619.4  4070.6  8041.4  9845.2  69902.6    85000  1778340032294  1778340034496
read      964.8  1231.0   109.4   267.1   295.2   448.2   626.9   700.7   763.4  2726.6  3398.1  3628.1  4486.9  8017.8  9696.5  69953.4    95000  1778340036002  1778340038203
read      909.8  1186.8    93.8   246.8   276.2   430.1   581.9   657.1   719.5  1713.3  3349.3  3580.2  4151.4  8051.9 10224.9  73873.5   105000  1778340039708  1778340041914
read      936.2  1203.3   101.3   257.6   285.0   440.1   604.0   674.5   734.1  2461.5  3374.7  3599.8  4122.5  8023.6  9998.5  71778.0   115000  1778340043418  1778340045620
read      982.5  1231.0   101.3   260.7   294.4   477.0   631.5   725.4   822.3  2616.7  3372.4  3626.7  4749.1  8063.6 10128.1  68850.4   125000  1778340047126  1778340049328
Warning! Detected max cpu usage > 95%
CPU Usage Stats (avg/min/max): 50.25%,0.50%,100.00%
