#type       avg     std     min      p5     p10     p50     p67     p75     p80     p85     p90     p95     p99    p999   p9999      QPS   target       ts_start         ts_end
read      231.9   207.7    93.8   148.4   157.5   206.6   233.1   249.4   262.6   279.7   304.0   354.8   612.6  3020.9  7427.2   4882.5     5000  1778340159633  1778340161899
read      243.1    99.5    86.8   141.5   157.3   239.6   266.4   281.1   292.3   306.4   324.0   357.0   448.0   797.1  3232.7  14990.0    15000  1778340163403  1778340165642
read      265.4   122.2    86.8   136.4   151.3   262.4   294.6   311.8   323.7   339.9   362.1   401.2   570.7  1564.0  3583.2  25032.3    25000  1778340167147  1778340169350
read      261.9    93.6    80.4   132.0   146.2   265.1   303.2   321.3   335.2   350.2   370.8   403.7   491.4   723.1  1721.3  34813.5    35000  1778340170855  1778340173058
read      268.4    97.5    86.8   133.3   147.3   268.8   316.4   338.5   353.5   370.0   392.4   426.8   503.9   696.9  1386.7  44957.2    45000  1778340174563  1778340176766
read      282.9   140.0    80.4   131.9   147.0   274.3   329.2   354.9   372.4   393.7   420.9   464.9   616.4  1496.0  3629.2  55082.5    55000  1778340178271  1778340180472
read      269.1   106.9    80.4   129.8   144.3   257.8   316.8   343.7   362.5   383.4   409.0   451.2   544.2   721.9  1388.7  64775.5    65000  1778340181975  1778340184178
read      299.4   152.8    80.4   137.4   153.6   278.1   338.4   369.5   392.1   419.6   457.6   526.3   772.4  1533.1  3168.9  75286.5    75000  1778340185683  1778340187886
read      293.5   142.8    86.8   138.3   154.5   273.9   332.9   363.7   386.0   412.6   448.9   508.5   680.9  1466.8  3717.5  85051.0    85000  1778340189391  1778340191593
read      305.6   150.1    80.4   143.2   161.7   284.4   342.1   373.9   397.9   427.1   465.9   533.6   724.3  1452.2  3454.1  94863.1    95000  1778340193098  1778340195298
read      316.1   150.7    80.4   148.5   167.5   292.9   351.1   384.6   409.5   441.4   486.3   565.8   763.4  1220.9  4191.0 105172.7   105000  1778340196803  1778340199003
read      423.4   205.0    80.4   181.9   215.2   387.7   464.7   517.0   563.6   621.9   691.9   785.5   944.9  1376.1  5142.7 114665.4   115000  1778340200508  1778340202706
read      556.6   230.0   101.3   299.7   334.9   489.0   625.2   711.4   759.0   805.2   858.8   933.7  1096.9  1998.3  6303.2 114898.9   125000  1778340204210  1778340206411
Warning! Detected max cpu usage > 95%
CPU Usage Stats (avg/min/max): 50.25%,0.50%,100.00%
