#type       avg     std     min      p5     p10     p50     p67     p75     p80     p85     p90     p95     p99    p999   p9999      QPS   target       ts_start         ts_end
read      208.0    76.0   101.3   147.5   156.1   196.5   215.6   228.2   237.4   251.5   270.1   300.3   369.4   995.3  3113.2   4969.0     5000  1778340416049  1778340418304
read      234.5    67.2    86.8   142.6   158.0   230.4   259.2   273.0   283.8   295.5   312.3   338.9   404.5   585.8  2038.6  14892.0    15000  1778340419809  1778340422051
read      258.0    91.3    80.4   136.8   151.7   260.6   294.8   311.7   322.9   337.7   356.1   386.1   467.3   672.6  3489.2  25029.0    25000  1778340423555  1778340425756
read      264.6    91.4    80.4   134.0   148.3   269.7   309.8   329.1   342.1   358.0   376.1   404.2   470.5   588.6  1620.8  34847.5    35000  1778340427259  1778340429461
read      260.9   102.2    80.4   128.4   141.9   259.6   309.0   331.2   345.6   363.5   385.2   418.0   489.0   628.5  3073.3  44853.0    45000  1778340430965  1778340433166
read      268.0   112.6    80.4   130.6   144.5   258.9   317.0   343.4   361.3   380.9   404.3   441.9   519.9   680.0  2037.0  54974.5    55000  1778340434671  1778340436870
read      274.5   133.8    74.4   130.1   144.9   260.6   321.8   350.7   370.3   393.0   421.3   464.7   562.4   771.6  4079.8  64874.0    65000  1778340438374  1778340440575
read      273.2   116.9    80.4   132.1   146.9   256.3   318.1   348.4   369.1   392.8   421.9   465.0   558.7   740.8  3236.0  74926.0    75000  1778340442079  1778340444278
read      288.5   117.5    80.4   139.2   155.7   272.8   331.6   362.1   383.7   408.8   441.6   493.8   612.9   848.4  1913.9  85158.0    85000  1778340445783  1778340447982
read      335.5   179.5    80.4   145.4   164.2   303.7   370.1   408.1   437.7   478.5   539.8   660.7   935.1  1255.9  3540.3  94674.0    95000  1778340449486  1778340451687
read      374.3   213.7    80.4   155.0   178.1   334.7   411.4   457.0   491.7   535.9   602.4   759.5  1038.5  1272.6  7299.7 104659.0   105000  1778340453191  1778340455394
read      542.5   240.9    86.8   272.9   317.4   489.0   589.7   670.2   726.5   787.1   852.9   934.8  1087.5  1495.4  7525.2 111085.2   115000  1778340456899  1778340459100
read      556.0   246.7    93.8   295.3   330.4   500.7   605.3   680.9   734.4   795.1   867.6   961.2  1104.2  1636.1  7433.8 114684.9   125000  1778340460605  1778340462806
Warning! Detected max cpu usage > 95%
CPU Usage Stats (avg/min/max): 51.26%,2.51%,100.00%
