#type       avg     std     min      p5     p10     p50     p67     p75     p80     p85     p90     p95     p99    p999   p9999      QPS   target       ts_start         ts_end
read      222.1    71.6    93.8   150.6   160.9   211.0   235.3   249.7   260.0   272.2   291.9   328.3   429.7   810.4  2377.5   4952.5     5000  1778340052081  1778340054338
read      257.5    90.7    86.8   142.1   158.3   254.4   286.8   304.1   316.6   332.8   353.8   388.3   470.7   787.2  2566.9  14948.0    15000  1778340055843  1778340058090
read      289.7   128.0    80.4   135.1   152.3   283.9   328.7   352.3   368.9   389.4   416.3   461.8   616.5  1572.3  3230.3  25038.5    25000  1778340059594  1778340061799
read      292.4   140.2    80.4   131.4   146.7   280.8   338.8   369.5   391.1   415.8   446.7   495.0   618.7  1015.4  3335.2  35040.4    35000  1778340063303  1778340065503
read      306.7   164.3    80.4   130.1   145.3   290.1   355.2   393.0   419.2   448.8   485.4   540.2   668.2  1302.2  5136.5  44909.0    45000  1778340067008  1778340069209
read      317.4   153.1    80.4   133.0   147.7   288.7   368.9   418.7   453.3   490.8   535.7   600.4   730.6   913.6  1516.6  55119.5    55000  1778340070713  1778340072912
read      333.3   180.4    80.4   133.9   149.6   290.4   378.8   437.8   478.6   523.5   580.4   669.0   868.4  1259.1  1872.4  64846.0    65000  1778340074417  1778340076617
read      954.2  1211.9    93.8   260.4   290.7   439.6   626.7   701.9   770.9  2655.9  3389.6  3606.9  4015.9  8051.5 10112.6  69034.0    75000  1778340078122  1778340080324
read      914.3  1197.8    86.8   241.8   272.1   443.1   585.2   660.9   730.4  1655.9  3332.3  3577.6  4386.8  8112.0 10881.9  73163.5    85000  1778340081828  1778340084031
read      967.1  1243.5   109.4   275.7   299.9   432.3   635.1   699.2   751.9  3083.9  3407.0  3625.4  4231.3  8047.9  9856.1  69872.7    95000  1778340085535  1778340087739
read      942.7  1212.5    86.8   246.0   279.8   449.9   602.9   686.2   761.1  2124.1  3368.3  3612.6  4415.7  8089.9 10233.5  71427.5   105000  1778340089243  1778340091446
read     1012.7  1283.6   101.3   281.6   310.1   461.3   654.8   740.0   819.7  3246.6  3428.8  3665.3  4206.0  9042.0 14765.9  67167.5   115000  1778340092950  1778340095154
read      910.3  1204.9   101.3   246.8   274.5   437.7   580.1   644.8   702.0  1498.7  3352.1  3582.1  4292.0  8069.9 14783.1  74109.5   125000  1778340096658  1778340098861
Warning! Detected max cpu usage > 95%
CPU Usage Stats (avg/min/max): 50.50%,1.00%,100.00%
