#type       avg     std     min      p5     p10     p50     p67     p75     p80     p85     p90     p95     p99    p999   p9999      QPS   target       ts_start         ts_end
read      212.6    90.6    93.8   145.6   155.7   199.5   222.8   235.3   246.0   258.2   275.4   308.9   402.7  1440.2  3920.4   5013.0     5000  1778340258752  1778340261013
read      243.2    97.5    86.8   141.9   158.6   241.3   268.1   282.2   292.3   304.8   319.5   347.0   417.9   993.4  2375.7  15006.5    15000  1778340262517  1778340264760
read      273.0    96.6    80.4   139.4   155.1   275.3   309.9   327.9   340.7   356.9   377.2   412.8   526.0   856.8  1614.9  25246.0    25000  1778340266264  1778340268466
read      266.3    95.7    80.4   133.7   148.2   272.0   310.5   328.9   341.6   357.1   374.7   404.6   473.1   647.2  1963.5  34857.5    35000  1778340269971  1778340272171
read      275.6   134.6    80.4   133.0   147.4   270.9   319.2   342.0   358.5   376.4   400.5   439.1   570.5  1517.9  3233.3  44957.2    45000  1778340273674  1778340275876
read      277.0   121.1    80.4   129.7   144.9   271.2   326.9   352.7   370.2   390.9   416.6   456.9   548.6   915.9  3233.1  54833.0    55000  1778340277380  1778340279580
read      268.3   117.1    74.4   130.7   145.1   253.4   313.4   341.5   361.0   382.8   409.4   452.8   551.0   754.9  2471.7  64902.7    65000  1778340281086  1778340283287
read      274.7   116.7    80.4   132.5   147.8   260.0   320.2   349.7   370.5   394.1   422.9   465.2   559.4   774.0  1925.7  74724.0    75000  1778340284793  1778340286994
read      284.3   115.8    80.4   139.1   154.9   268.6   325.2   355.8   377.3   401.7   434.0   485.7   592.5   792.3  1983.7  85281.8    85000  1778340288498  1778340290699
read      319.8   157.2    86.8   148.0   166.9   296.4   358.6   393.3   419.5   452.1   497.1   572.1   741.3  1273.1  4272.2  94532.0    95000  1778340292203  1778340294405
read      463.4   220.6    86.8   193.7   232.7   423.6   508.2   563.6   610.4   672.7   759.5   888.9  1076.4  1380.8  4978.4 104915.9   105000  1778340295910  1778340298112
read      552.1   249.5    86.8   246.6   296.9   501.9   599.7   672.2   732.4   802.8   885.7   997.1  1222.6  2176.4  4584.0 108463.9   115000  1778340299617  1778340301820
read      573.0   229.3   109.4   326.2   361.4   500.6   616.2   730.2   785.4   837.0   891.2   959.7  1081.9  1382.0  7179.3 112142.9   125000  1778340303324  1778340305526
Warning! Detected max cpu usage > 95%
CPU Usage Stats (avg/min/max): 51.24%,2.49%,100.00%
