#type       avg     std     min      p5     p10     p50     p67     p75     p80     p85     p90     p95     p99    p999   p9999      QPS   target       ts_start         ts_end
read      210.5    60.6    86.8   148.2   156.9   199.0   221.1   234.1   245.4   258.7   275.3   308.0   387.0   582.2  1963.0   4894.0     5000  1778340316911  1778340319178
read      240.3   117.1    93.8   143.7   158.6   235.7   263.9   278.0   288.7   300.8   318.7   346.5   416.1   696.7  6982.4  14883.5    15000  1778340320683  1778340322922
read      255.3    81.8    86.8   135.9   151.1   259.9   291.6   307.6   318.1   332.2   348.4   374.9   444.1   627.6  1962.5  24850.0    25000  1778340324427  1778340326627
read      264.2    93.5    80.4   134.0   148.3   267.6   308.4   327.8   340.9   356.8   375.4   405.4   472.6   614.1  1714.2  34951.0    35000  1778340328132  1778340330331
read      268.7   107.7    80.4   131.1   145.4   267.8   317.3   339.7   355.3   372.4   394.9   428.4   506.2   776.5  2041.6  44703.5    45000  1778340331836  1778340334037
read      267.2   105.2    80.4   130.9   144.9   257.7   315.6   342.6   360.7   380.3   403.6   441.6   522.5   677.4  1220.7  54916.0    55000  1778340335540  1778340337743
read      272.7   138.3    80.4   130.0   144.1   253.2   315.2   345.1   366.3   389.8   418.4   462.3   584.6  1744.1  4075.8  64742.0    65000  1778340339248  1778340341447
read      271.1   131.9    74.4   129.5   143.7   250.4   313.1   344.6   366.6   391.5   422.7   469.2   588.6  1038.9  3185.5  74741.0    75000  1778340342952  1778340345153
read      278.5   116.6    80.4   134.1   149.8   261.5   320.0   351.3   372.5   397.6   429.0   477.9   589.0   906.8  1962.0  84612.0    85000  1778340346657  1778340348858
read      302.8   133.7    80.4   142.3   160.1   281.5   343.4   377.2   401.8   432.2   471.6   538.7   686.9   927.2  1923.4  95040.9    95000  1778340350363  1778340352565
read      317.1   140.1    80.4   148.9   168.6   295.3   354.3   388.5   413.9   445.5   487.4   556.3   777.8  1046.0  1742.9 105259.9   105000  1778340354068  1778340356269
read      554.3   258.3    86.8   236.4   292.0   505.3   596.5   669.4   733.3   815.7   909.5  1016.1  1218.0  1512.3  7311.9 107250.9   115000  1778340357774  1778340359975
read      603.9   242.2   109.4   341.1   379.9   528.6   640.3   760.0   823.1   879.8   937.0  1012.9  1186.7  2019.9  6994.5 107196.7   125000  1778340361480  1778340363678
Warning! Detected max cpu usage > 95%
CPU Usage Stats (avg/min/max): 50.50%,1.00%,100.00%
