#type       avg     std     min      p5     p10     p50     p67     p75     p80     p85     p90     p95     p99    p999   p9999      QPS   target       ts_start         ts_end
read      203.9    83.3   101.3   144.4   154.2   194.2   213.0   224.8   233.5   245.4   260.9   287.2   359.1   772.4  2565.0   5020.5     5000  1778340680044  1778340682304
read      234.7    69.8    86.8   141.4   155.9   229.7   258.9   273.2   284.5   296.6   314.9   342.5   407.2   671.8  1100.9  14974.5    15000  1778340683809  1778340686047
read      256.2    88.3    80.4   135.3   150.4   258.4   293.1   310.7   322.3   337.4   356.1   385.5   450.5   584.7  2331.7  25010.5    25000  1778340687551  1778340689755
read      268.8   113.3    80.4   131.8   146.5   271.4   312.1   332.1   345.1   362.7   384.4   417.7   491.7  1420.2  3152.9  34895.2    35000  1778340691260  1778340693459
read      265.5   102.8    80.4   130.1   143.5   262.7   311.7   335.4   351.6   370.7   395.5   432.4   505.7   647.8  1817.9  44604.0    45000  1778340694965  1778340697170
read      281.6   138.8    80.4   129.6   143.9   268.7   325.0   353.8   373.9   398.7   431.5   488.3   626.5  1542.0  3691.2  54876.5    55000  1778340698675  1778340700875
read      280.1   125.2    74.4   130.2   144.3   261.2   322.9   355.0   378.3   406.2   445.7   506.1   631.0   858.3  1815.0  65377.0    65000  1778340702379  1778340704581
read      288.9   144.3    80.4   128.5   143.2   265.3   328.3   362.0   388.0   421.4   468.4   543.0   713.3  1123.8  3274.0  74478.0    75000  1778340706085  1778340708286
read      297.7   173.1    80.4   133.4   148.5   262.1   326.9   365.2   396.6   437.8   499.8   592.1   798.4  1150.5  5186.5  85098.9    85000  1778340709790  1778340711989
read      308.5   189.5    80.4   133.8   149.4   257.1   322.4   364.6   400.9   457.3   539.4   678.5  1014.7  1519.0  2221.9  94961.5    95000  1778340713494  1778340715695
read      387.7   385.4    80.4   145.6   164.4   283.9   351.2   400.8   450.0   532.2   689.6  1007.7  2172.8  3589.1  7890.5 104501.5   105000  1778340717200  1778340719399
read      539.6   765.6    86.8   180.2   206.5   340.7   408.0   450.3   482.8   526.8   608.7  2577.1  3602.2  7571.6  9043.2 113817.4   115000  1778340720905  1778340723112
read      623.8   857.6    86.8   204.4   235.2   386.6   472.4   528.5   573.9   638.8   781.5  3252.9  3899.5  7769.1  9406.6 105499.9   125000  1778340724615  1778340726814
Warning! Detected max cpu usage > 95%
CPU Usage Stats (avg/min/max): 50.00%,0.00%,100.00%
