#type       avg     std     min      p5     p10     p50     p67     p75     p80     p85     p90     p95     p99    p999   p9999      QPS   target       ts_start         ts_end
read      206.3    73.9    93.8   145.1   155.0   196.3   214.9   227.3   235.9   249.5   266.8   297.1   366.2   491.1  3771.4   4977.0     5000  1778340630485  1778340632750
read      237.9    76.1    86.8   143.4   159.0   232.4   262.9   278.3   289.2   301.5   317.8   344.8   412.1   625.5  1558.0  14920.0    15000  1778340634255  1778340636499
read      266.5   139.0    86.8   138.3   153.1   257.8   294.8   314.4   328.2   343.5   365.8   402.5   595.7  2048.7  3758.3  25209.0    25000  1778340638003  1778340640204
read      264.6    97.1    80.4   131.1   145.7   266.1   307.5   328.1   342.8   360.6   382.4   416.6   494.9   645.7  1560.8  34683.0    35000  1778340641708  1778340643912
read      269.0   103.1    80.4   128.7   142.8   267.3   316.3   339.9   356.7   375.2   400.7   438.7   525.8   662.2  1498.9  44846.9    45000  1778340645417  1778340647620
read      274.8   117.4    80.4   128.9   142.8   264.1   321.1   349.5   369.5   394.1   426.0   473.0   572.1   765.0  2037.3  54951.4    55000  1778340649125  1778340651328
read      279.9   149.6    80.4   131.2   144.4   254.3   317.2   350.7   375.6   405.7   445.5   506.0   649.4  1823.9  3232.0  65049.9    65000  1778340652832  1778340655043
read      279.2   132.0    80.4   129.6   143.1   252.5   317.1   351.5   377.6   410.9   456.5   525.9   678.1   940.7  2228.1  75161.7    75000  1778340656549  1778340658750
read      303.3   169.3    80.4   131.6   146.9   266.2   332.9   370.7   402.0   445.4   505.9   611.2   880.6  1373.9  2705.4  84591.4    85000  1778340660254  1778340662458
read      344.2   257.9    86.8   141.3   158.3   276.6   344.6   391.8   433.2   495.9   593.2   790.9  1354.7  2423.7  6304.1  94765.4    95000  1778340663962  1778340666163
read      445.0   524.0    80.4   152.8   173.8   302.8   374.4   427.9   478.4   568.7   769.5  1270.6  3058.7  4893.5  8146.8 104940.7   105000  1778340667668  1778340669872
read      581.8   826.8    86.8   197.7   225.5   366.1   445.5   492.5   527.5   572.6   649.5  3153.9  3756.3  7689.6  8398.2 110053.9   115000  1778340671377  1778340673578
read      603.6   837.5    93.8   206.9   236.6   385.6   463.2   510.1   547.6   598.4   692.0  3066.2  4056.9  7673.5  8137.3 108986.4   125000  1778340675083  1778340677286
Warning! Detected max cpu usage > 95%
CPU Usage Stats (avg/min/max): 50.25%,0.50%,100.00%
