#type       avg     std     min      p5     p10     p50     p67     p75     p80     p85     p90     p95     p99    p999   p9999      QPS   target       ts_start         ts_end
read      214.1    65.1   101.3   151.2   161.5   202.3   222.4   234.6   245.8   259.2   277.0   308.9   393.0   979.5  1386.0   5022.5     5000  1778340837112  1778340839372
read      239.2    67.5    86.8   150.8   166.1   234.1   261.5   275.2   286.1   297.1   314.6   341.3   406.6   617.8  1018.8  15022.5    15000  1778340840877  1778340843113
read      255.9    88.9    86.8   144.5   160.2   255.9   287.8   303.5   314.6   328.2   345.4   374.8   455.8   745.6  1881.7  25301.0    25000  1778340844618  1778340846816
read      261.8    95.0    80.4   139.5   153.8   262.6   301.6   319.3   332.5   346.2   366.2   396.9   471.3   745.7  3584.7  34955.6    35000  1778340848320  1778340850526
read      289.3   168.1    80.4   138.8   153.9   273.9   320.9   343.0   359.3   377.7   404.4   464.9   913.7  2125.1  3387.6  44972.9    45000  1778340852030  1778340854227
read      258.4    95.8    86.8   129.7   143.2   252.3   306.4   329.8   345.0   362.7   383.9   416.1   485.7   620.6  1263.4  55308.0    55000  1778340855731  1778340857930
read      263.6   124.3    80.4   131.1   145.0   247.9   309.0   336.2   353.9   372.9   398.0   434.7   525.9   770.6  3494.2  64938.0    65000  1778340859434  1778340861635
read      263.5   108.3    80.4   131.3   145.5   246.4   306.6   334.9   353.9   374.5   401.1   441.3   536.5   831.6  1840.0  74858.8    75000  1778340863140  1778340865341
read      265.6   111.3    80.4   133.4   147.8   246.8   305.9   335.3   355.3   377.1   403.5   446.2   554.5   888.3  2431.8  84911.5    85000  1778340866845  1778340869045
read      257.9   103.8    80.4   132.0   146.1   237.4   296.0   325.9   346.0   368.5   395.4   434.0   525.2   722.8  1912.7  94677.5    95000  1778340870550  1778340872748
read      292.4   144.3    80.4   142.6   159.4   270.7   328.5   359.2   381.2   406.8   441.9   503.6   682.8  1369.5  3653.7 105399.7   105000  1778340874251  1778340876452
read      287.4   124.4    80.4   148.5   165.5   269.7   320.7   349.7   370.6   395.0   426.7   478.0   607.3   999.4  3165.6 114724.4   115000  1778340877956  1778340880155
read      349.9   158.8    86.8   166.4   190.2   323.8   384.2   420.6   449.1   485.2   535.4   622.0   835.9  1471.1  3077.1 124715.4   125000  1778340881659  1778340883859
Warning! Detected max cpu usage > 95%
CPU Usage Stats (avg/min/max): 51.50%,3.00%,100.00%
