#type       avg     std     min      p5     p10     p50     p67     p75     p80     p85     p90     p95     p99    p999   p9999      QPS   target       ts_start         ts_end
read      212.5   141.2    93.8   149.1   158.6   201.2   221.3   234.3   245.1   257.4   273.8   306.1   385.2   546.2 12932.2   4920.5     5000  1778340787552  1778340789809
read      231.2    62.7    86.8   143.1   158.7   225.5   252.9   267.5   277.2   290.3   307.5   335.7   399.4   620.7   981.4  14970.0    15000  1778340791314  1778340793552
read      250.1    91.6    86.8   137.1   152.2   250.7   283.7   299.4   311.2   323.8   341.4   367.8   431.7   743.3  2768.7  25114.5    25000  1778340795057  1778340797262
read      260.9   100.3    80.4   135.1   149.4   262.9   302.4   320.0   333.2   346.7   367.3   397.8   467.4   801.2  2366.6  34945.0    35000  1778340798766  1778340800970
read      259.8    92.1    80.4   131.8   145.7   259.2   306.4   327.3   341.4   358.1   377.6   407.4   477.7   593.3  1557.8  44932.0    45000  1778340802475  1778340804675
read      264.4    99.7    80.4   131.1   144.9   259.1   313.4   337.0   352.8   370.5   393.2   427.4   503.3   638.2  1077.7  54753.0    55000  1778340806181  1778340808382
read      259.9   110.9    80.4   129.2   142.6   242.7   304.3   331.7   349.7   370.3   396.1   436.2   533.5   753.8  3425.0  65080.9    65000  1778340809887  1778340812091
read      258.3   108.8    80.4   128.6   142.1   239.1   301.9   331.0   349.8   370.7   396.2   433.2   521.1   813.7  2344.2  74871.5    75000  1778340813594  1778340815796
read      261.6   103.1    80.4   132.6   146.7   241.5   302.7   333.1   353.1   374.8   401.3   438.7   527.9   784.9  1251.9  84994.5    85000  1778340817301  1778340819501
read      258.3   115.6    80.4   129.5   143.4   236.2   294.7   325.4   345.9   369.8   398.1   439.7   545.3   990.8  3295.8  95156.4    95000  1778340821006  1778340823207
read      267.7   112.4    86.8   137.5   152.4   250.8   305.0   333.7   353.5   375.6   403.3   447.6   543.7   732.3  2287.7 105001.7   105000  1778340824711  1778340826912
read      298.4   146.4    80.4   142.2   159.7   270.5   329.6   363.4   388.3   418.8   461.8   541.9   781.6  1301.5  3550.8 115697.0   115000  1778340828416  1778340830618
read      284.1   131.0    80.4   141.8   158.9   263.2   315.4   344.5   366.7   393.2   428.8   492.1   669.6  1002.8  3491.1 124992.9   125000  1778340832123  1778340834324
Warning! Detected max cpu usage > 95%
CPU Usage Stats (avg/min/max): 50.25%,0.50%,100.00%
