#type       avg     std     min      p5     p10     p50     p67     p75     p80     p85     p90     p95     p99    p999   p9999      QPS   target       ts_start         ts_end
read      211.4    61.3   101.3   146.4   156.1   201.3   224.3   237.0   248.9   262.3   278.5   306.9   364.9   474.3  2995.7   4937.5     5000  1778340473129  1778340475391
read      253.6    95.3    80.4   139.9   155.5   250.6   286.0   304.2   316.5   332.1   351.3   384.5   467.0   690.6  1587.4  14917.5    15000  1778340476895  1778340479132
read      272.9   131.8    86.8   133.2   149.0   272.3   316.3   338.3   353.6   370.8   393.2   426.1   492.7   676.0  6682.3  25026.5    25000  1778340480638  1778340482837
read      298.2   167.3    80.4   131.0   146.7   289.2   347.2   376.3   396.9   420.8   450.2   495.4   604.7  1785.9  4743.5  35080.0    35000  1778340484341  1778340486541
read      304.1   144.9    80.4   128.6   143.7   290.9   360.3   396.1   421.0   449.0   482.9   533.7   637.1   800.2  2564.7  45060.5    45000  1778340488046  1778340490247
read      337.6   171.4    80.4   133.8   151.6   313.2   395.0   440.1   471.8   507.8   549.1   618.8   778.4  1171.9  4071.8  54985.0    55000  1778340491751  1778340493951
read      442.3   384.8    80.4   141.4   161.3   337.2   468.8   546.7   607.0   680.8   790.2  1036.4  1929.9  3887.9  7928.5  65183.6    65000  1778340495456  1778340497655
read      922.4  1755.7    80.4   168.9   192.3   307.7   359.3   395.6   432.0   538.6  3289.2  6092.1  7498.8  9358.0 12082.9  71117.5    75000  1778340499159  1778340501361
read      998.3  1909.3    86.8   177.7   200.8   327.5   385.3   422.4   456.8   522.5  4258.6  6286.5  7663.6  9961.0 14382.0  68148.1    85000  1778340502864  1778340505065
read      988.9  1866.4    86.8   176.7   200.4   324.8   384.8   425.8   465.8   554.4  3830.6  6247.0  7669.3  9425.1 11987.5  68665.9    95000  1778340506569  1778340508767
read      965.0  1876.2    86.8   170.8   194.9   314.2   366.9   402.1   434.8   498.0  3912.2  6257.0  7499.4  9669.5 11509.1  70159.9   105000  1778340510271  1778340512470
read      935.2  1838.8    86.8   173.0   197.1   298.9   351.6   389.3   422.8   480.1  3462.3  6238.7  7503.3  9183.7 11635.3  72417.0   115000  1778340513973  1778340516177
read      971.5  1840.9    86.8   179.8   205.3   308.7   375.8   428.0   476.3   580.2  3478.5  6234.6  7570.6  9489.4 11775.8  69826.0   125000  1778340517682  1778340519883
Warning! Detected max cpu usage > 95%
CPU Usage Stats (avg/min/max): 51.00%,1.99%,100.00%
