#type       avg     std     min      p5     p10     p50     p67     p75     p80     p85     p90     p95     p99    p999   p9999      QPS   target       ts_start         ts_end
read      206.7   106.7   101.3   147.0   155.7   197.0   215.5   227.2   235.3   247.3   262.7   290.3   359.8   565.9  6222.9   4976.5     5000  1778340729594  1778340731849
read      239.0    65.4    80.4   140.7   156.9   236.4   266.5   281.8   292.5   305.5   320.5   347.2   412.6   524.4   807.9  15151.2    15000  1778340733353  1778340735590
read      254.0    78.5    80.4   135.5   150.0   256.5   291.2   308.7   320.0   335.4   353.9   383.4   444.2   570.0   830.3  25065.5    25000  1778340737094  1778340739294
read      263.4   101.4    80.4   131.9   146.9   264.4   306.6   326.6   340.9   358.1   378.8   411.6   485.4   606.1  3235.5  34935.3    35000  1778340740798  1778340743000
read      267.8   109.8    80.4   129.7   143.5   264.2   315.4   339.4   356.1   374.6   399.5   435.7   519.9   698.1  2037.1  44990.5    45000  1778340744505  1778340746704
read      273.4   115.2    80.4   129.6   143.5   261.6   318.5   346.9   367.9   392.4   424.6   472.8   574.3   745.6  1497.6  54959.0    55000  1778340748209  1778340750408
read      275.0   126.4    86.8   130.4   143.7   254.8   316.9   348.4   372.2   400.3   437.5   496.6   605.6   801.2  2460.6  64900.0    65000  1778340751914  1778340754115
read      284.2   142.5    80.4   130.1   144.2   259.2   321.7   355.3   381.2   414.9   463.8   539.0   692.0   964.5  2117.1  75226.5    75000  1778340755619  1778340757821
read      294.5   169.1    80.4   133.2   147.3   251.4   319.1   359.3   391.8   435.2   498.4   600.2   842.9  1377.6  3458.2  85088.6    85000  1778340759325  1778340761527
read      357.5   295.0    80.4   142.4   160.1   281.3   348.2   395.1   436.5   501.8   613.7   856.1  1600.9  2896.5  6972.9  95344.4    95000  1778340763031  1778340765237
read      450.2   541.8    80.4   153.1   174.7   306.5   379.0   433.8   485.7   565.5   740.1  1285.8  3242.9  5428.6  8047.6 104850.0   105000  1778340766742  1778340768945
read      591.0   836.7    93.8   196.3   225.7   368.1   445.7   495.3   534.1   585.9   677.5  3200.0  3750.8  7745.9  9275.1 108975.9   115000  1778340770449  1778340772649
read      588.1   806.9    93.8   202.9   230.9   378.6   454.1   497.7   531.5   576.0   655.5  3135.6  3716.9  7583.9  8130.3 111265.4   125000  1778340774153  1778340776356
Warning! Detected max cpu usage > 95%
CPU Usage Stats (avg/min/max): 51.00%,2.00%,100.00%
