Random waveform, supplied seed
Total number of intervals = 450 (6927, 52892, 98921, 61129, 40613, 53226, 38560, 103465, 104758, 94759, 37799, 8296, 69443, 12517, 43591, 20430, 93758, 10485, 16518, 83230, 5484, 55611, 20774, 96726, 32442, 73039, 74055, 51197, 59442, 35654, 78747, 42212, 52488, 36950, 16762, 79473, 61431, 87172, 108181, 80515, 37149, 13444, 72057, 70041, 90162, 52082, 24258, 72013, 58012, 45398, 50177, 34504, 66010, 73937, 55020, 53235, 97743, 5419, 14764, 7451, 48208, 16149, 78989, 18886, 75954, 44409, 16431, 85707, 58253, 103867, 21604, 90401, 84467, 99700, 32052, 18173, 67789, 51929, 83850, 18614, 29315, 108090, 27024, 49907, 9150, 34328, 51881, 14569, 81517, 78694, 93409, 39093, 18729, 70818, 21942, 91810, 39588, 40957, 62645, 15539, 107672, 32954, 58866, 23739, 54701, 60706, 72350, 58661, 34912, 103268, 38703, 83358, 57408, 86837, 33517, 66204, 73758, 99742, 109462, 94453, 44096, 100467, 8576, 59359, 7614, 60329, 43762, 67038, 26095, 71173, 109276, 13150, 61250, 84472, 82226, 27671, 98736, 106314, 105027, 96867, 89493, 50538, 22083, 48618, 94298, 63579, 64573, 77178, 29824, 64495, 20917, 85651, 61935, 50216, 72251, 71798, 19701, 24952, 81838, 26648, 24837, 29420, 103882, 70314, 61679, 49557, 19325, 9128, 94933, 24327, 71896, 93771, 20452, 42338, 72627, 80603, 49049, 92305, 56889, 78036, 71583, 72609, 107382, 86530, 16550, 84534, 72631, 49291, 62175, 80213, 16566, 53985, 101949, 24076, 52574, 106271, 105451, 86087, 29108, 101115, 74326, 75832, 94901, 15809, 28874, 51882, 32653, 41676, 63019, 99164, 47055, 62394, 98519, 32122, 49464, 24034, 77363, 91698, 38997, 86028, 83012, 15024, 56640, 97362, 107412, 65030, 79278, 47544, 105368, 58181, 56960, 14849, 63672, 48289, 11797, 10781, 49362, 102119, 46213, 97025, 18351, 21426, 43013, 67376, 36043, 6255, 102499, 26263, 56974, 40869, 46514, 11431, 58600, 68058, 54502, 64022, 52142, 101375, 40606, 47485, 48977, 38615, 80279, 75843, 67095, 41325, 55752, 85561, 14194, 88002, 90515, 109283, 26699, 37400, 19307, 11527, 83787, 22209, 75169, 73833, 94641, 61338, 91825, 77235, 37257, 32057, 108618, 72930, 43714, 87369, 56640, 97360, 79788, 11352, 87962, 40663, 59386, 48302, 19398, 82197, 77387, 72753, 7720, 46279, 42102, 90892, 39976, 61084, 16735, 45909, 28976, 84704, 101822, 92571, 12106, 58568, 51319, 21556, 14191, 29072, 16350, 86891, 104441, 8906, 42175, 51797, 76678, 19630, 100132, 40498, 108559, 23964, 70760, 99567, 107548, 53742, 103931, 60359, 9725, 52014, 40053, 86436, 23983, 66595, 26056, 51764, 40202, 76665, 11133, 80405, 79106, 97258, 36307, 28636, 41620, 75736, 44979, 31478, 37586, 108330, 64301, 11203, 7291, 87477, 77485, 42055, 26865, 94592, 66869, 17835, 55977, 82437, 15775, 87559, 105401, 88752, 94531, 101303, 86640, 84818, 20221, 43599, 52779, 89855, 48532, 107423, 46535, 47535, 49633, 30334, 17207, 106074, 48912, 96483, 39228, 92350, 85084, 81993, 101617, 16730, 71079, 108942, 55406, 42279, 21876, 34140, 42897, 18462, 100375, 41347, 101594, 47486, 73393, 51134, 58201, 71020, 72071, 93446, 28724, 59269, 74624, 52368, 9687, 44165, 6895, 55457, 61164, 108384, 33319, 97895, 39720, 68554, 86849, 30264, 100754, 98098, 86028, 93054, 42348, 29490, 18187, 95113, 8570, 62285, 52582, 34260, 59493, 58208, 93458, 18056)
Average QPS expected = 58024
Timestamp start: 1778500400669
Timestamp end: 1778502201102

#type       avg     std     min      p5     p10     p50     p67     p75     p80     p85     p90     p95     p99    p999   p9999      QPS   target
read      243.4    74.6    86.8   158.6   173.1   233.9   262.8   277.6   289.5   302.9   319.1   346.8   425.2   980.4  2140.8   6809.2     6927
read      319.2   159.8    68.9   120.5   137.1   299.3   383.1   426.1   456.7   491.9   532.9   589.1   710.0  1039.1  2196.7  52738.2    52892
read      897.8  1362.3    74.4   162.5   185.4   307.5   381.3   483.6  1446.8  2177.2  2806.3  3755.7  6367.0  8875.8 11904.8  98828.2    98921
read      823.8  1167.4    74.4   154.4   175.9   295.4   399.5   793.5  1400.1  1851.7  2603.5  3165.4  5263.5  8072.4 10943.6  61320.5    61129
read      380.2   377.0    74.4   128.9   146.7   309.0   399.6   451.0   489.7   535.8   603.1   783.3  1796.0  4808.5  8829.5  40546.8    40613
read      317.9   181.5    74.4   126.5   141.7   286.3   360.1   403.4   436.6   479.3   535.5   623.6   854.6  1574.5  3295.8  53194.8    53226
read      283.7   133.9    80.4   130.1   145.7   277.6   327.2   353.7   372.9   396.6   426.8   471.2   568.8  1000.4  4097.8  38592.5    38560
read      331.4   400.4    74.4   129.6   145.3   256.9   315.2   347.8   372.8   404.1   453.5   575.8  2455.2  4291.6  7956.2 103281.0   103465
read      249.2   106.7    74.4   122.4   136.4   229.1   284.5   314.2   335.1   358.7   387.8   430.7   534.4   878.8  1641.8 104890.0   104758
read      258.7   147.5    74.4   123.7   138.1   235.3   293.3   323.2   343.9   367.7   397.6   444.7   572.0  1656.6  4106.0  94861.8    94759
read      266.0    97.7    74.4   134.0   149.7   269.5   308.0   327.2   340.7   356.7   375.1   404.2   473.8   596.7  2272.7  37926.2    37799
read      241.6    76.0    86.8   158.0   171.8   237.9   262.3   273.5   282.8   293.0   307.8   331.6   396.9   968.8  2312.9   8392.2     8296
read      259.3   127.6    74.4   122.7   136.8   244.0   302.5   330.0   348.5   370.4   397.5   436.3   536.0  1142.3  3397.8  69272.8    69443
read      248.7    96.9    86.8   154.0   170.5   247.0   270.8   283.3   292.0   302.8   317.3   341.3   404.0  1015.7  3866.6  12598.0    12517
read      267.0   114.0    68.9   131.1   146.5   266.4   311.0   332.7   346.9   364.8   386.6   420.0   498.4   721.3  3385.4  43611.8    43591
read      264.1   104.2    86.8   150.0   168.0   265.9   293.4   308.5   318.5   331.7   346.1   372.8   434.3   581.5  3214.2  20564.0    20430
read      251.8   120.4    74.4   121.8   135.6   231.2   288.5   317.8   338.0   361.0   389.7   433.0   547.0  1134.8  2561.1  93922.5    93758
read      241.6    63.6    86.8   155.8   171.1   238.8   262.1   273.6   283.3   293.6   308.9   333.3   395.7   948.6  1475.6  10485.2    10485
read      252.7    74.0    93.8   151.8   169.2   253.2   277.2   290.5   299.6   312.2   327.5   353.3   415.7   785.4  2099.1  16543.8    16518
read      249.7   119.4    74.4   118.9   132.3   230.2   289.3   318.3   338.2   360.4   387.9   429.7   538.6   984.8  2341.9  83156.8    83230
read      236.7   121.9    93.8   157.2   168.9   227.7   250.7   262.9   270.9   281.5   295.5   321.2   422.5  1240.7  5060.5   5450.8     5484
read      260.0   115.0    68.9   125.9   140.1   254.9   305.6   329.9   346.1   365.1   388.5   424.2   502.7   646.4  2327.8  55447.0    55611
read      255.7   106.2    86.8   145.5   163.0   257.0   284.0   297.6   308.7   319.7   337.3   364.2   427.9   955.9  2504.8  20802.8    20774
read      249.2   109.9    68.9   121.0   134.7   229.0   286.1   315.4   335.7   358.5   387.0   430.0   542.0   981.6  2006.6  96504.5    96726
read      261.1    85.7    80.4   135.4   151.5   265.3   299.7   317.2   329.8   343.5   363.0   392.5   459.9   614.3  1300.4  32542.8    32442
read      253.5   114.1    74.4   120.9   134.5   236.5   297.5   325.9   344.9   366.2   392.4   431.0   523.3   721.9  1956.8  73108.0    73039
read      251.8   121.0    74.4   120.4   133.7   234.5   295.2   324.0   342.5   363.6   389.4   428.1   523.2   704.0  3127.5  74059.2    74055
read      261.7   115.3    74.4   126.9   141.0   258.2   307.9   330.6   345.6   363.9   386.2   420.7   498.0   688.5  3783.2  51295.0    51197
read      256.1   101.5    74.4   122.9   136.9   247.4   303.4   328.5   345.0   364.4   388.6   425.1   503.3   630.8  1041.1  59562.5    59442
read      262.3   108.6    74.4   134.5   150.3   264.8   302.9   320.8   334.4   348.6   368.2   397.3   460.0   633.9  3973.8  35675.8    35654
read      249.5   105.3    74.4   119.6   132.8   230.8   291.4   320.3   340.4   362.3   388.8   428.7   528.1   737.2  1344.2  78636.5    78747
read      259.4   105.8    74.4   129.3   144.2   258.7   302.7   322.4   337.3   353.9   373.7   404.9   474.7   638.1  3141.0  42258.8    42212
read      260.4   118.9    74.4   126.2   140.5   253.3   306.0   329.5   345.4   364.3   387.6   423.2   503.1   682.0  4329.1  52620.0    52488
read      258.9    89.6    74.4   132.2   148.0   259.6   300.9   319.5   333.5   348.3   368.8   399.1   465.3   593.7  1328.5  37028.8    36950
read      242.2   104.4    86.8   148.3   164.7   234.2   265.9   281.2   291.3   303.3   318.4   343.4   401.1   971.6  4119.7  16761.8    16762
read      250.1   108.4    74.4   119.8   133.3   229.2   290.4   320.2   340.7   363.6   391.7   433.9   536.0   740.4  1904.2  79477.2    79473
read      254.4   112.7    74.4   120.8   134.8   238.0   299.1   326.1   344.2   365.4   391.8   430.8   518.8   724.9  2852.4  61582.8    61431
read      248.0   112.9    74.4   118.4   131.5   225.0   286.3   317.0   338.3   362.2   391.6   434.7   543.8   848.5  2028.1  87299.8    87172
read      254.4   119.7    74.4   123.0   137.5   231.9   288.8   318.7   340.1   365.0   396.0   443.3   562.2  1080.9  2903.6 108168.5   108181
read      248.9   109.0    74.4   118.7   131.7   226.7   288.5   318.9   340.1   363.9   393.0   435.6   541.5   783.3  1728.2  80640.8    80515
read      261.4   109.2    74.4   130.9   146.8   258.2   303.9   324.5   339.0   356.0   376.6   409.5   478.9   599.4  3585.9  37390.2    37149
read      247.7    90.3    86.8   155.3   171.9   238.8   270.1   286.0   296.2   310.0   326.5   354.5   424.2   968.1  4138.3  13463.5    13444
read      254.1   120.6    74.4   120.0   133.4   232.3   296.1   325.5   345.2   368.8   397.6   442.2   549.6   842.4  2571.2  72368.5    72057
read      252.9   106.2    68.9   120.1   133.5   233.0   295.7   325.6   345.8   368.9   396.9   437.4   532.0   716.8  1153.0  70079.8    70041
read      253.5   139.0    74.4   119.8   133.5   227.8   287.9   318.3   340.6   366.1   397.5   446.7   583.2  1324.8  3527.9  90173.0    90162
read      258.1   109.6    74.4   123.7   138.0   246.1   302.9   327.9   345.2   365.7   391.4   430.4   515.5   677.4  2175.9  52196.0    52082
read      254.8    87.2    86.8   140.7   158.6   249.5   287.1   304.8   316.6   331.9   350.8   381.9   452.2   620.5  2256.5  24273.2    24258
read      250.8   106.8    74.4   119.3   132.6   229.6   291.9   321.2   342.4   366.8   396.1   438.0   536.7   713.1  1561.9  72095.0    72013
read      254.3   103.5    80.4   121.9   135.9   239.2   299.0   325.9   344.2   365.7   391.5   429.2   506.7   637.4  1531.2  57865.0    58012
read      259.8   111.9    74.4   127.0   141.5   250.3   303.1   326.7   343.1   362.1   385.3   420.8   497.6   770.2  3806.1  45405.8    45398
read      260.5   100.3    80.4   126.2   140.8   249.8   306.3   330.9   347.5   367.6   392.4   429.0   507.2   651.1  1386.1  50007.2    50177
read      258.5    98.3    74.4   132.4   148.5   252.7   298.2   318.1   332.6   348.2   370.1   401.2   470.7   634.0  1774.5  34494.5    34504
read      254.5   114.0    74.4   120.7   134.3   233.6   297.0   326.6   347.0   370.5   398.7   439.7   535.2   734.9  2522.3  66080.2    66010
read      249.1   108.1    74.4   118.9   132.2   226.9   288.8   319.7   341.3   365.5   394.4   436.1   532.6   747.7  1512.9  74011.0    73937
read      259.7   117.0    74.4   124.9   139.0   243.4   303.7   330.7   349.2   370.3   396.8   436.1   531.5   711.6  3652.2  54879.2    55020
read      258.4   122.2    74.4   125.4   139.9   243.9   302.6   328.6   346.1   367.0   392.4   429.8   511.2   662.4  1586.7  53154.8    53235
read      251.2   126.0    74.4   121.5   135.2   226.2   283.5   315.7   338.5   364.5   395.9   442.8   564.0  1062.0  3026.5  97883.5    97743
read      242.5   127.5   101.3   166.0   178.3   230.0   251.9   266.3   276.2   289.9   307.4   335.5   431.4  1254.4  5911.0   5403.2     5419
read      247.4    85.4    93.8   154.8   171.8   238.5   267.4   285.0   296.9   311.4   328.8   356.9   421.5   965.7  3180.2  14670.8    14764
read      230.6   103.6    93.8   155.1   168.6   221.5   241.8   254.1   265.6   278.5   295.4   320.6   398.4  1084.0  5127.6   7509.8     7451
read      257.2   118.1    74.4   125.6   139.9   243.5   299.6   324.3   341.7   362.1   386.8   423.6   500.3   700.7  4189.7  48187.8    48208
read      245.3    82.9    80.4   150.4   168.2   237.8   266.6   284.1   295.7   309.9   326.7   353.6   415.6   698.7  3169.4  16310.0    16149
read      248.8   111.1    74.4   119.2   132.4   225.2   284.6   318.1   340.6   366.2   396.4   439.5   540.1   825.8  1859.9  79014.5    78989
read      252.1    74.3    80.4   150.1   168.1   244.5   276.0   295.0   308.0   321.4   341.2   369.9   433.4   585.7  1523.5  18899.2    18886
read      252.4   129.7    74.4   119.9   133.5   228.0   287.3   320.6   343.5   369.1   399.0   444.1   548.0  1036.1  4242.7  75933.2    75954
read      258.0    98.2    74.4   128.1   142.9   246.5   299.3   323.7   341.1   361.1   385.2   421.4   496.3   622.5  1287.0  44577.0    44409
read      248.5    86.1    86.8   152.1   169.8   240.7   268.8   286.1   297.8   312.9   331.8   360.9   423.7   974.0  3651.3  16378.2    16431
read      251.0   122.9    74.4   120.1   133.7   225.9   283.3   317.2   340.3   366.9   398.7   446.5   560.9  1089.4  3355.7  85662.2    85707
read      254.4   103.3    74.4   122.3   136.5   236.7   295.5   325.1   345.0   368.3   395.8   435.2   518.5   667.2  1480.1  58649.2    58253
read      252.7   134.6    74.4   122.7   137.1   226.9   280.0   313.1   336.4   363.4   396.1   445.4   579.2  1458.0  3470.4 103979.0   103867
read      253.4    76.5    80.4   146.4   164.9   247.1   278.5   297.9   311.2   325.9   344.7   373.5   439.1   593.5  1989.8  21559.2    21604
read      249.0   124.9    74.4   120.2   133.6   224.5   278.6   312.8   336.0   363.3   396.8   445.1   554.1   868.8  4415.3  90204.2    90401
read      248.9   120.9    74.4   119.8   133.3   224.9   279.5   314.5   338.0   365.0   397.4   444.9   554.0   852.0  2450.2  84664.0    84467
read      252.7   122.9    74.4   122.4   136.7   228.2   282.1   315.8   339.3   366.6   399.6   449.1   563.7  1061.8  3125.1  99532.2    99700
read      259.0   111.6    80.4   135.4   152.1   250.4   291.2   313.9   329.2   345.6   367.9   400.5   475.9   764.7  3685.2  32144.0    32052
read      255.2   104.2    80.4   151.9   170.4   247.0   275.5   294.8   308.2   322.4   342.5   373.9   440.3   862.6  4036.8  18169.0    18173
read      253.7   113.4    74.4   121.2   135.1   233.6   291.0   324.2   346.1   371.3   400.4   442.6   532.1   722.0  1930.9  67812.2    67789
read      257.7   104.4    74.4   124.7   139.3   243.5   298.5   326.8   345.9   368.4   394.9   432.8   512.6   660.6  1892.2  52086.8    51929
read      250.2   110.3    74.4   120.1   133.6   227.1   281.0   316.7   340.5   367.9   400.8   450.0   555.9   797.2  1442.8  83671.8    83850
read      252.2    83.8    86.8   150.3   168.7   245.9   273.6   291.7   304.8   319.3   339.1   368.7   434.8   665.5  3173.5  18724.8    18614
read      260.1    88.8    80.4   139.6   157.0   254.1   291.3   313.1   328.1   344.4   366.1   397.1   468.5   623.4  2633.0  29227.0    29315
read      250.2   122.2    74.4   122.5   136.9   226.4   275.4   308.5   332.2   360.2   394.6   444.8   560.5  1161.3  3229.3 108078.2   108090
read      259.3   100.4    80.4   141.3   159.2   252.4   287.3   308.7   323.3   340.7   362.3   394.3   461.1   707.1  3304.8  26881.8    27024
read      258.8   100.2    74.4   127.7   142.1   246.9   298.6   327.2   345.5   366.6   392.0   429.0   505.8   633.7   895.7  50125.8    49907
read      240.9    85.4    86.8   162.4   176.7   233.1   254.7   267.2   275.1   289.0   306.6   335.2   411.2  1061.7  3133.9   9104.2     9150
read      262.1   103.3    74.4   135.8   152.5   254.7   295.0   318.5   334.8   352.9   375.3   409.5   486.0   813.6  3930.8  34335.8    34328
read      258.0   110.8    74.4   125.1   139.7   244.4   295.5   324.8   343.9   365.9   392.6   431.7   519.3   768.4  2733.4  52085.8    51881
read      251.1   115.4    86.8   157.0   175.3   244.0   268.3   283.6   296.0   311.6   330.7   359.5   421.2   983.0  5609.3  14605.5    14569
read      248.5   108.9    74.4   120.2   133.7   227.2   278.2   314.0   338.1   364.8   396.6   441.4   538.7   743.0  1816.1  81240.0    81517
read      250.0   111.7    74.4   120.5   133.9   228.1   280.3   315.9   339.8   366.5   398.6   444.9   543.6   824.1  2188.0  78583.0    78694
read      251.3   117.8    74.4   121.7   135.6   227.4   278.3   313.3   338.0   366.3   400.4   450.9   563.6   970.8  3187.5  93091.5    93409
read      260.2   105.6    80.4   131.7   147.9   252.7   296.2   322.0   338.3   357.0   379.7   414.7   485.1   618.2  3599.7  39148.8    39093
read      252.3    82.9    74.4   151.0   169.5   247.4   273.3   291.2   304.5   319.5   338.9   367.3   425.7   570.6  2120.3  18719.0    18729
read      250.8   105.3    74.4   121.3   135.2   231.3   284.2   318.0   340.7   366.8   397.7   440.4   530.8   680.1  1145.4  70881.8    70818
read      256.3    97.1    80.4   148.0   166.0   250.4   279.0   298.2   312.4   328.1   346.3   377.4   445.6   905.2  3956.0  21916.0    21942
read      252.7   128.4    74.4   122.4   136.5   228.3   279.5   313.8   338.6   367.0   400.7   450.8   564.0  1273.9  3298.7  91488.8    91810
read      260.4   101.0    74.4   131.9   147.8   252.8   296.3   322.3   339.3   358.5   381.4   415.0   484.2   707.1  2295.3  39649.2    39588
read      260.9   105.6    74.4   131.0   146.8   252.3   296.7   323.1   340.2   359.8   383.5   418.8   494.9   785.8  2507.7  40764.2    40957
read      254.7   109.3    74.4   122.9   137.2   237.5   291.1   324.7   345.7   370.1   399.2   438.9   523.1   666.9  1091.5  62725.2    62645
read      250.7    75.6    93.8   155.7   173.9   244.8   270.0   285.7   297.3   313.9   333.6   362.4   424.6   831.9  2169.4  15465.2    15539
read      254.3   139.6    74.4   123.8   138.4   230.3   280.1   312.8   336.6   364.3   398.2   449.2   571.8  1360.1  3413.3 107739.8   107672
read      258.5   109.3    74.4   135.6   152.3   252.5   289.1   312.0   328.2   345.8   368.9   401.6   474.2   629.7  1877.7  32940.2    32954
read      257.3   134.2    74.4   123.3   137.5   239.5   291.4   323.8   344.8   368.6   397.2   436.8   531.7  1080.5  3995.3  58827.8    58866
read      256.7    84.9    74.4   145.5   164.0   251.9   282.0   300.6   314.8   331.2   350.6   381.8   447.2   619.9  2473.7  23711.2    23739
read      257.7   105.7    74.4   125.3   139.8   243.7   294.2   326.4   346.3   369.0   396.4   434.9   514.7   688.0  1433.0  54728.8    54701
read      255.7   114.9    74.4   122.7   136.9   239.1   291.5   324.5   345.4   369.3   398.1   438.9   524.0   715.8  2806.7  60489.0    60706
read      253.1   113.5    74.4   121.6   135.5   233.3   286.0   320.2   343.4   369.6   400.8   445.9   540.4   722.3  3054.9  72306.8    72350
read      256.1   106.6    74.4   123.2   137.8   240.7   291.9   324.2   344.9   369.0   397.7   438.6   525.6   684.0  1986.1  58418.5    58661
read      259.3    99.6    80.4   134.6   151.1   253.3   291.7   315.5   332.0   349.5   372.5   406.1   476.8   600.3  2992.8  34997.5    34912
read      255.5   127.6    74.4   124.2   138.6   231.5   282.1   315.2   339.4   367.5   401.8   454.1   577.9  1255.0  3138.9 103208.8   103268
read      261.7    96.0    74.4   133.2   149.3   255.2   296.7   322.3   339.6   359.3   382.6   416.5   488.1   647.8  1895.7  38712.5    38703
read      251.3   113.1    74.4   121.6   135.6   229.4   281.0   315.1   339.0   366.7   400.2   447.6   546.0   823.4  2031.0  83080.2    83358
read      257.6   121.8    74.4   124.6   138.9   241.9   291.8   323.2   344.2   368.1   397.2   437.8   527.3   760.9  3841.0  57202.2    57408
read      250.0   107.6    74.4   121.3   135.1   228.3   278.7   312.7   337.6   365.7   399.2   448.1   548.8   768.7  1480.1  86903.8    86837
read      262.7   114.8    80.4   137.0   153.6   255.9   293.2   317.4   334.0   352.0   374.1   408.4   484.0   750.3  3967.9  33672.2    33517
read      255.6   111.6    74.4   123.2   137.4   236.9   289.6   323.4   346.1   371.5   401.9   446.6   535.1   694.4  2687.4  66116.2    66204
read      250.3   115.5    74.4   120.3   134.0   230.3   281.5   314.8   338.2   364.8   397.0   442.0   537.3   731.1  2693.3  73786.8    73758
read      253.0   150.2    74.4   121.5   135.5   226.8   275.8   308.3   332.7   361.7   397.6   451.1   590.0  1906.3  4959.5  99768.8    99742
read      256.7   117.0    74.4   126.3   141.0   234.0   283.9   315.9   339.7   367.9   402.4   455.4   573.9  1066.1  2542.9 109351.8   109462
read      252.9   123.6    74.4   122.9   137.0   229.8   279.8   313.2   337.7   365.8   400.8   451.8   566.0  1018.8  2781.8  94275.0    94453
read      258.4   101.3    74.4   129.1   144.2   250.1   293.3   320.0   338.5   358.9   383.3   419.4   495.3   660.2  2759.3  43932.0    44096
read      255.2   112.9    74.4   125.2   139.6   232.9   283.6   316.5   340.4   368.2   402.8   453.9   565.0   962.8  2166.2 100230.8   100467
read      242.0    92.6    93.8   163.0   177.5   234.2   255.9   268.6   277.1   289.8   306.6   334.7   402.5  1053.7  3937.2   8614.0     8576
read      254.7   116.0    74.4   123.3   137.4   239.5   289.9   321.9   343.2   366.9   395.1   435.1   519.9   671.5  1897.3  59058.8    59359
read      238.4    94.4    93.8   162.3   176.1   230.0   250.5   262.5   271.0   282.7   297.7   327.5   403.1  1332.2  3761.2   7657.5     7614
read      256.1   124.4    74.4   123.6   137.7   239.3   289.8   321.8   343.7   368.4   397.1   436.8   526.2   803.9  4336.4  60146.8    60329
read      259.9   106.3    80.4   129.9   145.3   251.0   294.8   322.9   341.3   361.9   386.7   423.0   497.0   637.5  3262.4  43829.8    43762
read      265.0   178.7    74.4   122.8   137.2   238.0   291.8   327.1   350.7   378.0   411.5   463.7   659.6  1939.0  7811.0  67247.0    67038
read      258.3   109.2    80.4   142.1   160.0   253.0   285.5   305.4   320.5   338.1   359.5   390.9   454.7   613.8  4581.8  26067.0    26095
read      252.2   112.8    74.4   120.9   134.8   232.2   284.7   318.7   341.7   368.3   399.8   444.7   539.3   717.2  2400.4  71202.2    71173
read      258.7   140.1    74.4   125.1   139.7   232.3   282.4   315.0   339.0   367.3   402.6   458.2   629.1  1643.5  3206.8 109235.0   109276
read      245.5    70.6    80.4   157.4   174.7   239.5   263.3   275.4   287.2   300.3   320.3   349.7   417.8   977.3  1320.1  13219.5    13150
read      257.0   112.5    68.9   125.9   140.2   240.8   291.4   323.5   345.4   369.5   397.9   437.8   524.3   691.7  2350.7  61425.2    61250
read      248.5   110.1    74.4   121.0   134.9   227.7   278.3   311.8   335.7   362.0   394.5   440.0   540.1   715.5  1637.3  84605.5    84472
read      251.7   125.9    74.4   121.2   135.4   229.0   279.4   312.6   337.2   365.1   399.0   447.9   559.2  1033.5  3286.9  82454.2    82226
read      262.8    85.1    80.4   144.4   162.6   257.9   291.4   312.9   328.2   344.3   366.1   396.8   462.7   829.6  1989.8  27635.5    27671
read      246.8   108.6    74.4   121.1   134.9   225.0   273.8   305.9   330.6   358.9   392.8   439.8   542.2   851.3  2018.6  98709.2    98736
read      257.2   131.9    68.9   125.3   139.8   233.3   283.4   315.9   339.8   368.0   402.1   454.5   584.6  1431.5  3344.1 106417.8   106314
read      249.0   110.6    74.4   122.0   136.1   226.9   275.1   307.4   331.8   359.6   393.6   443.3   554.7   941.4  2267.2 104835.8   105027
read      248.2   149.9    74.4   120.0   133.7   224.3   273.3   306.0   330.7   358.8   392.7   440.9   549.4  1128.0  6275.1  96933.0    96867
read      248.5   108.9    74.4   120.4   133.9   226.3   276.6   311.2   336.0   363.1   395.8   443.4   547.4   879.8  1702.6  89296.2    89493
read      255.5   101.2    74.4   125.2   140.0   244.8   291.8   321.2   340.4   361.8   387.5   424.9   501.7   643.5  2028.6  50683.2    50538
read      255.3    85.3    80.4   146.3   164.8   249.9   278.3   296.5   311.2   327.7   347.4   377.4   446.7   792.8  3030.6  22236.0    22083
read      256.9   100.5    80.4   126.4   141.2   246.8   293.9   322.5   341.4   362.5   388.1   425.7   500.3   624.9  1265.4  48455.0    48618
read      247.6   122.1    74.4   120.5   134.1   225.0   274.7   308.7   333.0   360.5   394.4   442.5   546.2   802.4  2900.1  94180.8    94298
read      252.5   104.5    74.4   120.7   134.9   236.2   288.5   321.1   342.8   367.2   396.1   435.4   521.2   682.9  1382.4  63520.0    63579
read      253.9   122.2    74.4   121.4   135.4   235.5   289.0   322.8   344.2   368.8   397.8   437.7   525.0   714.7  2925.9  64526.2    64573
read      253.0   116.9    74.4   121.1   134.9   231.1   284.5   319.5   343.5   370.2   401.9   448.6   549.2   851.1  3000.4  77178.8    77178
read      257.1   100.8    74.4   137.9   155.2   251.8   286.6   308.3   323.5   340.8   362.4   393.8   463.0   596.5  1966.9  29632.5    29824
read      250.7   112.6    74.4   120.3   134.1   233.5   285.1   318.0   340.0   364.1   392.8   433.2   518.8   709.7  2516.1  64696.0    64495
read      245.3    81.3    80.4   144.6   162.5   240.7   267.1   282.2   294.4   310.5   330.6   360.6   424.0   634.6  3090.5  20918.5    20917
read      243.0   103.9    74.4   117.8   131.0   222.5   272.7   305.9   329.9   356.3   388.4   432.7   525.7   688.2  1294.9  85285.2    85651
read      249.8   130.6    74.4   120.0   133.7   233.4   283.5   315.4   336.6   360.1   388.5   428.9   510.7   660.5  5346.1  62064.5    61935
read      255.1   112.0    74.4   124.7   139.6   244.1   291.4   319.7   339.1   360.7   386.3   423.3   499.4   635.0  3050.6  50248.0    50216
read      247.7   109.2    74.4   118.8   132.3   228.4   280.0   313.4   336.5   362.1   392.9   435.2   528.3   688.4  2893.9  72535.8    72251
read      249.4   107.8    74.4   120.0   133.6   229.8   282.6   317.3   340.2   365.6   395.8   437.7   527.1   689.2  1511.9  71881.2    71798
read      251.9    83.5    80.4   148.7   167.3   246.2   272.6   290.6   304.3   319.9   339.4   369.3   431.8   717.7  3775.1  19704.8    19701
read      256.1    97.6    80.4   142.7   160.8   250.7   281.7   301.6   316.3   333.5   353.8   384.1   448.0   674.5  3672.4  25120.0    24952
read      244.7   105.1    74.4   117.8   131.0   223.1   274.1   309.3   333.6   360.4   393.0   438.2   532.8   722.9  1175.2  81882.8    81838
read      254.6   101.6    74.4   140.8   158.6   249.5   280.8   301.1   316.0   332.6   351.5   381.3   441.9   603.0  3916.1  26523.8    26648
read      253.8    79.1    80.4   142.1   160.5   249.4   279.8   299.6   314.2   330.7   350.1   380.1   436.6   545.3  1253.2  24892.8    24837
read      259.5   101.0    80.4   138.5   155.6   253.6   289.4   311.7   327.0   343.8   365.5   396.1   461.3   689.6  3351.3  29440.0    29420
read      249.6   131.8    74.4   121.1   135.0   225.2   274.0   307.1   331.3   358.8   393.0   443.9   578.8  1321.2  3854.4 104103.2   103882
read      247.5   113.9    74.4   118.7   132.1   228.6   280.0   314.0   337.5   363.0   393.0   434.3   520.7   650.9  1264.1  70568.5    70314
read      251.1   106.4    74.4   120.4   134.3   234.8   286.3   318.1   340.2   364.2   393.0   432.9   516.6   734.2  2307.1  61949.5    61679
read      254.4    99.2    74.4   124.8   139.7   244.1   291.1   320.2   339.1   360.0   384.8   421.3   493.4   625.4  1540.5  49566.8    49557
read      250.7    74.1    80.4   149.0   166.8   245.6   272.5   290.3   303.6   318.9   338.3   366.5   428.0   761.1  1851.5  19348.0    19325
read      236.1    66.8    93.8   158.8   173.6   229.9   251.4   263.9   272.3   285.1   302.0   330.6   397.0   972.0  2256.9   9188.0     9128
read      249.1   125.0    74.4   120.5   134.3   225.7   275.1   308.9   333.2   361.5   395.8   444.6   554.8  1018.7  3207.9  94817.0    94933
read      253.3    96.9    80.4   142.7   160.9   247.9   277.7   297.5   312.0   328.3   347.9   379.6   439.9   636.4  3298.6  24357.8    24327
read      248.9   117.1    74.4   119.7   133.3   229.5   281.1   314.8   337.3   362.7   393.1   435.8   525.8   731.5  2347.4  71929.8    71896
read      244.7   109.8    74.4   119.4   132.8   222.9   272.4   305.4   329.3   356.2   388.8   435.2   542.0   813.9  2269.9  93515.8    93771
read      251.9    96.3    80.4   147.8   166.1   246.3   273.0   291.3   304.8   319.7   339.2   368.0   431.6   934.2  3302.9  20448.2    20452
read      255.9   104.5    74.4   128.2   143.4   248.4   291.9   317.0   334.5   353.9   376.8   411.7   484.1   611.0  2209.6  42360.2    42338
read      247.0   109.5    74.4   118.9   132.2   227.8   279.3   313.0   335.6   361.0   391.6   434.3   521.8   683.4  3031.9  72545.2    72627
read      248.1   116.5    74.4   118.8   132.1   225.9   277.5   312.2   336.6   364.2   396.6   442.8   543.4   849.0  2981.3  80647.0    80603
read      255.1   115.7    74.4   124.7   139.5   244.5   291.8   319.8   338.2   358.9   383.7   420.4   494.5   659.6  3601.1  49072.5    49049
read      249.3   133.7    74.4   119.9   133.4   224.8   275.1   310.0   334.1   362.0   396.3   446.5   570.0  1172.5  3336.6  92404.0    92305
read      251.2   100.0    74.4   121.6   135.8   238.2   288.8   319.0   338.9   360.8   387.1   425.2   499.3   628.2  1476.0  56904.0    56889
read      246.3   128.8    68.9   117.8   131.0   224.6   275.5   310.1   333.5   359.9   392.0   435.5   536.3   811.4  4518.4  78039.8    78036
read      246.6   105.5    74.4   118.1   131.5   227.9   278.7   312.7   335.9   361.7   391.8   433.3   521.6   687.1  1986.0  71732.5    71583
read      245.6   103.6    74.4   118.2   131.5   226.6   277.8   311.8   334.6   360.1   390.5   432.6   512.8   667.7  1356.7  72527.5    72609
read      250.3   131.2    74.4   121.7   136.0   226.4   275.4   308.6   332.3   359.6   393.8   443.9   568.9  1118.4  3457.0 107284.5   107382
read      242.3   108.1    74.4   117.5   130.5   221.0   271.1   304.0   327.6   354.5   387.0   432.4   531.2   740.0  2617.7  86783.0    86530
read      247.5    80.2    86.8   151.9   170.0   241.4   267.1   282.6   295.5   311.2   330.2   359.0   426.5   780.5  1363.4  16667.5    16550
read      244.6   108.2    74.4   118.0   131.2   223.1   273.6   308.1   332.4   359.4   392.1   437.0   535.5   756.1  1809.1  84374.5    84534
read      247.6   116.0    74.4   119.1   132.8   228.2   280.0   313.3   335.9   361.5   392.0   433.8   523.3   705.6  2090.3  72654.5    72631
read      258.7   117.4    74.4   126.2   141.1   247.0   297.1   325.4   343.5   364.6   390.3   427.4   501.9   684.6  3820.1  49169.0    49291
read      249.5   100.6    68.9   120.5   134.4   234.4   285.8   316.5   337.6   361.4   390.1   430.1   504.9   619.2   914.3  61871.2    62175
read      244.5   107.2    68.9   118.2   131.3   223.8   274.6   309.0   332.4   358.5   390.2   433.9   527.0   727.2  1561.0  80339.5    80213
read      246.0    91.6    86.8   151.7   169.3   240.2   265.2   279.7   292.6   307.5   324.7   351.5   419.0   949.2  2646.2  16520.2    16566
read      252.3   102.2    74.4   122.8   137.1   240.1   289.3   318.3   337.7   359.6   386.3   425.0   501.6   639.5  1810.6  53848.8    53985
read      243.0   121.2    74.4   118.0   131.4   219.5   267.7   298.2   321.9   349.0   384.2   434.2   563.5  1212.7  2911.0 101987.8   101949
read      251.3    77.6    74.4   142.4   160.4   246.3   276.1   295.8   309.8   325.0   344.3   373.6   442.6   599.3  1935.6  24176.8    24076
read      254.4   133.0    74.4   123.2   137.6   241.4   290.8   319.4   338.4   359.6   385.2   423.0   501.3   918.5  4025.1  52696.2    52574
read      249.8   114.5    74.4   122.4   136.8   227.5   275.8   308.6   332.0   359.4   394.0   444.1   563.5   994.9  2205.5 106364.5   106271
read      239.9   113.7    74.4   118.9   132.2   218.2   265.9   295.6   318.6   345.9   379.7   427.7   530.0   832.5  1978.2 105264.5   105451
read      246.3   111.8    68.9   119.2   132.5   224.7   275.1   309.1   333.2   360.5   393.3   438.7   540.7   752.0  3104.0  86058.0    86087
read      255.5   102.9    80.4   138.3   155.2   250.0   284.5   305.8   319.8   336.3   356.3   387.0   453.3   663.2  4023.5  29095.0    29108
read      244.6   114.1    74.4   120.1   133.7   222.0   271.3   303.2   326.7   354.0   387.5   435.3   545.0   884.1  3027.6 100631.2   101115
read      246.0   103.8    74.4   118.3   131.7   226.7   278.4   312.0   334.5   360.1   391.1   433.7   525.9   701.7  1437.0  74279.0    74326
read      249.1   111.1    74.4   119.8   133.4   229.1   281.6   315.5   339.5   366.0   396.6   438.5   526.1   688.1  2359.5  75923.5    75832
read      247.6   127.0    68.9   119.5   133.1   224.1   273.8   306.7   330.3   357.9   392.1   441.4   557.9  1188.9  3679.8  94688.8    94901
read      244.3    89.1    86.8   152.2   169.3   238.2   262.9   276.3   289.3   303.9   321.4   349.4   413.4   807.3  4208.4  15801.8    15809
read      255.3    88.9    80.4   137.6   154.5   250.9   285.3   306.2   320.2   337.1   357.9   389.9   453.1   576.7  2008.6  28903.0    28874
read      255.1   113.3    80.4   124.2   138.8   243.9   292.5   320.8   339.9   361.4   387.1   423.7   498.4   659.6  3674.9  51758.5    51882
read      255.8    88.8    74.4   135.0   151.9   251.1   287.5   309.2   323.7   340.9   363.1   395.1   463.7   589.2  2114.4  32741.5    32653
read      257.5    98.4    74.4   128.9   144.2   249.6   294.4   319.9   337.2   356.6   380.2   415.7   487.3   612.1  1982.5  41800.5    41676
read      248.9   101.0    74.4   119.7   133.5   233.2   285.0   316.9   338.3   361.7   389.4   429.2   507.2   641.9  1222.2  63224.0    63019
read      247.3   128.5    74.4   120.3   134.1   223.5   272.6   305.4   329.2   357.2   391.9   441.5   560.1   998.2  3628.5  99002.2    99164
read      256.9   128.2    74.4   127.4   142.1   247.1   294.1   321.2   339.7   360.2   384.9   421.7   494.1   610.2  1691.8  47104.2    47055
read      252.9   113.6    74.4   121.6   135.8   236.1   288.5   319.8   340.6   364.8   394.4   434.6   517.2   703.4  2877.2  62483.5    62394
read      249.2   123.1    74.4   121.4   135.4   225.7   275.8   309.4   333.1   360.9   395.2   444.6   563.0   920.0  3558.9  98169.0    98519
read      258.2    83.8    80.4   138.6   155.2   254.1   290.4   311.8   326.6   343.4   364.8   395.9   459.0   561.2  1778.5  32112.5    32122
read      254.5   134.7    74.4   124.6   139.4   243.3   290.0   317.2   336.0   357.1   383.0   421.4   496.8   672.0  6992.5  49481.2    49464
read      250.5    79.8    80.4   141.8   159.5   246.2   275.2   294.8   308.7   323.6   342.8   372.3   436.5   545.1  1896.2  24148.2    24034
read      246.8   118.6    74.4   118.4   131.6   225.9   276.8   310.2   333.6   359.9   391.7   436.4   533.8   806.5  3412.6  77031.5    77363
read      245.9   117.6    74.4   119.3   132.4   223.0   273.5   306.6   330.4   357.8   391.8   439.3   550.7   881.4  2502.4  91671.8    91698
read      252.8    88.4    74.4   129.2   144.7   247.4   286.7   310.7   327.4   345.4   368.5   401.5   469.3   582.4   978.9  39122.8    38997
read      243.7   115.2    74.4   118.0   131.1   222.0   272.6   305.7   329.2   355.5   388.6   435.1   537.7   781.2  1974.5  85760.8    86028
read      246.8   130.4    68.9   118.4   131.6   224.5   275.9   309.9   333.6   360.0   391.6   436.9   537.8   782.3  4426.9  82895.8    83012
read      238.7    71.4    86.8   150.0   166.5   233.0   256.4   270.4   281.6   296.1   314.2   343.0   407.8   892.5  2035.2  15053.5    15024
read      252.0   113.9    74.4   121.7   135.8   238.5   289.2   318.6   338.5   360.6   387.2   426.6   505.0   668.6  3303.3  56560.5    56640
read      246.2   117.1    74.4   119.8   133.2   223.6   273.0   306.2   330.2   357.4   391.6   439.8   545.7   957.3  3036.4  97254.2    97362
read      251.3   119.8    74.4   122.4   136.8   228.2   277.4   310.2   333.7   361.4   395.9   447.4   576.0  1100.6  2430.4 107469.8   107412
read      249.9   108.6    74.4   120.0   133.7   233.3   285.7   317.3   338.9   362.9   391.5   432.0   513.0   679.5  1744.9  65104.8    65030
read      245.3   104.4    74.4   118.4   131.6   225.6   276.3   309.8   333.0   359.5   391.4   435.0   522.8   685.7  1316.9  79249.0    79278
read      256.5   115.0    74.4   126.3   140.9   246.5   292.6   320.0   338.3   359.1   384.1   421.2   500.9   674.6  2801.1  47626.5    47544
read      244.8   105.3    74.4   120.7   134.5   224.0   272.1   303.1   325.8   352.9   386.7   435.2   540.5   789.3  1370.8 105240.5   105368
read      252.9   139.9    74.4   122.1   136.3   238.1   288.8   319.0   338.8   361.2   388.8   428.8   504.9   673.9  5273.1  58112.8    58181
read      251.7   101.1    74.4   122.1   136.3   238.8   288.5   317.9   338.1   360.5   387.9   427.4   504.0   649.7  1864.3  56935.0    56960
read      241.7    94.9    86.8   151.8   168.7   234.5   258.8   272.4   284.4   298.3   317.7   345.6   408.9   984.4  3985.0  15025.8    14849
read      249.8   104.8    74.4   120.2   133.9   233.7   284.6   315.7   337.3   361.4   390.8   432.6   522.4   691.5  1394.8  63650.8    63672
read      254.6    99.0    74.4   125.2   140.0   245.4   292.0   318.6   336.5   356.9   382.0   419.7   494.6   630.8  1963.1  48326.5    48289
read      239.6    89.9    86.8   157.4   173.7   232.7   254.7   268.3   277.8   292.0   310.5   338.1   396.0   979.2  3849.9  11838.0    11797
read      239.8    86.7    86.8   160.0   175.0   232.9   254.6   267.6   275.9   290.0   308.2   337.0   401.3   992.2  2725.9  10803.2    10781
read      255.2   102.9    74.4   125.2   139.8   245.3   292.4   320.0   338.9   360.0   385.3   422.6   498.4   626.6  2345.7  49262.5    49362
read      247.6   123.4    74.4   119.8   133.6   224.5   272.9   305.2   328.9   357.0   391.5   441.4   568.0  1208.9  3237.8 102068.0   102119
read      255.7   108.4    74.4   126.2   141.0   247.3   292.7   318.7   336.2   355.6   378.6   414.8   489.3   678.4  3311.6  46354.8    46213
read      246.9   121.1    74.4   119.6   133.2   223.7   273.2   305.5   329.2   356.7   390.8   440.1   564.1  1123.9  2963.7  96963.2    97025
read      246.7    84.9    80.4   149.6   167.4   240.9   266.9   282.4   294.7   310.0   328.6   357.8   422.0   769.6  3275.6  18318.8    18351
read      251.9    77.0    80.4   146.1   164.6   247.0   274.7   293.9   307.5   322.0   342.1   371.1   435.3   605.9  1552.5  21345.0    21426
read      258.3   102.9    80.4   129.0   144.3   250.4   294.3   319.3   336.8   356.4   380.4   416.9   495.6   822.7  2141.9  42985.2    43013
read      248.6   103.1    74.4   119.7   133.4   232.1   283.3   314.8   336.4   360.9   390.8   433.1   516.8   643.7   916.3  67602.2    67376
read      254.0   119.6    80.4   130.5   146.8   247.4   284.8   307.9   323.7   341.6   364.4   398.1   467.0   636.9  6554.5  36175.5    36043
read      228.0   114.8    93.8   155.3   168.1   219.1   238.6   250.5   259.4   270.8   288.2   316.3   394.3  1036.0  7637.7   6237.5     6255
read      247.6   117.3    74.4   120.6   134.6   225.3   273.9   305.7   328.9   356.0   390.4   439.7   555.2  1057.1  2995.7 102223.0   102499
read      254.3    96.0    80.4   140.3   158.2   249.2   280.5   300.7   315.5   332.8   353.4   384.5   449.6   649.7  2154.8  26380.0    26263
read      252.7   105.4    74.4   121.8   136.4   239.5   289.2   318.6   338.7   361.0   388.1   427.6   508.8   685.6  2166.4  57048.0    56974
read      255.2    97.3    80.4   128.4   143.7   248.6   290.0   314.5   331.4   349.9   373.2   408.6   483.8   642.3  1938.0  40688.5    40869
read      256.0   109.5    80.4   126.0   140.8   247.1   292.2   318.3   336.4   356.7   381.5   419.1   497.4   683.8  3496.1  46871.8    46514
read      237.3    89.9    86.8   155.5   171.5   229.8   251.8   265.0   273.7   287.5   305.3   334.2   402.5  1002.7  3813.6  11415.2    11431
read      250.9   108.5    74.4   121.1   135.4   237.3   286.7   316.1   336.5   359.4   387.2   427.1   508.4   678.2  2536.2  58509.0    58600
read      249.6   104.3    74.4   120.1   133.7   232.3   284.1   316.4   338.4   362.7   392.2   433.8   524.4   708.0  1925.1  68330.2    68058
read      252.2   112.0    68.9   122.4   136.8   239.8   287.9   316.6   336.2   358.1   384.6   423.6   501.8   717.7  2818.2  54468.0    54502
read      260.2   171.7    74.4   121.1   135.3   237.0   289.7   322.0   344.1   370.2   402.4   453.6   615.4  1650.6  7943.1  63880.5    64022
read      257.8   116.3    74.4   126.1   140.5   245.8   295.7   324.7   343.9   365.8   391.9   429.7   505.4   635.8  3131.8  52095.8    52142
read      262.9   153.7    74.4   125.5   140.0   235.9   287.6   320.5   345.0   373.7   409.6   465.5   627.5  2034.9  4248.7 101185.8   101375
read      257.9    92.9    74.4   130.4   146.1   251.5   294.3   319.0   335.8   354.6   377.7   412.9   482.5   592.6   987.7  40599.5    40606
read      256.9   111.5    74.4   126.5   141.2   246.7   294.2   322.2   340.9   361.9   387.2   424.5   498.0   622.4  3479.3  47610.8    47485
read      256.4   102.8    74.4   125.9   140.6   246.7   294.2   322.1   340.7   361.6   386.8   424.2   498.0   639.7  2648.5  48992.5    48977
read      256.9   102.4    74.4   131.1   147.0   250.7   290.5   314.9   331.7   349.8   372.0   404.6   475.5   637.4  3377.0  38688.5    38615
read      251.0   122.8    74.4   120.5   134.1   228.7   280.5   314.8   339.0   366.2   398.6   445.3   549.1   849.5  4139.8  80286.2    80279
read      249.9   109.1    74.4   120.0   133.9   229.9   281.2   314.6   338.6   365.7   398.0   443.9   538.8   717.1  1837.1  75994.8    75843
read      251.8   114.2    74.4   120.9   134.5   233.6   285.7   318.2   340.6   366.1   396.3   437.9   527.7   746.6  3001.1  67149.8    67095
read      258.1   102.8    74.4   129.7   144.8   250.7   293.7   319.1   336.2   355.3   378.6   414.4   492.9   685.3  3357.2  41374.5    41325
read      255.3   104.8    74.4   123.9   138.4   242.2   292.4   322.5   342.8   365.8   393.6   432.4   506.8   639.8  1997.9  55725.8    55752
read      248.2   119.6    74.4   119.2   132.6   226.1   275.8   309.6   333.7   361.0   394.2   442.8   560.4   933.7  2113.1  85478.5    85561
read      241.4    76.4    86.8   152.9   169.9   235.2   259.5   272.2   283.6   297.3   316.5   344.3   412.3   911.0  2145.6  14160.8    14194
read      248.6   132.8    74.4   119.3   132.9   225.8   274.8   308.1   332.5   360.6   394.8   443.1   559.2  1038.8  4533.8  87954.0    88002
read      247.0   107.6    74.4   119.7   133.3   225.3   274.7   307.9   332.0   360.0   394.0   442.8   548.6   798.1  1708.0  90456.2    90515
read      249.2   122.4    74.4   122.3   136.8   227.5   275.1   306.7   329.5   356.7   391.5   442.0   553.1   960.1  2338.3 109108.8   109283
read      255.8    90.0    80.4   140.6   158.3   250.5   282.0   302.3   316.8   333.7   353.9   385.0   453.3  1039.8  2548.9  26781.5    26699
read      255.6    90.5    74.4   130.9   146.8   249.9   289.6   313.9   330.5   348.0   371.2   404.1   471.8   597.8  1946.7  37470.0    37400
read      251.4    94.7    80.4   148.4   166.7   245.5   272.5   290.5   304.1   319.7   339.6   369.1   432.4   786.0  3026.3  19299.0    19307
read      245.7   119.8    80.4   154.8   171.2   237.7   262.3   275.3   289.0   304.6   324.2   354.4   422.0   963.6  6573.0  11417.5    11527
read      253.6   121.1    74.4   122.1   136.1   230.9   282.7   317.6   341.9   369.7   403.1   453.2   558.8   869.3  3534.7  83708.8    83787
read      254.6    90.1    80.4   145.8   164.1   249.6   278.0   296.7   311.5   327.9   346.8   376.5   440.4   633.0  3056.5  22339.0    22209
read      250.8   106.8    74.4   120.4   134.3   230.7   282.9   316.8   340.7   366.8   397.7   442.8   544.7   743.2  1236.0  75002.0    75169
read      254.4   111.7    74.4   122.0   135.9   234.0   287.5   321.2   344.6   371.0   402.2   449.4   550.4   799.9  1757.0  74037.2    73833
read      253.1   137.8    74.4   121.7   135.8   228.7   278.3   311.4   335.6   364.2   399.1   451.1   579.6  1373.2  4682.0  94658.5    94641
read      255.1   106.3    74.4   123.2   137.6   239.7   291.4   323.2   344.0   367.7   396.5   437.0   522.7   678.3  1982.5  61299.0    61338
read      256.2   137.6    74.4   122.6   136.7   231.1   282.7   316.3   340.4   368.3   402.5   456.0   603.3  1390.8  3105.4  91929.0    91825
read      254.2   111.8    74.4   122.3   136.3   232.8   286.1   321.0   345.4   372.0   404.1   452.1   549.4   748.3  2171.8  77142.8    77235
read      259.4   102.4    80.4   133.2   149.3   253.4   293.6   317.3   333.3   350.8   372.7   405.4   478.5   836.1  2499.2  37132.8    37257
read      258.4    89.4    80.4   137.7   153.9   253.9   289.9   312.2   327.7   344.7   366.4   397.8   465.3   609.0  2085.8  31996.2    32057
read      252.5   128.9    74.4   124.0   138.6   229.9   278.6   310.0   333.4   361.1   395.9   447.7   567.2  1063.5  2232.0 108833.0   108618
read      255.4   120.4    74.4   122.6   137.0   234.8   287.5   321.3   344.4   370.5   402.4   449.5   548.7   795.3  3437.1  73207.2    72930
read      261.4    94.6    80.4   133.9   149.4   253.4   298.2   324.6   341.8   361.6   385.4   420.2   488.6   608.2  1455.9  43721.0    43714
read      252.7   122.6    74.4   122.3   136.7   230.2   280.6   313.8   337.8   365.8   399.4   449.8   560.7   939.6  3328.3  87278.8    87369
read      259.5   129.4    74.4   127.1   141.4   244.3   294.8   325.3   345.9   368.9   396.0   434.5   513.9   805.9  4633.1  56546.2    56640
read      253.7   121.1    74.4   123.6   138.1   231.0   281.4   314.0   338.0   365.9   399.9   451.6   568.0   939.4  2589.5  97405.5    97360
read      255.1   118.3    74.4   122.7   136.7   233.2   285.9   319.7   343.9   370.9   403.8   453.4   562.4   927.5  2237.8  79593.8    79788
read      241.8    81.1    86.8   159.7   175.0   235.5   258.1   270.3   280.0   293.7   312.0   339.7   401.2   928.4  3046.5  11376.8    11352
read      249.8   121.0    74.4   120.8   134.4   227.6   277.5   310.3   334.3   362.1   396.3   445.0   556.3   919.5  2625.0  87837.5    87962
read      258.4    92.2    74.4   130.8   146.4   252.8   294.6   319.7   336.8   355.7   377.9   412.1   482.5   594.7  1163.7  40703.5    40663
read      254.7   109.1    74.4   123.3   137.8   240.1   291.2   322.3   343.5   366.5   394.5   434.3   512.3   638.9  1775.0  59485.5    59386
read      254.9    99.0    74.4   126.5   141.1   246.4   291.1   318.5   336.8   357.3   382.5   419.4   494.2   640.0  1585.9  48235.2    48302
read      252.4    93.0    86.8   149.6   167.8   246.8   273.4   290.7   303.6   318.7   338.8   367.7   430.9   966.5  2941.2  19245.5    19398
read      252.4   114.3    74.4   121.9   135.7   230.2   282.0   316.3   341.2   368.6   401.6   451.7   556.7   798.4  1983.9  82009.8    82197
read      251.2   111.1    74.4   120.7   134.4   230.6   282.4   315.9   339.5   366.4   398.8   447.4   550.3   771.7  1514.6  77134.5    77387
read      251.3   109.3    74.4   120.7   134.4   231.7   283.8   317.1   340.7   366.5   397.6   443.3   540.8   713.3  2031.0  72788.0    72753
read      237.0   100.3    93.8   161.7   175.4   228.9   249.3   261.2   270.0   281.9   299.0   328.0   408.7  1025.7  5088.0   7770.0     7720
read      257.5    94.8    74.4   129.2   144.0   249.8   294.1   320.7   339.2   359.7   383.6   418.5   490.3   609.0  1856.8  46043.2    46279
read      258.3   102.5    74.4   130.6   145.8   251.3   293.7   319.2   337.4   357.2   379.8   414.0   482.7   594.1  2785.2  42181.0    42102
read      256.3   149.4    74.4   123.3   137.6   232.4   283.1   316.1   340.7   369.1   403.4   455.2   580.6  1192.7  5447.7  90852.2    90892
read      262.7   119.2    80.4   132.8   148.7   254.8   296.9   322.5   339.9   359.6   383.3   418.5   493.0   806.4  4233.7  40044.5    39976
read      257.4   111.8    74.4   124.0   138.5   241.4   292.8   325.0   346.7   370.4   399.5   441.9   533.8   702.4  2182.3  61342.0    61084
read      247.8    76.0    86.8   153.1   170.8   241.8   267.6   282.8   294.7   310.5   330.2   360.7   426.1   681.2  2318.7  16619.5    16735
read      260.7   117.1    80.4   129.3   144.4   251.1   295.4   323.8   342.2   363.0   388.4   426.1   501.0   650.9  3661.8  45814.5    45909
read      255.0    91.7    80.4   139.4   156.2   250.2   283.1   303.5   318.2   335.4   356.4   388.4   453.9   594.3  2953.2  28838.8    28976
read      249.6   110.2    74.4   120.6   134.4   228.3   278.5   310.9   335.5   363.8   397.5   446.2   545.8   794.1  2090.3  84254.0    84704
read      259.2   146.2    74.4   125.5   140.2   234.3   284.0   316.1   340.6   369.1   403.9   458.7   604.0  1574.7  3637.1 101419.0   101822
read      255.5   115.0    74.4   124.3   138.9   233.3   283.8   317.0   341.9   370.2   404.1   455.7   565.8   874.6  1883.4  92679.2    92571
read      238.0    68.0    86.8   157.7   172.9   232.3   254.2   266.8   274.8   288.3   305.7   334.5   400.3   954.8  1991.2  12035.2    12106
read      256.2   110.6    74.4   125.1   139.4   241.6   292.1   322.4   343.9   367.3   395.1   434.4   516.1   673.7  2897.9  58917.5    58568
read      259.3   106.5    74.4   127.9   142.6   247.7   295.8   325.5   345.0   366.3   392.5   430.1   506.2   663.0  2520.9  51497.5    51319
read      255.4   108.9    80.4   149.2   167.3   249.9   277.5   295.2   308.8   323.8   343.3   372.9   434.7   714.1  5012.4  21534.8    21556
read      254.3   172.2    93.8   159.0   176.3   243.0   267.6   282.0   293.7   309.0   328.3   359.4   451.1  1700.5  8015.5  14103.5    14191
read      255.1   102.2    80.4   139.0   156.3   250.0   282.7   302.4   317.2   334.7   356.0   387.8   456.8   615.8  3862.5  29065.2    29072
read      248.0    90.5    86.8   154.4   172.4   241.7   266.7   280.6   292.4   307.0   325.5   355.3   422.1   984.9  3398.1  16267.5    16350
read      253.0   139.9    74.4   120.7   134.6   228.2   278.8   311.9   336.5   364.7   399.8   454.4   596.5  1207.2  5000.7  86823.8    86891
read      260.8   148.4    74.4   123.9   138.6   231.7   281.9   314.3   339.1   368.6   407.2   469.7   722.6  1698.6  3573.7 104531.0   104441
read      237.0    97.8    86.8   160.7   174.9   230.4   251.1   263.1   271.4   283.4   299.8   329.1   394.3   972.2  3694.8   8846.2     8906
read      259.6   101.6    80.4   130.8   146.4   253.0   294.2   319.7   337.4   357.2   380.7   416.9   494.8   637.2  3206.3  42163.5    42175
read      255.7   107.7    74.4   125.3   140.1   245.4   291.5   318.5   338.3   360.3   387.0   426.7   505.7   665.0  2336.0  51694.2    51797
read      247.9   106.9    74.4   119.6   133.1   228.6   279.3   311.4   334.5   360.7   392.8   438.1   534.7   706.7  1969.6  76678.8    76678
read      249.3    89.2    80.4   148.9   166.9   243.6   269.8   285.4   296.8   313.0   333.3   364.2   430.8   806.5  3703.9  19596.2    19630
read      250.1   115.2    74.4   121.6   135.9   228.4   276.6   308.0   331.9   360.0   394.8   446.4   563.4   916.5  2269.4 100054.0   100132
read      257.8    92.8    80.4   130.6   146.3   251.7   291.8   316.8   334.4   353.9   377.3   413.6   490.4   637.7  1611.3  40581.2    40498
read      256.4   127.7    74.4   124.6   139.3   233.2   282.5   313.6   337.2   365.2   400.2   455.1   593.0  1289.5  3263.9 108506.8   108559
read      252.7    89.7    80.4   145.1   163.4   247.9   275.6   292.9   306.5   322.5   343.2   372.8   436.9   680.3  3459.4  23713.5    23964
read      251.9   129.5    74.4   120.6   134.4   232.4   283.6   315.7   338.6   364.6   395.5   439.0   534.5   865.1  3342.1  70865.2    70760
read      248.4   107.1    74.4   122.0   136.2   227.7   275.6   306.1   329.5   357.0   391.5   441.6   553.3   834.3  1419.9 100119.5    99567
read      253.1   144.1    74.4   123.3   137.8   229.5   277.2   307.4   330.4   357.9   393.4   446.7   583.4  1528.4  5128.0 107555.8   107548
read      253.3   104.0    74.4   124.5   139.1   242.8   288.2   314.5   333.9   356.0   383.3   423.3   504.4   697.9  2476.1  53729.5    53742
read      247.1   114.8    74.4   121.4   135.6   226.1   273.8   302.8   325.7   353.4   389.1   438.9   547.9   870.9  2576.5 103823.2   103931
read      253.7   124.1    74.4   122.5   136.9   238.8   288.4   317.7   338.7   362.2   391.3   432.3   516.8   712.0  4727.8  60302.8    60359
read      229.5    59.7    80.4   155.2   169.2   223.9   244.8   256.2   265.7   275.1   291.5   318.5   393.0   938.0  1398.9   9715.0     9725
read      254.8   111.9    74.4   124.1   139.0   243.9   290.4   318.7   338.1   359.6   385.4   424.0   504.1   666.6  3051.4  51887.2    52014
read      257.4   101.9    74.4   130.6   146.7   251.8   291.3   315.7   333.1   352.0   373.9   407.3   477.0   611.1  3170.6  40070.0    40053
read      247.0   117.9    74.4   119.7   133.4   226.1   275.6   306.5   330.1   357.2   390.5   437.4   542.9   835.1  3445.3  86458.0    86436
read      256.3   150.9    80.4   144.6   163.3   249.4   277.7   295.1   309.6   326.2   346.1   378.5   453.4   995.7  7753.4  23898.8    23983
read      261.5   160.0    74.4   121.8   136.2   237.5   288.3   320.2   343.7   370.8   405.3   460.5   629.0  2000.5  4119.1  66719.5    66595
read      246.1    75.7    80.4   140.4   158.1   243.7   271.0   286.6   297.2   313.5   333.8   365.1   429.7   542.1  1902.4  26137.8    26056
read      251.8   102.1    74.4   124.6   139.1   244.0   287.2   312.2   330.4   350.4   376.2   414.6   491.0   631.2  3268.3  51800.8    51764
read      252.2    89.8    74.4   130.0   145.7   248.6   284.3   304.6   320.1   338.7   362.3   398.1   471.4   637.6  1829.3  40133.0    40202
read      247.8   107.7    74.4   119.4   132.9   228.8   278.8   308.9   332.0   357.7   390.3   438.3   547.9   789.5  1323.0  76731.5    76665
read      234.1    88.9    86.8   156.1   171.1   227.5   248.6   260.7   269.6   280.6   295.7   324.3   392.8   997.1  3852.6  11131.0    11133
read      246.1   117.6    74.4   119.1   132.6   226.7   276.2   305.8   328.8   354.7   387.0   433.6   539.0   800.9  3591.0  80132.0    80405
read      246.8   122.0    74.4   118.6   132.1   227.3   276.8   305.8   328.8   354.7   386.6   434.0   540.1   993.1  3480.5  79078.5    79106
read      243.5   108.4    74.4   119.5   133.1   223.9   271.9   299.6   322.0   348.2   381.3   430.6   539.6   856.3  2233.0  97305.8    97258
read      250.2    91.9    80.4   131.1   147.1   247.1   281.3   300.3   316.1   334.2   356.3   390.3   459.6   580.5  2016.9  36320.5    36307
read      249.5    80.2    74.4   137.9   155.0   246.9   276.0   293.4   307.2   323.4   343.7   373.7   439.1   555.8  2083.9  28553.8    28636
read      254.1    93.6    74.4   129.6   145.0   249.9   287.6   309.6   325.9   344.4   367.8   401.6   473.0   639.2  2510.7  41521.0    41620
read      246.6   107.2    74.4   119.5   133.1   228.6   279.1   308.6   331.1   356.5   388.1   432.7   526.1   716.7  1719.8  75510.2    75736
read      254.5    94.3    74.4   128.6   143.7   249.3   289.5   313.4   330.8   349.8   372.4   407.2   480.7   608.3  1912.8  44833.0    44979
read      253.9    86.8    80.4   136.9   154.0   250.7   282.9   301.2   316.6   334.1   355.3   388.0   457.7   585.8  2925.2  31523.2    31478
read      251.8   115.9    74.4   131.1   147.2   247.6   282.1   301.0   316.6   334.3   356.3   391.0   463.5   681.8  4478.7  37687.2    37586
read      247.5   123.8    74.4   120.6   134.8   226.1   273.8   301.9   324.3   351.1   385.6   436.1   565.9  1090.3  3225.3 108292.0   108330
read      248.4   101.4    74.4   119.9   133.9   235.0   283.6   311.4   332.3   355.2   382.8   425.1   511.2   670.6  1898.0  64293.2    64301
read      233.5    78.0    86.8   155.5   170.8   227.8   248.5   260.5   269.4   280.3   295.1   322.2   392.9   993.3  2406.3  11294.8    11203
read      229.5   127.7    93.8   156.0   168.6   219.7   239.6   251.3   260.1   270.7   286.4   315.4   400.1  1218.3  6989.7   7343.0     7291
read      243.2   110.1    68.9   119.0   132.1   223.4   273.2   301.4   324.6   350.6   383.9   432.4   536.4   738.8  1941.2  87251.5    87477
read      243.9   106.0    74.4   118.3   131.6   226.0   276.0   304.5   326.7   352.2   383.1   428.7   524.9   686.2  2244.1  77441.0    77485
read      257.3   101.6    74.4   130.9   146.6   252.1   291.0   314.1   331.1   350.0   373.1   408.7   488.7   644.4  2557.0  41971.2    42055
read      254.7   128.7    74.4   141.8   159.4   248.2   277.8   295.2   309.8   326.8   347.7   380.7   460.5   993.0  6850.0  26857.8    26865
read      268.6   227.4    74.4   123.2   138.0   235.5   286.4   317.9   342.3   372.5   412.7   477.7   747.1  3295.8  9692.3  94528.5    94592
read      252.8   115.9    74.4   123.5   138.0   235.9   285.1   314.4   336.3   361.0   391.7   434.7   531.1   779.3  3373.1  66842.2    66869
read      247.5    89.0    86.8   152.4   170.3   243.4   267.9   281.8   292.6   306.9   325.2   353.9   415.9   791.0  2014.4  17872.0    17835
read      251.8   100.2    74.4   123.5   138.2   241.2   287.1   313.9   333.6   355.6   382.8   423.0   501.8   637.2  1901.2  55980.2    55977
read      244.3   107.3    74.4   118.4   131.9   224.9   275.0   304.1   327.0   353.3   386.6   432.7   534.4   731.4  1969.1  82342.0    82437
read      246.3    76.7    86.8   154.5   172.5   240.5   264.8   277.8   289.6   303.4   321.8   352.3   421.2   960.6  2556.6  15848.0    15775
read      244.9   110.5    74.4   118.9   132.3   224.2   273.7   302.3   325.4   352.7   387.4   435.9   548.6   862.5  2193.2  87600.0    87559
read      252.5   122.3    74.4   123.0   137.6   229.8   278.4   308.3   331.5   358.7   393.6   448.2   589.6  1223.5  2636.3 105394.5   105401
read      247.6   115.5    74.4   119.4   133.0   226.5   276.3   305.8   329.5   356.7   390.4   439.6   559.3   931.2  2577.8  88830.5    88752
read      251.0   120.4    74.4   121.8   136.1   229.9   279.1   308.5   332.1   359.8   394.6   446.4   561.9   942.3  3097.5  94373.2    94531
read      250.6   120.7    74.4   122.2   136.6   229.0   277.7   307.0   330.1   357.5   392.4   444.2   569.2  1042.1  2497.5 101377.0   101303
read      246.3   109.4    74.4   119.5   133.0   226.1   276.2   305.2   328.4   355.6   389.6   437.6   547.8   802.3  1503.5  86705.8    86640
read      249.4   113.4    74.4   120.8   134.8   228.4   279.1   309.2   333.1   360.8   394.7   444.2   552.7   798.1  2780.0  84898.8    84818
read      249.7    92.7    86.8   150.6   168.4   244.9   270.7   285.5   295.6   311.2   331.5   362.4   429.8   866.5  2631.2  20109.5    20221
read      255.4    95.1    74.4   129.4   144.8   250.0   289.7   312.9   330.2   349.3   373.3   409.7   484.9   629.2  1818.8  43411.8    43599
read      251.3    96.6    74.4   125.0   139.7   242.9   286.7   310.7   329.2   350.1   374.7   415.1   494.5   626.2  2081.3  52719.8    52779
read      248.2   123.2    74.4   120.7   134.4   227.3   276.8   306.3   329.7   357.0   391.1   441.8   556.7   829.4  3129.7  89280.2    89855
read      254.8   103.0    74.4   127.1   141.8   247.0   289.6   314.3   332.7   353.2   377.7   416.3   496.9   694.8  2701.5  48565.8    48532
read      256.2   126.4    74.4   125.2   140.0   233.7   282.4   312.0   335.4   363.1   397.6   451.8   587.1  1456.2  3117.3 107883.2   107423
read      253.4   100.8    74.4   127.3   142.6   247.6   287.8   310.2   327.4   346.7   372.1   409.6   487.4   629.4  2021.7  46505.5    46535
read      252.1    98.9    74.4   125.8   140.7   245.2   286.0   309.2   327.0   346.9   371.7   408.4   490.8   730.6  2645.7  47637.0    47535
read      254.8   104.7    74.4   125.8   141.0   246.0   289.2   314.1   332.8   353.8   379.2   420.6   501.6   678.0  2906.7  49708.2    49633
read      255.9    80.4    80.4   139.5   156.8   252.8   285.0   303.3   318.0   335.9   357.8   391.1   460.1   586.5  1069.9  30304.5    30334
read      246.2    84.4    86.8   153.2   170.8   240.8   265.5   278.8   290.1   304.0   323.7   354.9   424.8   669.8  2796.8  17210.2    17207
read      250.9   125.7    74.4   123.2   137.7   228.7   276.6   305.7   328.8   356.2   392.3   446.0   568.6  1155.4  3325.7 106223.5   106074
read      254.8   103.1    74.4   126.8   141.8   246.9   290.1   315.0   333.4   354.4   380.9   419.3   497.8   626.7  1082.9  48940.0    48912
read      251.1   111.3    68.9   122.5   136.9   229.9   279.0   308.3   331.9   359.8   395.4   448.7   568.0   948.6  1759.8  96353.2    96483
read      258.1   101.9    80.4   132.3   148.7   253.4   290.8   313.0   329.7   348.3   371.8   406.7   483.7   625.7  3821.7  39070.5    39228
read      248.9   122.1    74.4   120.7   134.6   226.9   276.0   304.8   328.2   356.2   391.6   443.7   563.5  1160.5  3083.6  92226.2    92350
read      247.5   113.5    74.4   120.5   134.4   228.1   276.9   304.7   327.9   355.0   389.2   439.5   546.2   780.7  2075.7  85232.8    85084
read      249.1   127.3    74.4   120.2   134.0   228.6   279.0   307.2   330.3   357.9   392.1   441.7   545.5   862.6  4350.5  81798.0    81993
read      248.5   120.0    68.9   121.3   135.6   227.3   275.6   303.7   326.2   353.3   388.7   441.9   577.4   985.6  2181.0 101730.8   101617
read      244.7    88.7    86.8   151.9   168.9   239.0   263.7   276.8   288.2   301.2   320.8   351.7   426.1   917.2  2514.2  16784.0    16730
read      255.7   115.3    74.4   122.8   137.2   236.9   288.4   319.2   342.1   368.6   401.1   450.0   554.4   781.9  3448.1  71215.0    71079
read      264.0   124.3    74.4   129.8   145.1   242.1   291.3   321.9   345.3   373.2   409.3   464.4   602.3  1122.8  3158.2 109045.2   108942
read      258.3   115.0    74.4   126.2   140.9   245.5   292.3   319.9   340.3   363.7   392.3   433.5   528.3   883.6  3321.9  55352.0    55406
read      258.3    93.1    80.4   130.7   146.6   252.5   292.7   316.7   334.2   353.9   378.1   415.7   491.0   635.7  1512.5  42179.0    42279
read      251.4    76.6    80.4   147.2   165.1   247.6   274.9   290.9   303.0   319.1   339.6   369.5   433.7   581.3  1697.2  21897.0    21876
read      258.4    92.1    74.4   136.4   153.1   253.9   289.4   310.9   327.1   344.9   368.1   400.5   470.8   621.4  3080.7  34082.0    34140
read      257.3   108.7    74.4   129.7   145.3   250.4   290.8   314.1   331.9   352.2   377.0   414.4   489.1   634.7  3210.4  42954.0    42897
read      248.4    96.5    80.4   151.2   169.1   243.1   268.9   283.4   294.0   309.1   328.7   359.2   425.7   963.2  2553.4  18480.0    18462
read      249.6   111.8    74.4   122.6   137.1   228.6   277.4   306.1   329.3   357.0   392.1   443.3   562.0   932.6  1687.9 100388.2   100375
read      261.3   130.7    74.4   130.5   147.0   252.2   293.0   317.3   335.1   355.0   379.6   419.8   521.9  1081.4  6208.6  41457.2    41347
read      265.0   200.1    74.4   123.4   138.2   233.0   284.0   314.6   339.5   369.6   409.4   473.1   733.2  2632.1  7864.4 101644.8   101594
read      254.8   105.9    74.4   126.3   141.5   246.0   289.1   314.5   333.3   354.1   380.2   419.7   497.9   659.0  2898.2  47467.2    47486
read      247.6   106.5    74.4   119.5   133.2   229.6   280.5   308.9   332.0   358.5   390.1   434.6   530.5   721.7  1795.3  73597.2    73393
read      253.0   108.2    68.9   124.4   139.2   243.0   287.9   313.5   332.9   354.7   381.3   420.7   500.3   646.4  2725.7  51084.5    51134
read      251.7   101.8    74.4   122.4   136.9   239.3   287.8   315.6   336.0   358.6   386.1   426.4   505.8   643.8  1513.9  58249.2    58201
read      247.1   106.8    74.4   119.6   133.3   229.9   281.0   309.5   331.8   356.7   387.4   430.4   515.2   756.6  2227.0  70953.8    71020
read      247.3   109.8    74.4   119.2   132.8   229.4   280.8   309.0   331.6   357.3   388.0   432.2   525.9   722.6  3076.4  72023.2    72071
read      246.0   130.0    74.4   119.5   133.1   223.4   273.3   301.4   324.5   351.9   386.5   436.7   552.7  1038.0  4814.2  93644.0    93446
read      256.0    87.3    80.4   139.6   157.2   251.8   283.8   301.7   316.8   334.8   357.0   390.6   464.2   692.5  2327.7  28864.0    28724
read      258.9   106.1    74.4   125.9   140.4   243.8   292.6   322.5   345.0   369.9   400.6   446.2   541.4   727.5  1764.2  59037.0    59269
read      260.9   145.9    74.4   123.2   137.6   236.7   288.6   320.3   345.1   373.6   410.2   466.5   622.1  1447.5  3902.2  74523.0    74624
read      255.7   102.0    74.4   126.9   141.7   245.8   291.3   316.8   336.2   358.2   384.9   424.3   499.4   619.4  2494.6  52478.2    52368
read      242.4   106.6    86.8   162.3   177.3   234.4   256.6   269.1   277.8   290.5   308.0   338.3   405.9   948.4  6253.5   9669.5     9687
read      256.7    94.6    74.4   130.2   146.0   251.6   291.3   313.9   330.9   350.2   374.4   411.7   487.5   610.7  1296.0  44093.0    44165
read      236.8    91.8    93.8   161.7   174.8   228.6   249.7   261.9   270.5   281.7   296.3   327.4   408.2  1057.0  3804.3   6932.0     6895
read      251.5   105.2    74.4   123.9   138.9   241.0   286.9   311.4   330.5   352.4   379.3   419.7   499.2   631.0  2483.4  55274.0    55457
read      250.5   112.3    74.4   121.8   136.6   237.4   285.3   311.4   331.8   354.9   383.6   426.8   507.1   638.6  2470.8  61248.5    61164
read      248.8   108.5    74.4   123.8   138.3   229.5   278.0   305.5   327.4   354.1   388.8   439.0   540.2   722.6  1849.5 108032.5   108384
read      259.1    88.6    80.4   137.9   155.4   256.0   290.2   310.0   324.7   342.0   364.6   398.4   466.3   584.7  2303.4  33362.2    33319
read      243.5   116.3    74.4   120.2   134.1   224.4   273.0   298.8   320.3   346.3   379.8   430.5   529.3   697.1  3439.3  97487.5    97895
read      260.3    96.2    74.4   133.3   149.9   256.3   294.2   316.8   333.6   352.7   376.4   411.1   478.1   593.8  3017.3  39743.5    39720
read      249.2   117.8    74.4   121.0   135.3   233.1   283.4   311.0   332.8   357.7   387.7   430.3   508.6   634.9  3579.9  68616.5    68554
read      245.5   124.0    68.9   119.8   133.5   225.3   275.1   302.5   325.2   352.0   384.6   432.9   530.5   857.8  3279.6  86535.2    86849
read      260.0    92.0    80.4   140.8   158.9   256.3   289.5   309.4   324.3   341.4   362.8   394.5   462.3   585.4  3840.3  30170.8    30264
read      242.0   103.3    74.4   120.2   134.1   223.1   270.9   296.1   317.2   343.1   377.4   428.5   530.3   745.4  2098.4 100837.8   100754
read      244.0   110.6    74.4   120.6   134.5   225.7   273.4   298.1   318.7   344.0   377.3   430.2   536.3   744.0  3176.5  97730.5    98098
read      241.0   100.9    68.9   118.6   132.2   224.9   273.1   296.8   316.9   341.0   372.6   423.2   516.2   663.7  1639.6  86044.2    86028
read      241.6   107.9    74.4   118.8   132.5   224.1   272.0   296.2   316.5   342.0   374.5   427.9   528.6   685.6  1852.9  92959.5    93054
read      253.2    88.4    74.4   130.7   147.0   249.1   286.1   305.6   320.6   340.6   365.0   400.9   477.2   602.4  1528.8  42354.8    42348
read      252.2   109.0    80.4   140.1   158.0   248.2   277.8   293.4   306.2   321.1   343.1   374.4   448.3   895.1  5227.7  29591.5    29490
read      247.2    73.4    80.4   153.2   171.3   243.0   267.4   280.6   290.6   303.2   321.4   354.7   423.8   822.6  2681.1  18288.0    18187
read      244.4   103.4    74.4   121.2   135.2   226.5   274.4   299.0   319.7   345.7   379.7   430.7   534.2   732.6  1852.1  94925.2    95113
read      236.6    81.0    93.8   161.3   175.1   229.7   250.2   262.2   270.7   281.8   295.8   326.4   403.9   985.5  3636.1   8595.8     8570
read      252.9   101.5    74.4   126.8   141.6   240.1   286.5   311.4   331.4   354.6   383.8   427.3   507.4   650.4  2448.5  62341.8    62285
read      259.0   113.9    74.4   131.1   147.0   250.2   291.7   315.2   333.5   354.8   381.8   425.7   512.4   677.8  4279.1  52479.0    52582
read      263.4   100.0    74.4   141.5   159.1   259.1   292.2   312.2   327.4   345.2   368.5   403.7   484.6   711.2  2498.3  34380.8    34260
read      254.6   102.9    74.4   127.4   142.3   243.7   289.3   314.0   333.2   355.4   383.4   425.8   508.3   661.4  2571.0  59745.0    59493
read      252.1   107.5    74.4   124.9   139.8   241.5   286.7   310.5   328.9   350.8   379.0   421.4   502.1   673.3  2941.0  58170.5    58208
read      244.8   102.7    74.4   121.3   135.4   227.4   275.9   300.8   320.8   346.2   379.3   430.7   530.8   695.8  1709.8  93525.8    93458
read      243.2    69.1    86.8   152.0   169.9   239.4   263.1   275.3   285.8   296.4   315.4   344.6   416.3   624.7  1924.7  18074.0    18056

Total QPS = 58016.4 (104429504 / 1800.0s)

Total connections = 64
Misses = 0 (0.0%)
Skipped TXs = 0 (0.0%)

RX 25794086994 bytes :   13.7 MB/s
TX          0 bytes :    0.0 MB/s
Warning! Detected max cpu usage > 95%
CPU Usage Stats (avg/min/max): 100.00%,49.75%,100.00%
