Random waveform, supplied seed
Total number of intervals = 20 (6927, 52892, 98921, 61129, 40613, 53226, 38560, 103465, 104758, 94759, 37799, 8296, 69443, 12517, 43591, 20430, 93758, 10485, 16518, 83230)
Average QPS expected = 52565
Timestamp start: 1778660444311
Timestamp end: 1778660744586

#type       avg     std     min      p5     p10     p50     p67     p75     p80     p85     p90     p95     p99    p999   p9999      QPS   target
read      259.0   137.8   101.3   171.1   187.7   249.8   272.3   285.3   294.0   305.9   320.0   346.8   436.6  2041.2  6803.2   6892.2     6927
read      297.4   158.7    86.8   143.7   159.7   277.8   333.1   363.8   386.6   413.8   449.8   505.4   653.1  1994.0  4449.9  52905.1    52892
read      455.2   501.2    86.8   161.3   183.0   315.1   392.3   451.6   507.8   599.7   792.5  1367.5  2840.2  4839.7  8087.5  98792.5    98921
read      297.8   159.2    86.8   142.5   158.3   274.4   332.7   365.2   389.8   419.8   459.5   522.6   682.1  1724.4  4294.0  61014.5    61129
read      286.1   125.4    86.8   145.9   162.1   278.0   326.4   350.9   368.2   388.9   415.0   456.2   546.4  1085.5  3671.3  40590.8    40613
read      287.9   156.5    80.4   140.7   156.0   271.3   326.3   355.7   376.7   402.2   435.1   487.3   603.6  1243.8  5820.6  53167.2    53226
read      285.4   123.5    86.8   146.9   163.0   278.2   325.4   349.4   366.5   386.4   411.0   451.6   541.3  1009.0  3774.3  38581.3    38560
read      474.0   553.9    80.4   164.5   186.8   311.3   383.4   439.2   498.7   613.3   923.0  1485.6  3112.8  5747.2  8390.8 103437.3   103465
read      469.3   541.9    80.4   164.4   186.6   310.5   381.0   435.9   495.2   607.0   904.3  1463.4  3068.0  5482.7  8139.0 104753.1   104758
read      390.6   365.9    80.4   153.6   173.2   294.7   365.9   418.9   468.6   543.1   667.6   948.4  1953.7  3594.5  7968.2  94746.1    94759
read      286.7   118.3    86.8   147.8   164.0   279.8   326.8   350.2   367.1   386.9   411.6   452.4   545.1  1073.5  3088.3  37743.4    37799
read      257.1    95.8   101.3   171.5   187.6   251.3   273.9   287.2   295.9   308.1   321.2   346.0   420.7  1015.1  3206.6   8285.0     8296
read      302.5   163.5    80.4   142.5   158.5   274.1   335.2   370.2   397.6   432.1   477.8   549.2   734.5  1705.7  4122.6  69300.3    69443
read      267.8   110.0    93.8   169.0   186.9   262.2   288.6   302.9   313.5   325.8   342.6   370.7   453.6  1128.0  5227.5  12533.2    12517
read      288.3   135.4    86.8   144.6   160.9   277.6   328.5   355.0   373.2   395.6   424.4   467.2   562.1  1287.6  4215.6  43565.5    43591
read      276.3   102.2    93.8   161.1   179.2   272.8   304.9   321.0   334.0   347.2   367.0   397.1   471.9  1009.7  3894.5  20508.1    20430
read      389.6   396.6    80.4   151.7   170.5   290.8   359.9   408.9   455.1   520.9   631.7   937.7  2162.5  3900.2  7942.6  93732.7    93758
read      264.0   100.3    93.8   171.1   188.1   257.7   282.8   296.0   307.0   318.4   336.0   363.9   448.0  1207.1  3657.4  10537.7    10485
read      276.4   150.6    93.8   164.3   182.7   268.8   298.6   314.9   326.5   340.5   359.4   390.2   488.4  1960.3  7448.4  16487.4    16518
read      313.3   197.3    80.4   143.0   159.1   271.9   335.8   375.1   408.0   451.7   509.0   605.7   895.0  2108.0  5687.3  83327.9    83230

Total QPS = 52545.1 (15763519 / 300.0s)

Total connections = 64
Misses = 0 (0.0%)
Skipped TXs = 0 (0.0%)

RX 3893589193 bytes :   12.4 MB/s
TX          0 bytes :    0.0 MB/s
Warning! Detected max cpu usage > 95%
CPU Usage Stats (avg/min/max): 99.71%,50.51%,100.00%
