Random waveform, supplied seed
Total number of intervals = 60 (6927, 52892, 98921, 61129, 40613, 53226, 38560, 103465, 104758, 94759, 37799, 8296, 69443, 12517, 43591, 20430, 93758, 10485, 16518, 83230, 5484, 55611, 20774, 96726, 32442, 73039, 74055, 51197, 59442, 35654, 78747, 42212, 52488, 36950, 16762, 79473, 61431, 87172, 108181, 80515, 37149, 13444, 72057, 70041, 90162, 52082, 24258, 72013, 58012, 45398, 50177, 34504, 66010, 73937, 55020, 53235, 97743, 5419, 14764, 7451)
Average QPS expected = 53209
Timestamp start: 1778879657197
Timestamp end: 1778879957483

#type       avg     std     min      p5     p10     p50     p67     p75     p80     p85     p90     p95     p99    p999   p9999      QPS   target
read      232.5    91.5   101.3   155.4   166.9   224.9   246.9   259.2   268.6   279.5   294.4   320.5   395.4  1500.5  3113.6   6971.4     6927
read      295.0   166.8    80.4   132.9   148.5   267.3   334.6   369.5   394.9   425.1   463.3   523.5   722.7  2158.9  4041.2  52604.0    52892
read      611.2   830.7    80.4   174.1   204.6   358.0   459.2   537.5   601.6   701.3  1392.8  2090.2  3758.4  7934.2 10878.2  98852.6    98921
read      299.8   220.9    74.4   128.3   142.8   257.9   328.6   368.3   397.5   432.6   479.4   557.4   959.8  2960.8  7133.2  61106.2    61129
read      286.3   156.3    80.4   136.9   152.3   269.3   327.4   356.9   376.1   398.7   427.5   469.7   601.4  1971.9  5024.0  40763.8    40613
read      296.8   173.0    74.4   131.7   147.1   265.2   332.8   370.0   396.5   428.8   469.6   539.3   806.5  1990.4  3214.4  53122.2    53226
read      285.2   131.6    74.4   138.5   154.0   270.9   327.4   356.0   374.4   396.8   424.7   466.7   586.3  1367.7  3161.3  38654.6    38560
read      555.5   773.8    74.4   157.8   182.9   319.7   404.4   468.4   522.6   612.9  1336.3  1879.4  3674.5  7720.4  8998.7 103471.4   103465
read      592.6   783.4    80.4   168.9   197.7   344.3   440.9   513.3   575.7   685.2  1438.9  1962.4  3704.6  7729.5  9376.4 104655.0   104758
read      584.8   815.9    80.4   164.7   192.6   339.9   430.1   502.1   563.3   651.1  1160.8  2309.1  3716.4  7892.7  9817.9  94645.2    94759
read      287.7   156.5    80.4   137.4   153.0   270.1   326.3   354.6   374.1   397.4   426.5   471.0   647.5  1965.6  4751.6  37858.2    37799
read      232.1    80.3    86.8   154.0   165.7   225.3   248.5   261.8   271.1   282.9   296.8   323.1   394.9   916.2  2755.1   8311.4     8296
read      302.5   243.9    74.4   126.9   141.5   252.6   324.1   367.1   399.3   441.2   496.4   587.0   988.1  3394.9  6414.7  69358.6    69443
read      251.9   106.9    86.8   155.8   170.2   244.2   272.7   288.3   298.9   313.9   331.9   358.8   433.5  1275.9  3840.7  12592.8    12517
read      283.2   152.8    74.4   133.0   148.4   263.3   324.3   355.6   375.8   399.9   429.8   473.7   599.1  1964.3  3882.3  43531.4    43591
read      271.6   104.0    86.8   151.7   167.6   265.2   302.1   322.6   336.7   352.3   371.8   402.5   496.1  1189.9  2484.4  20560.8    20430
read      514.6   717.6    74.4   143.5   164.7   300.9   381.5   446.9   509.1   615.6  1064.5  1779.2  3557.7  7632.7  8995.0  93619.6    93758
read      245.9    87.2    93.8   156.9   170.4   239.0   265.9   280.2   290.8   303.4   319.6   344.7   415.6   991.4  2898.7  10546.2    10485
read      263.3   112.5    86.8   154.6   169.9   257.1   288.4   305.7   318.2   333.6   351.7   379.0   456.0  1141.4  3982.6  16590.2    16518
read      396.5   456.7    74.4   136.5   153.5   275.4   352.1   408.3   465.7   554.9   695.3  1048.7  2446.5  5107.1  8042.0  83172.8    83230
read      219.7    85.6   101.3   151.4   161.4   211.5   231.3   243.1   251.8   262.9   275.5   299.6   373.7  1319.9  3094.2   5458.4     5484
read      296.8   199.4    74.4   131.3   146.4   263.9   331.1   368.9   395.5   426.9   467.6   533.2   761.2  2642.0  6065.5  55653.2    55611
read      274.2    91.2    86.8   153.5   170.2   269.3   306.4   326.7   340.3   356.2   374.0   404.1   488.9   955.0  1977.8  20695.0    20774
read      572.0   789.9    74.4   157.3   183.1   331.0   421.7   492.5   554.4   645.7  1164.4  2255.1  3690.5  7730.3  8538.6  96738.4    96726
read      286.0   130.4    80.4   143.0   159.2   275.3   326.3   351.6   368.5   388.5   413.7   455.2   581.2  1415.5  3863.4  32425.8    32442
read      328.4   295.9    74.4   130.3   145.5   261.4   336.3   383.8   422.3   472.3   544.5   674.3  1495.6  3482.8  7661.7  72944.4    73039
read      323.3   255.8    74.4   130.7   146.0   260.2   335.9   384.3   424.1   477.7   550.1   678.0  1271.8  2980.3  7041.8  74057.8    74055
read      287.9   157.3    74.4   130.4   145.3   262.2   326.5   361.5   386.0   413.9   450.6   506.8   706.2  1858.2  3221.0  51302.2    51197
read      294.9   187.3    80.4   128.9   143.5   259.5   327.6   366.0   393.7   427.5   471.5   546.6   844.6  2306.9  4239.3  59470.8    59442
read      302.4   211.2    80.4   143.1   159.6   279.7   335.8   364.4   384.6   407.7   437.4   491.1   775.8  2684.0  8150.7  35823.2    35654
read      346.1   328.5    68.9   132.5   148.6   265.1   340.4   391.9   438.0   503.3   596.9   776.3  1650.2  3706.4  7738.2  78501.2    78747
read      290.7   159.6    74.4   136.2   151.8   270.5   331.1   361.6   382.8   406.4   438.1   490.4   658.4  2078.1  4566.4  42232.8    42212
read      290.1   150.6    74.4   130.3   145.4   263.6   329.8   365.7   391.3   421.7   461.0   523.9   717.2  1457.6  3092.0  52394.2    52488
read      283.3   118.7    80.4   138.1   153.6   270.7   325.8   353.5   372.4   394.4   422.2   465.0   592.8  1188.1  2158.7  37041.6    36950
read      270.5   218.6    86.8   152.0   167.3   254.1   285.4   302.3   315.3   330.7   348.7   381.6   610.6  3169.9  8028.3  16780.0    16762
read      344.0   346.5    74.4   129.1   144.5   260.5   335.0   385.6   429.3   489.3   579.3   769.2  1754.9  4111.3  7865.4  79382.4    79473
read      335.5   352.1    74.4   130.7   146.0   266.4   340.2   383.5   416.6   459.3   519.1   643.5  1751.4  4647.0  7922.6  61476.4    61431
read      692.1   989.9    74.4   171.4   203.8   392.4   507.7   605.7   717.0   934.7  1493.0  2630.3  4870.9  9906.0 15937.1  87038.0    87172
read      686.7   849.2    74.4   192.5   227.0   392.2   525.6   624.7   718.2  1186.1  1634.9  2146.3  4010.0  7903.1 11583.5 108351.8   108181
read      574.7   833.7    80.4   160.1   184.6   330.3   412.1   475.0   535.4   633.6  1284.0  2095.0  3817.8  7977.3 10644.0  80560.6    80515
read      288.5   148.7    80.4   138.3   153.8   269.8   326.8   355.8   375.4   398.0   427.2   471.6   695.1  1699.7  3246.9  37086.4    37149
read      260.5   108.5    86.8   159.0   174.0   251.5   281.1   296.5   308.8   321.5   340.8   370.0   487.0  1394.8  3057.2  13461.4    13444
read      359.8   391.8    74.4   132.3   148.3   270.1   346.9   398.9   443.8   503.8   594.7   792.7  2024.6  4831.2  8126.7  72199.2    72057
read      322.8   307.9    80.4   129.2   144.0   259.0   333.0   377.4   413.3   459.1   522.6   637.0  1378.8  3976.8  7749.7  70005.8    70041
read      575.1   767.5    74.4   150.0   174.1   326.8   423.4   507.2   587.3   757.1  1447.1  1914.6  3617.8  7804.1 11264.2  90082.4    90162
read      303.9   208.5    74.4   133.0   148.7   268.7   337.0   372.8   399.6   432.7   476.4   549.2   881.1  2878.6  6352.6  52267.6    52082
read      284.6   133.2    80.4   151.3   167.5   273.6   316.4   339.1   354.7   371.6   394.6   431.6   586.7  1613.8  3156.8  24182.2    24258
read      339.8   361.5    74.4   130.6   146.0   262.9   338.3   386.9   426.9   478.9   553.7   691.2  1703.8  4972.2  8005.7  72051.4    72013
read      306.5   223.7    80.4   130.4   145.4   262.8   334.7   374.6   404.4   442.4   492.2   576.7  1037.1  2688.5  6929.6  58060.4    58012
read      299.6   169.2    74.4   138.3   154.3   274.0   338.2   371.2   395.3   423.5   459.4   517.2   744.0  2042.0  3559.4  45572.6    45398
read      303.0   195.6    74.4   134.6   150.7   269.8   337.4   373.2   398.9   429.9   469.2   537.1   902.6  2468.7  4922.7  50345.6    50177
read      297.8   139.8    80.4   145.3   162.2   281.8   337.5   365.4   384.9   406.7   436.3   485.8   678.1  1690.0  2925.0  34495.8    34504
read      317.9   295.6    80.4   129.4   144.5   260.8   334.7   377.2   409.5   451.5   506.4   605.3  1282.3  4144.7  7800.2  65965.0    66010
read      325.4   302.1    74.4   128.6   143.6   257.8   331.3   378.3   417.3   467.5   538.9   665.3  1494.3  3711.4  7657.8  73867.2    73937
read      312.6   219.1    74.4   134.5   150.2   271.9   342.0   381.1   410.2   446.1   493.3   575.5  1054.2  2751.6  7128.0  55015.4    55020
read      301.0   182.3    74.4   133.4   149.2   269.1   336.4   373.4   400.1   432.1   474.4   543.6   820.7  2301.4  4676.9  53232.0    53235
read      610.1   846.4    80.4   170.0   198.5   352.4   445.2   515.4   579.8   678.4  1286.8  2756.6  3756.7  7877.6 10420.3  97718.4    97743
read      220.0   128.5   101.3   150.5   160.9   210.8   230.3   241.4   250.0   260.5   273.6   297.3   375.4  1848.7  7141.9   5413.0     5419
read      258.0    89.0    93.8   156.0   171.1   252.4   281.6   297.4   310.5   324.5   342.2   369.5   444.9  1030.9  2007.2  14752.4    14764
read      228.4    95.9    93.8   152.8   164.0   221.7   244.0   256.5   266.3   276.5   292.2   317.4   378.8   850.6  2696.6   7451.4     7451

Total QPS = 53209.0 (15962711 / 300.0s)

Total connections = 64
Misses = 0 (0.0%)
Skipped TXs = 0 (0.0%)

RX 3942789617 bytes :   12.5 MB/s
TX          0 bytes :    0.0 MB/s
Warning! Detected max cpu usage > 95%
CPU Usage Stats (avg/min/max): 99.73%,49.75%,100.00%
