Random waveform, supplied seed
Total number of intervals = 600 (6927, 52892, 98921, 61129, 40613, 53226, 38560, 103465, 104758, 94759, 37799, 8296, 69443, 12517, 43591, 20430, 93758, 10485, 16518, 83230, 5484, 55611, 20774, 96726, 32442, 73039, 74055, 51197, 59442, 35654, 78747, 42212, 52488, 36950, 16762, 79473, 61431, 87172, 108181, 80515, 37149, 13444, 72057, 70041, 90162, 52082, 24258, 72013, 58012, 45398, 50177, 34504, 66010, 73937, 55020, 53235, 97743, 5419, 14764, 7451, 48208, 16149, 78989, 18886, 75954, 44409, 16431, 85707, 58253, 103867, 21604, 90401, 84467, 99700, 32052, 18173, 67789, 51929, 83850, 18614, 29315, 108090, 27024, 49907, 9150, 34328, 51881, 14569, 81517, 78694, 93409, 39093, 18729, 70818, 21942, 91810, 39588, 40957, 62645, 15539, 107672, 32954, 58866, 23739, 54701, 60706, 72350, 58661, 34912, 103268, 38703, 83358, 57408, 86837, 33517, 66204, 73758, 99742, 109462, 94453, 44096, 100467, 8576, 59359, 7614, 60329, 43762, 67038, 26095, 71173, 109276, 13150, 61250, 84472, 82226, 27671, 98736, 106314, 105027, 96867, 89493, 50538, 22083, 48618, 94298, 63579, 64573, 77178, 29824, 64495, 20917, 85651, 61935, 50216, 72251, 71798, 19701, 24952, 81838, 26648, 24837, 29420, 103882, 70314, 61679, 49557, 19325, 9128, 94933, 24327, 71896, 93771, 20452, 42338, 72627, 80603, 49049, 92305, 56889, 78036, 71583, 72609, 107382, 86530, 16550, 84534, 72631, 49291, 62175, 80213, 16566, 53985, 101949, 24076, 52574, 106271, 105451, 86087, 29108, 101115, 74326, 75832, 94901, 15809, 28874, 51882, 32653, 41676, 63019, 99164, 47055, 62394, 98519, 32122, 49464, 24034, 77363, 91698, 38997, 86028, 83012, 15024, 56640, 97362, 107412, 65030, 79278, 47544, 105368, 58181, 56960, 14849, 63672, 48289, 11797, 10781, 49362, 102119, 46213, 97025, 18351, 21426, 43013, 67376, 36043, 6255, 102499, 26263, 56974, 40869, 46514, 11431, 58600, 68058, 54502, 64022, 52142, 101375, 40606, 47485, 48977, 38615, 80279, 75843, 67095, 41325, 55752, 85561, 14194, 88002, 90515, 109283, 26699, 37400, 19307, 11527, 83787, 22209, 75169, 73833, 94641, 61338, 91825, 77235, 37257, 32057, 108618, 72930, 43714, 87369, 56640, 97360, 79788, 11352, 87962, 40663, 59386, 48302, 19398, 82197, 77387, 72753, 7720, 46279, 42102, 90892, 39976, 61084, 16735, 45909, 28976, 84704, 101822, 92571, 12106, 58568, 51319, 21556, 14191, 29072, 16350, 86891, 104441, 8906, 42175, 51797, 76678, 19630, 100132, 40498, 108559, 23964, 70760, 99567, 107548, 53742, 103931, 60359, 9725, 52014, 40053, 86436, 23983, 66595, 26056, 51764, 40202, 76665, 11133, 80405, 79106, 97258, 36307, 28636, 41620, 75736, 44979, 31478, 37586, 108330, 64301, 11203, 7291, 87477, 77485, 42055, 26865, 94592, 66869, 17835, 55977, 82437, 15775, 87559, 105401, 88752, 94531, 101303, 86640, 84818, 20221, 43599, 52779, 89855, 48532, 107423, 46535, 47535, 49633, 30334, 17207, 106074, 48912, 96483, 39228, 92350, 85084, 81993, 101617, 16730, 71079, 108942, 55406, 42279, 21876, 34140, 42897, 18462, 100375, 41347, 101594, 47486, 73393, 51134, 58201, 71020, 72071, 93446, 28724, 59269, 74624, 52368, 9687, 44165, 6895, 55457, 61164, 108384, 33319, 97895, 39720, 68554, 86849, 30264, 100754, 98098, 86028, 93054, 42348, 29490, 18187, 95113, 8570, 62285, 52582, 34260, 59493, 58208, 93458, 18056, 94134, 37808, 53481, 25666, 108853, 41576, 70282, 45769, 92383, 12100, 67747, 68933, 63242, 72993, 51022, 67069, 24895, 68588, 42706, 49479, 64792, 73879, 31893, 74262, 57246, 91617, 55173, 108633, 15720, 99961, 102613, 57169, 56950, 49938, 5383, 39719, 36653, 69482, 46749, 65109, 46501, 109480, 69433, 58157, 70737, 34617, 77563, 90036, 36689, 46832, 104903, 14153, 21674, 5689, 37781, 15507, 102064, 71340, 79815, 44352, 109562, 86219, 47335, 41962, 45802, 13389, 95780, 87844, 55903, 100902, 70988, 53831, 26948, 32347, 41050, 56197, 94617, 71839, 79082, 107630, 60164, 97878, 63680, 73888, 65499, 96906, 103287, 49664, 32535, 46477, 7459, 74137, 57061, 34213, 7432, 41605, 32998, 61636, 64695, 14063, 91302, 6064, 41354, 19863, 19488, 14040, 19538, 20199, 106657, 92457, 92780, 68203, 81753, 57748, 21027, 49680, 82042, 93691, 45291, 30437, 67422, 69956, 35404, 80225, 105585, 20088, 12672, 15696, 25951, 65007, 10189, 78008, 12678, 15922, 41774, 38788, 34559, 54825, 42697, 12669, 70047, 96137, 92934, 20597, 66597, 59987, 58456, 59958, 98221, 55912)
Average QPS expected = 57644
Timestamp start: 1778509976428
Timestamp end: 1778511776881

#type       avg     std     min      p5     p10     p50     p67     p75     p80     p85     p90     p95     p99    p999   p9999      QPS   target
read      244.3   158.4    93.8   158.8   173.0   230.2   252.5   266.2   275.2   289.8   310.1   344.6   474.0  2413.9  7725.3   6864.3     6927
read      325.7   223.6    80.4   130.9   146.0   277.1   364.9   414.0   449.6   491.9   546.0   636.5   875.3  2709.1  6773.4  52639.3    52892
read      296.9   277.3    74.4   128.2   142.6   238.0   293.6   332.1   361.0   397.3   454.7   624.5  1321.4  3376.9  7635.6  99084.7    98921
read      253.9    99.2    74.4   127.0   140.7   239.3   289.2   320.4   342.4   364.9   391.1   428.3   503.6   660.3  1073.5  61039.0    61129
read      258.4   110.2    80.4   135.7   150.9   252.2   291.0   314.1   331.4   350.5   372.3   404.3   470.3   715.3  2872.5  40567.7    40613
read      257.2   101.3    80.4   129.8   143.9   245.7   292.6   321.4   342.1   363.7   388.8   424.4   498.1   685.2  1925.2  53201.3    53226
read      255.8    86.9    80.4   136.3   151.4   251.0   288.1   310.2   326.8   345.3   367.6   399.7   463.7   608.2  1367.7  38467.3    38560
read      257.6   121.7    74.4   128.1   142.2   233.6   284.1   316.5   341.4   369.1   402.4   453.2   570.2  1299.1  2493.2 103211.3   103465
read      255.3   123.8    74.4   127.5   141.4   232.3   281.3   312.9   336.8   364.1   397.9   447.8   562.2  1443.1  2820.5 104758.3   104758
read      250.6   106.3    80.4   125.2   139.2   228.6   278.5   310.6   335.6   363.8   396.8   443.7   540.2   780.7  1880.3  94951.3    94759
read      256.0    91.0    74.4   136.5   151.9   251.1   287.8   309.7   326.2   344.3   366.3   398.5   467.0   639.4  1868.4  37925.3    37799
read      224.6    72.5   101.3   155.2   167.8   219.7   237.9   248.9   256.1   266.4   278.1   300.8   372.7   943.0  3818.7   8387.0     8296
read      251.1   104.7    74.4   124.7   138.8   232.9   283.2   314.9   338.6   363.1   391.8   432.3   516.8   668.8  2001.1  69032.0    69443
read      233.5   131.1    93.8   153.5   168.7   227.1   247.8   259.7   268.5   278.5   292.8   317.7   387.7   960.7  7803.3  12618.0    12517
read      257.3    93.6    80.4   134.5   149.1   250.5   290.7   315.3   333.6   353.6   376.0   409.0   474.3   613.0  2199.7  43336.0    43591
read      243.8    65.0    86.8   148.9   165.3   240.9   265.6   278.5   289.1   301.6   320.5   351.3   413.0   546.6  1376.7  20617.3    20430
read      251.2   117.1    74.4   124.4   138.3   227.7   277.3   309.3   334.5   362.6   396.1   445.7   556.9  1088.2  2931.5  93686.0    93758
read      226.8    72.8    86.8   153.8   168.2   222.3   241.0   251.7   259.9   269.5   282.8   306.7   376.0   917.1  3093.4  10529.7    10485
read      240.6    74.6    93.8   153.0   169.6   236.2   259.6   271.7   281.0   292.0   308.9   338.3   399.9   901.0  2953.0  16323.0    16518
read      253.2   117.7    80.4   125.4   139.0   230.9   282.4   315.5   341.0   368.2   400.1   444.1   538.1   851.0  3166.7  83078.0    83230
read      221.6    82.6   101.3   154.8   166.7   214.8   232.4   242.9   250.5   260.2   272.9   295.0   378.5   972.4  3905.3   5515.3     5484
read      256.5    99.6    74.4   129.6   143.7   243.5   291.1   321.3   342.8   365.0   390.9   427.3   500.9   638.3  1937.9  55519.7    55611
read      245.1    77.6    86.8   148.9   165.2   241.8   267.1   280.9   291.2   304.7   323.5   353.0   411.7   583.6  3172.7  20828.3    20774
read      248.9   113.2    80.4   124.0   137.9   226.1   275.2   307.0   331.9   360.3   393.7   441.0   544.9   880.7  2078.3  96607.7    96726
read      256.1    98.8    86.8   140.3   156.2   251.8   284.6   303.3   318.3   336.8   358.3   388.6   458.5   713.8  3795.2  32496.3    32442
read      254.4   126.0    74.4   124.7   138.5   232.8   284.5   317.8   341.9   367.8   398.2   440.5   538.1  1224.7  3562.2  72948.3    73039
read      252.9   116.2    80.4   124.7   138.5   232.4   284.2   317.3   341.6   367.6   397.4   437.5   531.7   792.3  4363.3  74030.7    74055
read      259.3    96.6    80.4   131.9   146.5   248.4   294.3   322.9   343.0   364.6   390.3   426.6   503.1   655.1  1485.1  51087.3    51197
read      256.1   115.2    80.4   128.0   141.8   240.4   289.7   319.5   341.8   365.6   393.4   431.3   513.4   752.2  2740.2  59672.0    59442
read      256.8    85.5    80.4   139.2   154.5   252.9   288.3   309.3   325.2   343.2   364.6   394.8   456.5   568.2  2424.9  35577.0    35654
read      253.9   112.1    74.4   125.5   139.1   232.3   283.9   317.0   342.3   368.9   399.9   445.5   541.8   886.9  2570.8  78870.3    78747
read      258.9    89.1    80.4   135.9   151.0   252.8   291.9   316.5   335.0   354.8   376.1   408.1   473.8   625.6  1548.5  41903.0    42212
read      257.2    96.0    74.4   130.8   145.0   246.4   292.8   321.5   341.9   363.1   388.0   423.9   493.1   594.9  1037.8  52800.0    52488
read      257.0    95.0    80.4   138.0   153.5   252.1   287.7   309.2   325.7   344.4   367.1   398.9   463.5   593.2  3228.4  36824.0    36950
read      245.2   115.1    86.8   153.2   169.9   239.6   263.3   275.2   285.8   296.4   315.4   343.1   404.3  1232.0  6703.4  16875.7    16762
read      252.3   106.0    74.4   124.9   138.6   231.2   283.0   316.0   341.0   367.3   398.0   442.4   540.4   750.6  1255.0  79336.0    79473
read      256.1   106.6    74.4   127.8   141.6   240.5   291.0   321.7   344.0   367.2   394.3   432.3   513.2   687.6  2604.6  61442.3    61431
read      254.3   134.9    74.4   125.4   139.2   230.7   282.0   314.8   339.6   367.5   400.5   448.7   548.9   980.0  4868.8  87033.0    87172
read      255.5   111.9    74.4   128.7   143.0   233.5   283.1   314.7   338.8   366.2   399.2   448.0   549.5   898.9  2725.0 108162.0   108181
read      251.0   112.6    80.4   124.0   137.8   229.7   280.8   313.0   338.0   365.5   397.0   440.5   532.8   865.2  2484.0  80603.7    80515
read      256.4    86.1    80.4   138.1   153.4   252.2   287.9   309.2   325.5   343.8   366.4   398.2   462.7   577.2  1837.5  36939.7    37149
read      234.5   105.1    86.8   154.0   169.4   229.0   249.6   261.4   269.7   279.9   293.8   318.8   387.8   964.2  5109.3  13506.3    13444
read      254.6   109.8    80.4   126.3   139.8   235.1   287.1   320.1   344.4   369.5   399.4   440.5   528.1   701.6  2792.8  72027.7    72057
read      252.4   109.9    74.4   124.6   138.5   234.0   285.2   317.2   340.9   365.7   395.4   436.3   521.0   695.4  1615.8  70089.7    70041
read      251.6   117.1    74.4   124.8   138.7   228.8   279.0   311.1   336.2   364.6   397.8   445.3   545.1   918.3  2164.7  90048.0    90162
read      256.5    95.4    80.4   130.3   144.8   246.2   291.8   319.3   339.2   361.0   386.9   423.1   493.3   625.6  1667.1  52038.3    52082
read      250.0    76.5    86.8   146.4   163.2   246.5   273.8   289.4   300.4   316.1   336.1   366.0   428.4   918.9  1938.5  24194.0    24258
read      251.9   111.6    74.4   124.8   138.6   232.3   283.6   315.3   338.9   364.0   393.6   435.4   525.0   801.1  3095.4  71890.0    72013
read      257.2    98.0    80.4   128.7   142.4   243.4   292.8   324.0   345.8   367.9   394.2   430.8   505.7   651.1  1042.0  58167.7    58012
read      259.3   103.5    80.4   133.3   148.1   250.9   293.4   319.5   338.4   358.5   382.0   417.6   489.3   687.3  3073.9  45479.3    45398
read      258.8    95.5    80.4   131.5   146.1   249.2   294.2   322.4   341.6   362.8   388.0   424.2   498.5   640.7  1384.4  50232.3    50177
read      258.0    90.6    86.8   139.5   155.1   253.7   288.2   308.7   324.3   343.1   365.8   397.8   462.2   667.8  3042.2  34495.7    34504
read      254.4   103.5    74.4   126.2   140.1   237.1   288.2   319.7   343.9   367.8   396.0   435.0   517.3   687.9  1949.3  66007.3    66010
read      254.1   131.3    74.4   124.8   138.7   232.2   284.1   316.8   341.5   367.6   398.2   440.9   537.8  1032.0  4364.7  74002.0    73937
read      258.5   111.1    80.4   130.2   144.4   245.4   293.0   323.2   344.2   366.1   392.0   428.9   504.1   679.2  2467.0  55200.3    55020
read      258.5    96.0    74.4   130.2   144.5   246.9   294.2   323.8   344.7   366.6   392.1   428.6   502.4   650.0  1040.1  53079.0    53235
read      253.4   125.2    74.4   125.9   139.8   229.2   279.1   311.4   336.3   364.4   398.1   447.2   565.0  1181.7  4107.5  97795.3    97743
read      221.2    86.8   101.3   153.1   164.9   214.2   231.9   242.3   250.0   259.3   271.9   295.2   384.9  1017.3  3083.3   5406.7     5419
read      239.8    73.0    93.8   155.3   171.8   235.1   256.9   269.4   278.3   290.3   306.5   335.4   396.4   904.0  3122.5  14579.7    14764
read      228.5   106.0   101.3   157.8   170.8   221.9   239.3   250.1   257.7   267.6   279.5   302.1   378.2  1371.3  4054.3   7430.0     7451
read      258.1    93.3    80.4   133.0   147.7   249.5   293.0   319.7   339.4   360.2   384.1   418.7   486.2   608.9  1454.9  47934.7    48208
read      241.9    99.0    86.8   153.7   170.4   236.8   260.0   272.0   281.6   292.7   310.1   339.5   402.4   932.4  6131.6  16066.7    16149
read      250.1   102.3    74.4   124.1   138.1   229.9   280.8   312.8   337.4   364.0   395.5   438.6   525.4   702.6  1219.3  79090.3    78989
read      245.4    99.0    86.8   152.3   169.6   240.7   265.1   278.0   288.5   300.4   318.8   346.6   406.1   882.6  3475.9  18968.0    18886
read      254.2   139.5    74.4   124.6   138.4   232.0   283.6   315.7   340.4   367.6   399.1   444.6   534.7  1080.9  5260.6  75850.0    75954
read      260.3    98.3    74.4   134.8   150.0   252.4   294.2   320.3   338.9   359.4   383.5   418.3   486.1   635.2  3061.4  44263.0    44409
read      241.7    78.3    93.8   153.5   170.5   237.5   261.0   272.9   282.7   293.7   311.5   340.4   401.3   886.3  3798.0  16357.7    16431
read      254.2   126.4    80.4   125.0   138.8   230.4   281.4   314.6   340.2   368.3   401.0   448.5   554.2  1347.7  3426.8  85627.7    85707
read      257.5   100.8    80.4   129.0   143.0   243.0   292.6   324.0   345.3   368.0   395.0   433.0   508.6   659.1  1292.8  58195.0    58253
read      256.0   118.8    74.4   127.7   141.7   232.2   282.2   314.6   339.2   367.2   400.8   451.3   568.9  1278.8  2518.5 104127.0   103867
read      251.3    96.5    86.8   150.4   167.9   246.6   272.1   287.0   297.0   312.9   333.1   364.1   429.5   952.0  3717.4  21687.7    21604
read      256.3   122.3    74.4   126.6   140.3   232.7   283.9   317.6   343.1   371.2   404.7   454.5   558.2  1054.5  2462.1  90303.3    90401
read      251.9   111.2    74.4   124.4   138.2   229.5   280.7   314.0   339.5   367.9   400.2   447.3   543.0   818.1  2418.8  84713.0    84467
read      257.8   125.3    80.4   128.2   142.2   234.1   284.8   317.4   342.6   370.3   402.8   453.2   569.8  1142.9  3946.4  99686.0    99700
read      255.9    82.9    86.8   141.7   157.8   253.2   285.4   303.9   318.5   336.0   357.0   387.8   449.3   640.7  1907.1  31933.3    32052
read      246.2    78.2    93.8   153.3   170.7   242.8   267.0   280.0   289.8   301.7   320.3   349.6   405.4   567.7  2688.0  18015.7    18173
read      256.0   113.0    80.4   127.0   140.6   237.1   288.8   321.6   345.2   369.8   398.5   439.1   525.4   738.9  2808.8  67732.7    67789
read      258.2    99.6    80.4   130.8   145.5   247.4   293.7   322.5   342.8   363.9   388.2   422.8   495.3   634.6  2104.8  51653.3    51929
read      250.5   113.8    74.4   123.8   137.6   228.7   280.2   312.8   337.5   364.9   397.2   442.8   537.3   743.7  1939.3  83908.7    83850
read      244.2    89.0    86.8   152.2   169.0   240.2   264.4   276.7   287.3   298.3   317.6   346.6   405.8   883.8  3889.9  18674.7    18614
read      257.5    97.9    86.8   144.3   160.5   253.5   284.3   301.9   317.0   335.0   356.3   386.1   448.9   937.2  3509.8  29318.3    29315
read      252.6   132.0    74.4   125.5   139.6   228.3   276.6   308.0   332.1   360.1   394.4   444.5   569.3  1497.8  3373.0 107911.3   108090
read      255.8   102.5    74.4   145.7   162.6   252.2   281.6   298.1   313.0   329.8   349.8   381.0   439.4   577.3  2534.8  27210.7    27024
read      261.4   125.1    80.4   132.2   147.1   250.7   296.3   325.0   344.1   365.3   390.3   425.9   500.1   666.2  5691.7  49896.7    49907
read      229.4    89.7   101.3   157.8   171.3   223.8   242.6   253.3   261.8   271.0   284.6   307.9   370.2   996.4  3894.9   9191.3     9150
read      258.5    92.0    80.4   140.6   156.4   254.5   288.6   308.9   324.7   343.5   365.9   396.9   459.5   600.6  2534.8  34352.3    34328
read      259.6    98.2    80.4   131.3   145.9   248.5   295.4   325.0   345.1   367.0   392.4   427.6   499.5   641.1  1174.1  51558.7    51881
read      239.4    72.7    93.8   155.5   171.7   234.3   256.0   268.6   277.2   289.6   306.1   334.9   398.2   929.7  2475.7  14571.3    14569
read      252.4   109.2    74.4   125.2   138.9   231.0   282.4   316.1   341.2   368.0   399.6   444.6   537.3   767.5  1924.9  81501.7    81517
read      253.0   127.8    74.4   124.7   138.6   230.5   281.8   314.7   339.7   367.2   399.4   443.8   533.2   871.2  4450.4  78614.7    78694
read      250.8   112.9    80.4   124.7   138.6   227.6   277.4   309.6   334.8   363.3   397.1   446.2   550.3   954.3  2036.8  93340.0    93409
read      260.1    96.2    80.4   137.5   152.9   255.0   292.7   317.0   334.3   352.7   373.2   403.6   471.1   634.8  2313.2  39037.3    39093
read      245.8    73.0    86.8   152.8   169.8   242.3   266.9   280.4   290.5   303.1   321.0   349.8   407.1   543.0  2281.7  18676.3    18729
read      255.1   113.4    74.4   126.4   140.3   235.1   286.9   320.1   344.6   370.4   399.8   441.9   534.0   740.1  3135.7  70694.0    70818
read      252.4   103.8    86.8   151.5   168.3   247.1   273.0   288.5   299.4   315.7   336.3   365.6   430.9   955.3  3527.7  22008.7    21942
read      252.1   115.7    74.4   124.9   139.0   228.9   278.4   310.9   336.3   364.6   398.3   447.7   550.1  1095.6  2331.2  91733.7    91810
read      260.3   104.6    80.4   139.4   154.8   253.7   291.8   315.3   332.7   351.8   373.3   404.4   471.1   635.6  2529.7  39660.7    39588
read      262.5    98.4    80.4   139.5   155.3   255.7   294.6   319.8   337.4   356.6   378.6   410.7   476.1   630.6  2316.7  41143.3    40957
read      254.8   110.5    74.4   126.6   140.5   238.5   288.7   320.4   343.2   366.4   394.3   432.5   507.5   672.7  2869.6  62593.7    62645
read      237.3    67.4    86.8   153.3   169.5   233.7   255.4   267.7   275.4   287.5   301.8   330.1   390.4   917.3  2013.4  15406.7    15539
read      249.4   137.8    74.4   124.5   138.6   225.4   272.5   302.3   326.3   354.4   388.0   436.6   548.6  1530.7  4027.0 107653.7   107672
read      253.5    84.6    86.8   139.3   155.2   250.1   283.1   301.9   317.4   335.0   355.5   385.5   451.0   568.1  1288.8  32995.0    32954
read      252.2    97.8    74.4   126.8   140.6   239.1   287.0   315.8   336.6   358.9   385.0   423.9   501.4   631.9  1541.2  58773.3    58866
read      250.9    88.0    86.8   147.0   164.0   247.8   274.5   290.3   301.9   317.3   337.8   367.2   429.3   556.5  3061.7  23788.7    23739
read      254.3   120.5    80.4   128.2   142.1   241.2   288.1   316.8   337.8   359.5   384.0   420.0   494.1   649.6  5340.0  54858.0    54701
read      253.9   111.7    80.4   125.4   139.2   238.0   287.7   317.9   340.1   364.2   391.9   430.5   510.4   792.2  2635.2  60984.3    60706
read      250.8   106.2    74.4   123.5   137.2   231.2   282.5   314.6   339.3   365.2   395.0   436.2   527.2   735.3  1809.4  72462.7    72350
read      253.8   107.6    74.4   126.9   140.9   239.4   287.1   316.4   337.8   360.4   386.7   425.2   504.1   845.3  2503.6  58661.7    58661
read      257.6    91.0    74.4   139.0   155.0   253.5   288.7   309.7   325.5   344.1   366.1   397.5   461.3   575.7  1338.5  34881.0    34912
read      243.5   103.9    80.4   123.0   136.7   221.9   269.6   298.5   322.2   350.0   384.2   431.4   526.8   834.4  1637.5 103080.3   103268
read      259.8   105.7    80.4   137.6   153.0   253.6   291.4   314.9   332.1   350.7   372.4   403.9   470.0   694.1  3465.5  38620.0    38703
read      246.9   112.0    74.4   122.1   135.6   225.5   275.7   307.2   332.0   359.7   391.9   435.8   529.5   731.2  2292.2  83165.7    83358
read      252.9    97.4    74.4   127.7   141.5   240.1   287.9   317.0   338.0   360.3   386.2   423.0   495.9   617.8   972.0  57477.0    57408
read      250.0   126.8    74.4   123.1   136.9   226.9   277.4   309.8   334.9   362.4   394.7   440.6   545.1  1018.3  3749.4  86780.3    86837
read      255.7    85.7    80.4   139.9   155.7   252.1   285.7   305.3   320.4   338.6   359.9   390.3   455.7   594.2  2196.5  33535.3    33517
read      253.6   121.2    74.4   124.8   138.9   234.8   286.5   318.7   341.8   366.3   394.8   434.7   516.4   724.7  4259.0  66165.3    66204
read      253.7   127.8    80.4   124.4   138.4   233.0   285.0   318.7   342.6   369.1   399.2   441.3   532.1   744.1  2926.2  73335.7    73758
read      248.9   108.4    74.4   124.3   138.4   226.9   275.2   306.5   331.1   359.1   393.1   441.3   541.5   874.3  2022.3  99734.3    99742
read      248.2   115.0    74.4   124.6   138.8   225.9   273.3   303.8   327.7   355.4   389.6   438.8   547.4   908.7  3029.4 109758.3   109462
read      251.3   113.7    74.4   124.1   138.3   228.7   279.1   311.9   337.2   365.5   398.1   446.5   551.9   836.1  1608.1  94641.7    94453
read      256.6   101.7    80.4   130.5   145.3   245.1   288.5   315.7   335.8   358.4   385.5   423.9   503.5   730.8  2395.2  43935.7    44096
read      262.4   128.1    74.4   128.8   143.3   237.7   289.4   323.1   348.0   375.5   410.8   464.4   595.6  1382.8  2548.4 100347.3   100467
read      224.8    82.5    93.8   154.8   168.0   219.3   237.5   248.6   255.7   266.2   277.8   299.3   372.2   948.5  3091.7   8623.0     8576
read      252.7   101.4    80.4   126.7   140.5   238.7   287.4   316.6   337.9   360.6   386.9   425.1   503.7   637.2  1970.5  59191.3    59359
read      228.3   150.7   101.3   156.5   169.3   219.9   237.3   248.2   255.1   266.0   278.4   301.6   379.2  1282.4  7366.8   7678.7     7614
read      255.3   115.2    74.4   127.0   140.8   238.8   288.4   319.5   341.3   364.3   391.6   430.8   516.2   763.8  3520.0  60193.7    60329
read      257.2    90.0    74.4   133.7   148.9   250.1   290.6   315.5   334.1   354.3   377.0   410.9   481.0   619.6  1475.7  43734.0    43762
read      252.7   105.9    74.4   124.8   138.8   234.6   285.9   317.1   340.2   364.7   394.1   434.2   521.5   787.4  1967.3  66898.3    67038
read      253.4    92.5    86.8   145.5   162.6   249.6   277.5   293.6   307.3   323.9   345.0   375.1   439.6   655.5  3276.0  26102.0    26095
read      249.7   101.0    74.4   123.8   137.6   231.5   282.4   313.8   337.3   362.5   392.0   433.1   515.0   684.8  1006.4  71102.0    71173
read      249.3   121.5    74.4   124.9   139.0   225.4   272.9   303.3   327.4   355.4   390.3   441.1   559.5  1265.6  2717.9 109102.7   109276
read      230.8    69.0    86.8   152.4   167.6   226.5   246.5   257.4   266.3   275.2   291.2   318.9   390.2   911.1  2001.5  13121.0    13150
read      253.1    97.6    74.4   126.5   140.3   237.9   287.7   318.5   340.8   364.0   391.1   430.0   506.6   631.7   871.3  61276.7    61250
read      249.4   117.0    74.4   122.8   136.5   226.9   277.5   310.2   334.9   362.0   394.8   441.4   542.3   905.5  3097.2  84608.7    84472
read      250.8   117.1    74.4   123.6   137.4   228.0   278.8   312.1   337.0   364.8   397.4   443.6   544.6   914.8  2698.3  82034.7    82226
read      253.7    91.9    80.4   144.4   161.0   249.8   279.4   295.8   310.4   327.1   346.6   376.9   434.8   632.5  2543.7  27605.7    27671
read      252.0   114.8    74.4   125.6   139.5   228.8   277.6   310.1   335.3   363.3   396.6   446.3   552.4  1138.5  2427.2  98634.3    98736
read      253.8   126.3    74.4   126.4   140.5   230.2   279.3   311.5   335.7   363.1   396.6   447.6   562.7  1117.9  3933.5 106510.0   106314
read      243.5   119.9    74.4   122.5   135.9   220.7   268.5   297.2   321.4   349.0   382.0   430.3   537.5   980.0  2979.2 104957.7   105027
read      254.9   117.6    74.4   126.4   140.1   230.8   281.6   315.5   340.8   368.6   401.9   452.7   561.4  1119.2  2481.7  96943.7    96867
read      250.8   119.3    80.4   123.4   137.3   227.4   277.4   310.3   335.9   364.6   398.0   446.0   547.2  1018.1  2516.6  89484.0    89493
read      258.3   118.3    80.4   130.0   144.6   246.7   291.5   318.9   338.4   359.5   384.5   422.0   504.2   899.6  3873.8  50601.0    50538
read      246.4    79.8    86.8   147.6   164.7   243.1   269.1   283.5   293.7   308.7   328.5   357.9   420.1   552.5  1221.9  22162.3    22083
read      257.2    99.3    80.4   131.3   145.9   248.1   290.8   317.0   336.4   357.6   382.3   419.8   494.3   666.2  2442.8  48628.0    48618
read      250.6   134.5    74.4   123.0   137.0   226.2   275.6   307.8   332.9   360.9   394.8   444.8   562.7  1307.9  3352.7  94460.0    94298
read      255.4   124.5    74.4   126.5   140.6   237.3   287.9   318.9   342.2   366.3   394.3   434.7   520.3   796.3  3489.1  63628.0    63579
read      255.1   120.3    74.4   126.0   139.8   236.7   287.8   319.1   342.1   365.8   394.4   434.6   525.4   869.8  3702.7  64457.7    64573
read      251.1   110.8    74.4   123.6   137.5   229.4   281.2   314.3   339.7   366.0   396.8   441.9   539.1   853.9  2480.0  77525.0    77178
read      257.1    77.9    86.8   143.0   159.6   254.1   285.5   304.3   319.5   337.2   358.2   388.5   456.5   594.8  1335.8  29942.0    29824
read      255.5   100.8    80.4   127.1   140.8   238.4   290.3   323.3   346.5   369.7   397.2   435.5   513.3   678.8  1097.7  64573.0    64495
read      249.4    84.9    86.8   149.6   166.8   244.7   270.5   285.5   295.9   311.8   332.2   362.9   423.6   961.3  2370.8  20927.0    20917
read      248.5   112.2    74.4   122.6   136.3   226.1   275.5   308.2   333.4   361.3   394.4   439.5   542.1   885.5  2275.3  85709.7    85651
read      254.1    99.3    74.4   126.4   140.5   238.6   289.0   320.7   343.0   366.0   393.2   431.5   505.5   619.4  1370.8  62003.0    61935
read      259.5   102.9    80.4   131.1   145.7   248.9   294.9   324.8   344.5   365.3   389.7   424.5   495.5   668.0  2479.0  50072.0    50216
read      252.0   108.1    74.4   123.9   137.9   232.0   283.6   316.5   341.0   366.5   396.5   437.1   529.0   748.4  1935.3  72302.0    72251
read      251.7   112.6    74.4   123.6   137.4   231.7   283.3   316.3   340.9   366.1   394.8   435.0   525.2   735.9  2668.9  71625.0    71798
read      247.2    75.7    86.8   150.4   167.9   243.9   268.8   282.5   292.5   306.5   325.5   353.6   412.0   846.8  3079.4  19713.0    19701
read      249.9    83.5    86.8   144.9   161.7   246.8   274.6   290.6   302.7   319.1   339.1   367.1   428.0   549.1  1816.5  24970.3    24952
read      253.2   124.7    74.4   124.3   138.3   230.3   282.1   315.4   340.1   366.9   398.9   445.0   543.5  1031.7  3221.5  81934.3    81838
read      253.2    74.3    86.8   146.3   162.9   250.5   279.1   295.1   309.1   325.3   345.6   373.2   432.9   543.9  1099.8  26717.0    26648
read      253.7    82.4    86.8   147.8   165.2   249.8   277.6   293.7   307.2   323.2   343.1   371.4   431.5   894.3  2449.5  24827.3    24837
read      264.5   176.5    86.8   144.0   161.2   253.6   286.0   305.3   320.8   339.5   363.0   398.3   506.9  1704.1  8423.8  29380.0    29420
read      255.4   112.9    74.4   127.9   142.0   233.3   283.5   315.6   339.4   366.9   400.3   450.4   551.0   827.2  2736.2 103967.0   103882
read      256.3   115.7    74.4   126.1   140.1   236.3   288.4   322.7   346.1   371.0   401.2   444.6   540.2   809.9  1812.5  70344.7    70314
read      256.1   106.5    74.4   127.5   141.4   240.3   290.3   322.4   344.5   368.4   395.7   433.0   508.8   697.3  2518.7  61652.7    61679
read      260.2   126.5    74.4   131.8   146.9   249.5   294.9   323.5   342.6   363.2   387.3   422.3   497.1   638.3  6997.3  49539.3    49557
read      243.9    86.9    80.4   151.2   168.1   239.9   263.6   275.3   286.2   297.1   317.1   345.8   407.0   905.3  3065.5  19280.3    19325
read      222.8    61.7    86.8   153.6   166.5   218.6   236.6   247.6   254.6   265.1   276.3   297.1   362.1   921.1  2140.1   9107.0     9128
read      252.4   114.0    74.4   125.2   139.0   229.6   280.3   313.3   338.4   365.8   398.3   446.5   551.2   915.2  1730.4  94906.7    94933
read      245.8    68.5    86.8   145.7   162.6   243.1   269.8   284.5   294.8   310.1   329.7   358.9   415.1   612.6  1307.5  24338.0    24327
read      252.7   113.9    74.4   124.4   138.1   232.5   284.7   317.5   341.4   366.5   395.7   436.2   529.3   825.2  3305.2  72104.0    71896
read      251.5   127.2    68.9   122.8   136.8   227.3   277.4   310.7   336.2   364.1   397.6   448.1   572.8  1097.3  3299.4  93806.7    93771
read      238.7    65.6    86.8   147.1   163.6   235.7   260.0   272.8   283.1   294.3   312.7   341.2   399.7   543.7  1013.7  20329.0    20452
read      259.5    96.8    80.4   135.8   150.9   253.1   292.8   317.9   335.8   355.2   377.1   410.2   477.8   621.5  2016.4  42253.7    42338
read      253.5   114.5    74.4   124.3   138.1   233.5   285.4   318.2   342.4   368.1   397.5   438.0   528.0   871.9  3781.2  72469.3    72627
read      250.2   117.6    80.4   122.7   136.7   228.0   279.3   311.8   336.4   363.0   395.7   442.7   540.2   844.2  3367.9  80583.0    80603
read      259.1   108.8    74.4   131.0   145.9   249.2   294.1   322.1   341.9   362.9   387.2   422.5   493.3   622.5  3668.2  49097.3    49049
read      247.0   109.9    74.4   122.2   135.9   224.5   274.3   306.1   331.5   359.2   391.9   437.8   545.7   836.1  2064.4  92153.7    92305
read      256.1   106.8    74.4   126.6   141.0   242.9   291.4   321.4   342.8   365.2   391.6   429.4   505.9   662.8  1957.1  57045.0    56889
read      247.2   104.5    74.4   121.8   135.5   227.7   278.9   310.3   334.4   360.7   390.7   432.6   516.8   647.3  1090.9  77841.3    78036
read      254.1   131.9    74.4   123.2   137.5   233.5   285.4   317.6   342.2   367.8   397.4   440.0   533.2   852.2  4649.0  71383.0    71583
read      251.8   103.4    74.4   123.1   137.3   233.0   283.8   316.0   340.4   366.5   396.8   439.3   528.5   691.0  1632.0  72783.7    72609
read      256.8   109.6    74.4   127.8   142.4   235.4   285.0   316.7   340.6   367.7   400.6   451.2   560.5   911.1  1642.4 107421.7   107382
read      251.1   105.6    74.4   122.4   136.7   230.3   281.2   313.0   337.7   365.3   397.7   445.3   544.8   795.4  1292.4  86563.7    86530
read      249.5   101.9    80.4   154.1   172.2   242.5   268.0   282.6   293.3   308.6   329.2   360.7   430.6   935.0  3788.1  16466.3    16550
read      252.0   117.7    74.4   121.9   136.0   230.6   280.4   312.1   336.9   364.6   397.8   448.0   553.3   991.6  2759.8  84403.7    84534
read      253.0   118.4    74.4   122.7   137.1   234.3   285.2   316.9   340.2   365.9   396.1   437.1   526.7   743.3  4079.1  72799.3    72631
read      260.0    97.1    80.4   130.1   145.2   250.4   295.4   323.9   342.9   364.0   389.3   426.1   500.6   633.6  1245.5  49331.0    49291
read      253.3   110.3    80.4   124.2   138.4   238.2   287.1   317.6   339.8   363.2   390.7   431.3   508.9   670.2  2792.7  62359.3    62175
read      250.2   104.0    74.4   122.5   136.5   230.9   281.3   313.1   336.7   362.6   393.7   439.3   534.8   688.3  1637.9  80158.7    80213
read      246.8   101.4    86.8   153.6   171.6   241.2   265.8   279.0   289.9   303.2   321.9   351.8   423.4   938.2  2374.4  16718.3    16566
read      258.5   101.3    80.4   128.4   143.3   247.2   293.0   321.6   341.8   363.8   390.3   429.1   510.3   686.2  1834.7  53668.7    53985
read      252.6   107.4    80.4   125.2   139.7   231.3   280.7   312.4   336.4   363.7   396.8   446.5   548.3   833.4  1668.1 101512.0   101949
read      256.7    80.7    86.8   148.3   166.2   251.3   280.1   295.9   310.6   327.9   349.6   384.6   463.8   741.1  1695.2  23949.3    24076
read      259.5   118.8    74.4   128.9   143.8   247.8   293.1   321.6   341.6   363.5   390.2   429.9   517.7   739.0  3244.9  52679.3    52574
read      255.8   128.6    74.4   126.1   140.6   232.6   282.2   313.1   337.0   364.6   399.2   451.6   575.1  1119.6  3421.3 106513.3   106271
read      253.5   110.9    80.4   126.4   140.9   231.9   280.7   311.5   335.2   362.6   396.3   446.6   554.5   917.9  2166.8 105494.0   105451
read      255.9   114.1    80.4   125.4   140.1   233.9   284.9   317.6   342.5   369.8   403.0   452.1   560.3   861.1  1991.0  85767.3    86087
read      263.9    86.0    80.4   148.9   166.8   258.2   290.4   310.6   325.9   343.6   365.6   396.9   468.8   693.1  2279.9  29074.3    29108
read      253.7   132.7    74.4   126.1   140.7   232.1   280.8   312.4   336.7   364.1   397.4   447.1   548.9   819.4  1880.5 100655.0   101115
read      256.1   111.5    74.4   124.8   139.8   236.0   287.4   320.3   344.3   369.9   400.2   446.2   547.8   865.6  2136.3  74110.0    74326
read      254.9   110.8    74.4   124.6   139.0   235.3   286.6   319.0   342.7   368.5   398.8   444.2   542.7   808.4  1779.7  75501.0    75832
read      249.0   104.1    74.4   123.6   137.7   228.5   277.1   308.3   332.5   359.7   392.8   439.9   538.7   752.8  1329.4  95128.7    94901
read      245.6   107.8    93.8   154.3   171.5   238.4   262.6   274.9   285.8   297.0   318.1   349.7   415.1  1010.1  4246.6  15920.3    15809
read      255.8   113.7    86.8   141.8   159.7   250.1   280.8   297.8   313.6   331.5   352.9   383.4   450.3   887.3  4892.3  28743.7    28874
read      259.6   103.1    80.4   128.8   143.8   248.3   294.6   324.3   344.3   365.8   391.7   429.2   508.6   692.8  1959.1  51913.0    51882
read      257.5    95.8    80.4   138.9   155.7   253.1   287.0   307.5   323.1   341.2   362.6   392.8   457.5   617.4  3685.9  32687.3    32653
read      258.6    92.2    80.4   132.8   148.9   252.3   291.5   316.2   334.2   353.8   377.0   412.1   484.2   645.3  1462.0  41937.7    41676
read      255.5   103.0    74.4   125.0   139.6   240.4   290.1   321.4   343.3   366.5   394.6   433.7   512.6   685.2  1866.7  63220.0    63019
read      248.7   114.5    74.4   122.5   136.7   227.4   276.0   307.0   331.5   359.0   392.0   439.2   542.8   833.0  2161.3  99026.3    99164
read      260.1   114.1    80.4   130.5   146.1   250.7   293.8   320.9   340.1   360.9   385.5   422.0   499.3   679.9  2609.3  47174.0    47055
read      254.9   103.6    74.4   125.0   139.6   240.0   288.9   318.8   340.8   364.8   393.5   433.6   519.0   669.9  1504.7  62278.3    62394
read      253.8   108.1    80.4   125.0   139.4   232.6   282.3   313.9   337.9   365.6   399.4   449.7   555.8   830.1  1461.8  98482.0    98519
read      255.5    81.4    80.4   139.1   156.1   251.7   284.8   303.8   319.2   337.4   359.3   391.5   458.0   570.7  1215.2  32396.7    32122
read      258.3   102.8    80.4   129.7   145.0   248.7   292.2   319.3   338.4   359.0   383.3   420.5   502.2   708.4  3277.6  49414.0    49464
read      250.5    91.2    80.4   145.0   163.1   245.4   272.2   288.3   300.0   317.0   338.2   368.6   439.4   965.6  2972.5  23942.0    24034
read      256.9   122.2    74.4   123.2   137.8   236.5   287.6   320.1   343.6   368.7   399.9   450.0   571.5   986.0  3387.1  77390.3    77363
read      259.8   134.5    74.4   125.9   140.5   236.1   288.0   321.4   345.6   372.6   406.0   459.5   599.0   971.3  4937.3  91866.3    91698
read      263.4    99.9    74.4   136.0   152.6   257.1   295.6   320.2   337.7   356.7   378.8   413.8   498.5   677.5  3149.7  38962.0    38997
read      254.5   112.8    74.4   123.9   138.2   233.6   285.5   318.6   342.5   368.1   399.9   449.3   560.8   788.7  1656.4  85925.3    86028
read      257.5   123.5    74.4   123.2   137.8   234.8   287.2   320.9   344.6   370.7   402.9   455.5   591.1  1221.3  2521.7  83137.3    83012
read      247.1   102.8    86.8   155.6   173.4   241.1   264.5   276.8   287.4   298.5   319.0   350.5   424.9   948.2  4345.2  14932.3    15024
read      260.3   104.2    80.4   128.7   143.3   248.6   296.4   326.6   346.7   368.3   394.2   431.3   509.7   680.5  2493.7  56430.3    56640
read      256.3   124.1    80.4   125.8   140.3   233.2   284.2   316.6   341.1   368.6   401.9   452.9   572.0  1046.8  3406.1  97453.3    97362
read      257.7   121.0    74.4   128.3   142.8   234.7   284.7   316.2   340.1   367.7   401.8   454.0   579.9  1020.3  3516.2 107566.7   107412
read      259.7   106.3    80.4   126.5   141.0   242.9   293.6   326.0   348.3   372.0   401.8   446.3   544.2   803.4  1647.1  64759.3    65030
read      254.6   107.9    74.4   124.4   138.7   234.3   286.0   319.4   343.4   369.3   400.4   446.6   546.7   754.3  2008.6  79160.3    79278
read      264.5   139.4    80.4   131.8   147.8   254.6   298.3   326.6   345.4   366.1   391.3   428.2   505.4   649.1  7723.5  47576.3    47544
read      270.9   159.5    74.4   130.5   146.0   244.1   296.1   329.6   353.5   381.6   418.3   473.9   665.0  1736.7  4502.0 105401.0   105368
read      259.8   101.9    74.4   127.6   142.1   247.0   295.6   327.4   348.0   370.1   396.9   435.0   526.3   670.8  1651.7  58204.7    58181
read      260.2   114.8    74.4   128.0   142.9   247.0   294.0   323.7   345.2   367.3   394.1   433.3   528.4   739.3  3434.3  56862.3    56960
read      247.1    74.0    93.8   157.0   174.4   241.2   265.1   277.5   288.3   300.5   320.8   355.2   429.5   920.9  2014.5  14814.3    14849
read      254.0   102.5    80.4   124.8   139.2   239.5   288.2   317.8   339.6   363.2   391.3   432.2   517.3   686.9  1644.2  63668.7    63672
read      258.9   101.8    74.4   130.3   145.8   250.2   293.0   319.3   338.4   359.2   383.8   421.1   500.5   654.2  3294.7  48388.0    48289
read      243.9    87.8    93.8   159.8   176.1   236.3   259.3   272.0   282.1   293.9   312.9   343.8   416.7   963.4  3554.2  11819.0    11797
read      241.8    76.1    93.8   159.9   175.7   235.1   256.8   269.1   277.7   290.0   307.9   341.3   421.6   948.6  2424.0  10793.0    10781
read      259.2   104.0    80.4   129.9   145.1   249.7   293.2   319.8   339.0   360.1   385.6   424.3   506.4   700.2  3577.8  49178.0    49362
read      258.6   136.5    80.4   126.7   141.3   234.4   285.2   317.8   342.1   369.5   403.1   455.4   583.8  1330.8  3665.7 102047.3   102119
read      264.1    96.6    80.4   132.6   148.8   255.3   299.0   327.3   346.3   366.7   391.8   429.1   509.6   682.8  1562.1  46096.0    46213
read      254.5   111.5    80.4   125.6   140.0   233.0   282.9   315.0   338.4   365.3   398.7   448.9   564.7   895.2  2071.4  96975.0    97025
read      251.3    80.4    86.8   153.7   172.0   245.2   270.0   284.7   295.2   311.4   332.7   365.8   445.0   887.7  2850.4  18318.3    18351
read      257.0    83.7    86.8   150.9   170.0   252.3   279.0   294.5   307.9   323.7   344.2   374.3   457.3   731.5  3062.1  21401.3    21426
read      263.6   121.7    80.4   133.2   149.6   255.8   296.1   321.8   339.9   359.9   384.3   422.4   512.2   737.2  2716.1  42913.7    43013
read      257.8   116.3    80.4   125.4   139.7   240.4   291.7   323.5   346.0   370.2   399.5   443.0   542.0   738.9  2372.1  67148.3    67376
read      264.7   120.8    74.4   138.0   154.8   258.4   295.5   319.1   336.0   354.8   376.6   411.5   489.6   711.0  3255.3  36071.3    36043
read      236.8   115.0    93.8   160.0   173.1   226.4   247.2   259.2   268.5   279.6   295.3   327.1   432.0  1895.0  4800.8   6213.0     6255
read      260.9   131.4    80.4   128.0   142.6   238.0   289.2   321.0   344.0   370.3   403.6   458.6   609.9  1047.6  3177.3 102291.0   102499
read      255.9   107.2    86.8   143.5   162.1   249.5   277.2   294.5   309.3   326.9   348.3   383.8   481.5   907.4  4617.3  26247.0    26263
read      265.1   113.6    80.4   127.9   143.1   250.4   298.6   329.7   349.8   372.1   401.3   449.9   588.2   916.1  2197.9  57010.7    56974
read      260.9    90.7    80.4   134.4   150.5   254.8   293.0   317.5   334.8   353.8   376.8   415.3   502.8   696.0  1117.2  40800.0    40869
read      267.2   108.9    80.4   132.8   148.9   256.9   300.7   328.5   346.3   366.7   393.3   435.5   549.6   916.0  2458.7  46478.3    46514
read      241.5    95.5    93.8   157.7   173.9   232.1   253.8   266.7   274.9   288.8   308.3   344.7   461.5   965.1  4320.9  11564.7    11431
read      266.9   113.9    80.4   130.4   145.3   250.9   301.8   333.1   353.2   374.8   403.8   453.5   593.5   873.2  2153.6  58554.7    58600
read      260.7   120.9    74.4   126.4   140.8   241.9   293.5   326.6   347.6   371.0   400.4   450.0   591.7   877.2  3299.2  68028.3    68058
read      263.9   117.6    80.4   130.9   145.7   251.2   299.8   330.3   349.4   370.3   396.7   435.1   541.5   800.6  3095.1  54301.0    54502
read      259.6   124.6    74.4   126.7   140.7   241.5   292.0   324.1   345.3   368.3   396.4   439.7   557.1  1515.6  3004.7  64177.3    64022
read      262.3   108.5    74.4   131.5   146.2   251.4   297.5   326.7   345.5   366.2   391.7   429.7   523.0   774.2  3333.2  52031.0    52142
read      257.3   136.9    80.4   126.5   140.9   232.4   283.7   316.6   340.9   368.6   402.7   457.5   607.4  1069.4  2752.6 101156.7   101375
read      271.8   107.8    74.4   139.8   156.1   261.1   303.8   330.4   347.4   366.9   392.1   434.3   564.7   926.3  3374.3  40510.3    40606
read      265.6   102.7    80.4   134.3   150.0   256.5   301.4   329.4   347.2   366.7   391.1   429.8   522.4   734.2  2017.7  47510.0    47485
read      266.9   108.6    80.4   133.9   149.3   255.4   301.9   331.3   350.0   370.0   395.9   435.0   543.9   853.6  1968.7  49035.3    48977
read      263.5    99.9    80.4   138.1   153.9   257.3   294.7   318.3   335.5   354.3   375.8   412.8   508.7   730.2  3817.2  38636.0    38615
read      257.6   114.4    80.4   125.5   139.5   235.9   289.2   323.4   347.3   372.8   403.5   452.8   571.7   866.9  1616.6  80098.7    80279
read      260.7   116.0    80.4   126.7   140.5   239.6   292.7   327.7   351.0   376.5   407.8   457.1   583.7   927.8  1889.0  75991.7    75843
read      258.5   108.4    74.4   126.7   140.5   241.0   293.0   326.5   348.7   371.9   400.6   444.1   543.5   779.1  2230.8  67057.7    67095
read      264.1   122.1    74.4   137.1   152.5   256.5   295.8   320.4   337.5   356.4   378.7   414.8   505.6   858.7  4000.1  41406.7    41325
read      260.6   102.9    80.4   130.3   144.7   248.4   296.1   327.0   346.2   367.3   393.2   431.6   523.7   753.4  1905.3  55721.0    55752
read      256.2   111.6    74.4   126.1   139.9   233.9   286.8   321.2   345.3   371.2   402.5   451.2   570.6   863.0  2101.5  85490.3    85561
read      241.8   122.9    86.8   155.2   171.9   233.7   254.8   267.6   275.9   288.9   306.2   339.2   436.0   997.8  6307.0  14294.7    14194
read      257.8   110.1    74.4   126.9   141.0   235.4   289.1   323.5   347.0   372.8   404.1   454.0   577.6   840.6  1348.2  88128.7    88002
read      261.6   134.5    74.4   127.6   141.4   236.2   290.9   326.2   350.6   377.5   410.9   461.7   599.7  1091.3  3729.3  90555.0    90515
read      261.8   121.7    74.4   129.7   144.4   237.7   289.6   322.4   346.0   373.3   407.8   461.5   605.8  1076.7  2736.0 109098.3   109283
read      253.6    74.8    86.8   145.0   162.2   251.2   278.8   294.4   307.9   323.5   343.5   373.9   449.2   638.0  1934.2  26799.0    26699
read      258.1    89.5    86.8   138.3   153.7   254.0   288.9   310.2   326.1   343.5   365.7   398.8   471.9   665.3  2026.5  37579.0    37400
read      245.3    74.1    86.8   150.9   168.2   241.2   264.5   276.3   287.6   300.1   319.9   351.3   431.7   893.2  2007.2  19284.0    19307
read      233.7    85.4   101.3   155.8   170.7   226.4   245.9   256.8   266.3   275.9   292.3   323.0   417.0  1004.5  3198.6  11404.0    11527
read      252.5   118.6    80.4   124.1   137.9   231.1   282.7   315.7   339.5   365.3   396.0   441.2   545.7   895.0  2769.8  83415.7    83787
read      247.4    69.5    93.8   148.2   165.3   243.4   268.3   282.6   293.4   308.8   329.4   362.3   436.2   674.9  1168.8  22228.7    22209
read      258.8   127.3    74.4   125.5   139.6   237.5   290.8   324.9   348.3   373.4   404.4   454.7   577.5   790.4  2306.7  75232.7    75169
read      253.8   110.8    74.4   124.1   138.2   234.7   286.6   318.9   341.9   366.9   397.2   442.0   546.9   739.7  1653.1  73871.0    73833
read      251.4   124.9    68.9   123.0   137.0   227.1   278.3   311.4   336.2   363.6   396.5   445.8   570.0  1146.3  3638.7  94701.7    94641
read      260.7   131.2    74.4   127.9   142.0   243.8   294.4   326.6   347.6   369.8   397.7   437.5   541.1  1146.1  4212.6  61340.0    61338
read      257.4   112.4    74.4   125.9   140.0   233.9   287.3   321.3   345.8   372.6   406.0   458.2   589.3   864.2  1585.8  91854.0    91825
read      256.3   112.5    80.4   124.4   138.5   235.2   289.0   323.7   347.1   371.8   401.7   450.0   565.9   826.5  1884.3  77027.7    77235
read      260.5   106.1    80.4   137.9   153.2   254.9   291.3   314.5   331.3   349.1   371.2   404.4   488.3   706.3  3834.4  37152.3    37257
read      262.6    96.7    80.4   141.9   158.5   257.2   291.2   312.6   328.5   345.8   368.9   402.3   485.7   753.2  2592.7  32021.3    32057
read      255.7   120.0    74.4   127.6   141.7   232.5   283.2   315.6   339.8   367.4   400.8   452.2   565.6   911.2  2507.8 108875.7   108618
read      258.0   117.1    74.4   124.8   139.1   236.2   290.1   324.4   347.9   373.1   404.1   452.7   570.0   896.1  2571.9  72940.3    72930
read      265.9   123.4    80.4   135.8   151.3   257.2   298.9   326.3   344.1   363.8   388.1   426.3   516.3   735.7  6082.4  43740.3    43714
read      257.8   117.3    80.4   125.3   139.5   233.9   287.3   321.7   345.8   373.0   407.0   459.8   592.2   882.4  2190.0  87716.3    87369
read      263.8   110.8    74.4   129.8   144.7   249.2   298.9   330.4   350.5   371.9   399.7   442.9   556.8   804.5  2276.6  56472.3    56640
read      259.8   132.9    80.4   125.7   140.0   233.6   286.8   321.3   345.9   373.6   408.9   465.4   635.8  1085.1  2435.0  97519.3    97360
read      254.5   108.5    80.4   123.9   138.1   233.3   285.9   319.6   343.6   369.5   400.5   448.4   569.8   798.8  1231.9  79928.3    79788
read      239.0   113.0    93.8   158.6   175.1   232.0   252.3   264.6   272.8   284.8   299.6   331.0   402.8   963.8  4596.4  11447.0    11352
read      256.3   127.9    74.4   124.7   138.9   232.5   284.8   318.1   342.6   370.2   403.7   455.5   582.7   920.6  3678.3  87521.0    87962
read      261.6   105.7    80.4   133.5   149.6   253.7   293.0   317.8   335.3   354.6   377.8   418.8   523.2   836.0  1914.8  40785.0    40663
read      258.0   109.2    80.4   125.9   140.1   242.5   292.7   324.0   344.8   367.7   396.2   438.6   544.7   811.1  2130.7  59492.3    59386
read      262.1   102.5    80.4   132.4   147.8   252.3   296.2   324.3   342.9   363.5   388.8   427.8   522.5   748.9  2141.5  48350.0    48302
read      258.0    94.6    86.8   151.9   170.8   249.4   275.4   292.0   305.4   322.6   345.3   385.3   506.3   931.4  3165.0  19473.0    19398
read      260.2   121.8    74.4   125.7   139.8   237.4   291.3   326.1   349.5   375.7   409.3   463.0   603.8   859.1  1972.2  81902.0    82197
read      268.9   136.9    80.4   128.1   142.4   244.6   300.2   335.7   359.2   385.7   420.4   477.2   652.5  1028.4  4444.9  77478.3    77387
read      262.7   118.6    74.4   127.5   141.5   242.2   295.8   330.6   353.3   377.8   408.5   459.9   598.9   848.0  1706.6  72531.7    72753
read      232.4   125.2    93.8   159.5   172.5   224.3   243.1   253.7   262.8   272.6   289.0   318.5   407.4   943.5  7452.7   7664.3     7720
read      265.5   107.7    80.4   135.8   151.3   256.2   298.4   326.4   344.6   364.5   389.5   428.6   534.4   746.6  3527.7  45785.3    46279
read      267.4   131.0    74.4   139.5   155.3   258.4   298.3   324.0   340.9   359.7   382.4   421.5   530.9   821.9  6086.6  42316.3    42102
read      262.8   138.3    80.4   125.8   140.4   236.3   290.6   325.7   350.0   377.6   413.3   469.4   635.9  1152.6  3728.3  90646.7    90892
read      261.5    95.3    80.4   136.2   152.0   255.1   293.0   316.9   334.3   353.4   376.0   415.4   506.5   729.2  1943.0  39912.3    39976
read      262.8   114.4    80.4   126.1   140.6   246.4   297.4   330.4   351.3   373.9   403.2   452.3   572.8   827.3  2477.8  61051.0    61084
read      253.0   109.5    86.8   154.5   172.8   243.8   268.5   283.3   294.6   311.8   335.0   372.4   493.5  1020.3  2846.7  16587.7    16735
read      264.5   114.7    80.4   134.2   149.8   254.8   298.0   325.6   342.8   362.4   386.5   425.6   529.0   849.8  3463.2  45819.7    45909
read      259.6    86.1    86.8   145.2   162.0   255.2   285.7   304.3   318.8   336.3   358.0   392.5   488.1   672.8  1672.6  29023.7    28976
read      259.9   119.9    74.4   126.5   140.6   235.7   290.1   325.1   349.1   375.2   408.0   460.9   602.7   971.4  2593.8  84846.0    84704
read      265.2   132.4    80.4   129.5   144.0   239.3   292.7   327.3   351.7   379.2   414.8   470.9   647.6  1072.6  2808.8 101554.3   101822
read      255.7   150.4    74.4   125.3   139.3   230.7   283.7   317.2   341.6   368.9   401.5   452.8   577.4  1078.3  2746.0  92766.0    92571
read      238.2    85.8    93.8   158.3   174.6   232.6   253.3   265.2   273.0   284.6   298.5   327.2   396.2   939.4  3821.7  12190.3    12106
read      263.5   119.6    80.4   128.7   143.2   246.4   296.0   328.1   349.3   371.8   400.8   448.0   580.9  1126.9  2521.4  58463.3    58568
read      261.6   101.2    74.4   130.8   145.9   250.5   297.0   326.4   345.1   365.8   391.1   429.5   525.7   746.9  1963.6  51519.7    51319
read      249.7    80.6    86.8   150.0   167.3   245.3   270.4   285.2   295.8   311.9   332.3   363.7   442.4   698.9  2020.2  21469.7    21556
read      242.1    72.2    93.8   156.0   173.2   236.4   259.0   270.8   279.8   291.7   309.8   341.3   431.2   935.2  2244.6  14120.7    14191
read      255.3    82.4    86.8   143.1   160.1   251.5   281.6   298.6   313.3   330.4   351.8   384.2   465.1   645.3  2211.0  29147.7    29072
read      247.6    92.8    86.8   155.0   172.7   240.4   263.5   275.7   287.1   299.4   320.3   353.9   458.4  1003.3  3796.3  16376.3    16350
read      258.3   129.7    80.4   124.8   139.0   233.3   286.6   321.2   345.6   372.7   406.5   460.7   607.1   990.4  3360.6  86796.3    86891
read      259.9   119.5    80.4   128.0   142.2   234.7   287.2   321.0   345.3   373.2   408.6   463.1   615.5  1029.2  1874.3 104477.0   104441
read      240.1    90.6    93.8   161.1   176.1   230.5   251.4   263.8   272.2   284.8   302.8   341.3   453.8   991.5  3818.2   8935.3     8906
read      267.7   105.9    80.4   136.6   152.4   258.0   299.6   326.2   343.5   363.3   388.2   429.8   562.3   941.0  2179.4  42082.3    42175
read      270.7   119.7    74.4   131.7   147.3   255.1   305.3   335.8   355.6   377.0   404.8   456.6   596.1  1005.0  3121.8  51537.0    51797
read      257.8   115.1    80.4   125.6   139.7   236.1   290.3   324.6   348.1   372.8   403.7   452.4   563.3   828.8  2474.7  76394.0    76678
read      254.4    85.7    86.8   152.5   171.3   248.9   273.4   288.6   299.4   315.8   337.1   370.0   466.6   857.3  3080.5  19670.0    19630
read      261.2   128.6    74.4   126.7   141.0   234.8   288.1   322.9   347.3   375.3   411.0   467.8   640.3  1099.0  2503.4  99845.7   100132
read      261.4   102.3    80.4   136.9   152.5   255.4   293.6   317.9   335.4   354.4   375.5   410.9   495.5   663.8  3480.7  40647.3    40498
read      258.8   129.1    74.4   127.8   142.1   233.1   284.5   317.4   341.6   369.3   403.5   459.1   613.7  1306.7  2915.8 108380.7   108559
read      255.1    85.8    80.4   148.5   165.7   250.8   277.9   293.7   307.2   323.2   343.8   374.3   451.9   779.9  3603.8  23966.7    23964
read      263.1   114.9    74.4   126.7   140.9   242.3   296.6   331.7   354.9   380.0   411.4   461.1   587.6   859.2  2099.5  70776.7    70760
read      252.2   131.5    74.4   123.7   137.8   227.2   277.9   310.2   334.7   362.4   396.7   450.5   598.6   997.4  4146.5  99499.7    99567
read      264.7   144.2    80.4   129.4   144.2   238.0   291.5   325.4   349.6   377.4   414.1   470.3   632.0  1213.7  3059.6 107750.0   107548
read      272.6   129.2    80.4   131.3   146.5   255.0   306.8   338.4   358.9   381.7   411.8   464.7   619.4  1237.2  3193.2  53795.7    53742
read      260.3   133.0    80.4   127.0   141.2   233.6   287.0   321.1   346.3   374.0   409.5   465.1   629.8  1091.6  3164.8 103752.7   103931
read      275.5   163.6    80.4   130.2   145.2   251.9   307.4   340.6   362.4   387.3   420.1   475.8   683.5  1708.9  7488.7  60284.0    60359
read      247.7   153.7    86.8   163.8   178.7   234.7   256.1   269.2   278.6   292.1   313.4   352.2   484.2  1251.4  8153.2   9784.3     9725
read      268.2   111.6    80.4   132.5   147.8   254.1   303.0   334.2   354.1   374.9   402.7   450.3   576.4   824.4  1863.3  52164.7    52014
read      267.8   103.6    80.4   138.7   154.8   259.0   299.9   326.1   343.0   362.8   387.5   428.3   534.2   808.7  2287.3  40031.3    40053
read      256.9   123.3    74.4   124.8   138.9   232.2   285.2   320.3   345.2   371.8   404.5   459.2   599.4   957.1  2741.7  86191.7    86436
read      259.5    80.1    80.4   150.0   167.5   254.0   282.6   299.4   314.4   331.6   352.5   386.4   480.0   748.8  1470.4  24020.7    23983
read      261.8   114.0    74.4   127.9   142.0   242.6   295.6   330.7   352.7   375.9   404.6   450.0   563.7   897.7  2992.4  66690.3    66595
read      258.4    95.3    86.8   148.5   165.1   253.0   281.7   298.7   314.0   331.3   352.2   384.5   462.8   741.7  3950.3  26014.0    26056
read      263.7   106.1    80.4   132.5   147.6   252.0   299.2   329.4   348.5   368.6   394.1   432.2   524.3   733.6  2311.6  51527.0    51764
read      261.3    97.8    80.4   138.2   153.5   255.6   293.2   317.2   334.4   353.0   373.8   406.7   488.4   702.6  2412.3  40124.0    40202
read      253.8   111.4    74.4   124.2   138.2   232.4   285.2   319.2   342.7   367.8   399.1   445.8   548.5   793.4  2300.0  76710.3    76665
read      238.6    67.5    93.8   159.8   175.7   232.1   252.4   264.7   272.9   285.3   301.6   335.2   416.6   939.8  1970.1  11086.3    11133
read      258.0   600.9    80.4   123.3   137.4   230.3   281.9   315.0   339.3   365.7   397.9   445.0   549.9   821.4 31213.5  80587.3    80405
read      257.8   129.4    74.4   124.9   139.0   233.9   286.4   320.8   345.5   371.8   403.3   453.6   579.8  1411.4  2983.1  79142.7    79106
read      254.2   118.8    74.4   124.7   139.0   230.2   280.6   314.2   339.2   367.1   401.0   452.7   582.8  1000.5  3228.4  97133.0    97258
read      260.9    87.0    80.4   139.3   155.3   255.9   291.6   314.4   330.9   348.3   370.1   403.7   492.4   650.8  1301.7  36464.7    36307
read      256.5    95.1    86.8   144.0   160.8   252.3   282.2   299.4   314.6   331.9   352.5   384.9   462.7   656.8  3325.5  28521.0    28636
read      261.6   108.8    86.8   136.4   151.8   255.0   294.6   320.0   337.6   356.8   378.9   413.9   490.2   636.4  3596.9  41598.3    41620
read      257.4   124.0    74.4   126.1   140.1   235.3   287.8   321.9   345.8   371.3   402.2   450.0   556.8   927.6  3369.2  75668.7    75736
read      259.7    95.8    80.4   134.1   149.8   251.9   293.0   319.1   337.4   357.3   380.4   415.8   498.0   668.1  2293.4  44893.7    44979
read      259.3    86.9    80.4   143.3   160.4   254.8   287.0   307.0   322.3   340.2   361.8   393.8   467.7   641.5  2299.6  31442.3    31478
read      261.2    96.1    80.4   138.7   154.5   255.3   292.2   315.4   332.5   351.0   372.4   407.2   490.4   641.2  2177.0  37599.0    37586
read      256.3   116.4    80.4   127.7   141.8   233.1   283.5   316.1   340.0   367.3   401.2   453.4   579.6   978.0  1894.2 108359.3   108330
read      258.1   117.4    80.4   127.1   141.1   240.5   291.5   323.9   345.8   368.9   397.1   437.6   537.3   864.6  3528.3  64179.7    64301
read      238.7    71.5    93.8   160.9   176.4   232.9   253.5   265.6   273.4   285.1   299.0   330.6   399.8   924.8  2136.4  11297.0    11203
read      231.9    65.0    93.8   160.9   174.8   225.2   243.7   253.9   263.1   272.9   288.8   317.8   403.8   973.4  1719.4   7358.0     7291
read      252.1   120.5    74.4   123.4   137.4   229.3   280.3   313.3   337.8   365.0   398.0   445.4   551.4  1010.0  3638.0  86960.0    87477
read      259.9   446.3    80.4   125.3   139.3   235.2   288.1   322.4   346.7   373.1   404.1   452.6   565.2   848.6  4663.5  77478.3    77485
read      265.0   122.7    80.4   137.0   152.6   256.3   297.2   324.0   341.0   360.4   383.8   420.9   508.1   796.1  3794.0  42272.3    42055
read      258.0    81.4    80.4   146.7   163.7   253.8   283.1   300.4   315.5   332.7   353.4   386.2   463.7   649.1  1496.0  26865.3    26865
read      257.3   123.9    74.4   126.1   140.2   232.1   284.0   317.5   342.5   370.4   404.8   458.8   596.2  1148.6  2502.1  94516.0    94592
read      259.4   128.5    80.4   127.2   141.1   240.1   292.3   325.9   348.2   371.7   400.7   444.6   547.0   851.7  3167.5  66848.0    66869
read      248.1    75.3    86.8   153.9   171.8   243.2   267.5   281.1   291.6   305.6   325.1   355.4   424.6   906.7  2312.7  17860.3    17835
read      261.6   120.8    74.4   130.0   144.8   247.0   295.9   327.1   347.1   369.0   395.4   434.8   531.9   747.8  4154.0  55782.3    55977
read      253.5   117.0    74.4   124.3   138.3   231.6   283.5   316.9   341.3   367.4   399.3   447.4   555.6   842.2  1770.7  82575.0    82437
read      244.8    70.3    86.8   155.4   173.7   240.1   263.1   275.2   285.8   296.5   316.5   345.0   420.1   888.1  2137.2  15891.0    15775
read      250.8   122.1    74.4   123.8   137.9   228.7   279.2   312.0   336.4   363.2   395.5   442.0   544.9   792.8  2442.5  87657.7    87559
read      257.5   125.0    80.4   128.0   142.3   233.1   283.4   316.3   340.1   367.6   401.7   454.3   582.9  1245.6  2898.8 105653.3   105401
read      257.6   128.1    74.4   125.4   139.6   232.7   285.6   320.2   345.2   372.3   405.9   458.7   589.4  1012.8  3913.2  88753.0    88752
read      251.7   112.1    74.4   124.0   138.0   228.2   279.3   312.0   337.0   364.9   398.4   448.4   567.9   863.1  2072.7  94462.7    94531
read      254.0   120.7    74.4   125.2   139.4   229.7   280.2   313.2   337.8   365.3   399.3   451.8   589.5  1051.8  2677.5 101224.0   101303
read      251.5   116.6    80.4   123.4   137.4   229.0   280.2   313.7   338.4   365.2   397.6   445.3   551.4   806.3  2463.1  86937.0    86640
read      249.5   106.4    74.4   122.9   136.7   227.7   279.2   312.1   336.9   363.9   396.0   441.5   542.1   754.3  1411.6  84927.7    84818
read      250.7    69.6    86.8   152.8   171.0   246.7   271.2   285.7   295.8   311.6   331.4   361.7   434.1   873.9  1217.4  20290.7    20221
read      261.5   120.3    80.4   134.5   150.0   252.9   293.7   319.3   337.2   356.7   379.4   416.0   490.3  1040.4  4175.6  43473.3    43599
read      260.3   101.0    74.4   130.4   145.1   248.7   296.3   326.5   345.7   366.7   392.2   429.7   510.6   675.5  1965.2  52994.7    52779
read      250.2   134.7    74.4   123.1   137.2   227.4   277.7   310.4   335.0   362.4   395.0   442.1   546.8   853.3  4364.5  90030.0    89855
read      260.3   132.7    74.4   132.0   146.9   249.6   293.5   321.7   340.4   361.2   385.9   422.6   502.9   730.6  4171.0  48530.0    48532
read      263.3   158.7    74.4   129.1   143.8   237.0   289.1   322.2   346.0   373.3   408.5   462.7   605.4  1486.6  3856.2 107616.0   107423
read      260.8   120.9    80.4   132.7   148.2   251.3   294.5   322.3   340.8   360.9   384.5   420.4   499.8   718.9  4064.7  46742.7    46535
read      259.8   100.5    80.4   132.3   147.5   250.5   294.0   322.0   340.8   360.6   384.1   421.1   502.0   668.9  1975.5  47499.7    47535
read      259.7   102.7    80.4   131.3   146.4   249.0   294.4   323.4   342.3   363.0   387.7   424.6   501.4   680.3  3006.7  49611.7    49633
read      256.1    80.1    80.4   142.8   159.4   253.1   284.4   302.3   317.1   334.6   355.5   385.9   449.2   579.9  1734.7  30298.3    30334
read      242.8   104.4    93.8   153.2   170.3   237.6   260.9   273.0   283.1   294.2   313.4   343.1   402.9   907.1  5501.7  17278.7    17207
read      251.4   119.9    74.4   125.1   139.3   228.2   276.4   308.0   331.8   359.3   393.5   443.5   560.2  1194.1  3246.8 105910.7   106074
read      258.3    99.3    80.4   132.4   147.4   249.7   293.1   320.1   339.2   359.2   382.3   417.8   492.8   623.5  1351.2  48943.3    48912
read      249.6   113.7    74.4   123.9   138.0   227.1   276.3   308.7   333.0   360.9   394.6   442.7   546.4   876.8  1955.3  96477.0    96483
read      260.5   127.1    74.4   137.2   152.7   253.6   291.1   314.7   331.8   350.4   372.2   404.1   471.8   828.5  7009.3  39252.3    39228
read      251.9   123.4    74.4   124.2   138.3   228.6   279.0   311.9   336.6   363.8   396.5   444.9   558.5   965.0  3479.4  92188.7    92350
read      249.8   106.9    74.4   123.2   137.1   228.3   279.2   312.6   337.2   363.9   395.8   441.1   539.0   782.8  2109.1  84845.0    85084
read      250.8   115.3    80.4   122.9   136.8   228.4   279.1   312.8   337.6   364.3   396.4   443.4   548.0   892.6  2361.8  81848.0    81993
read      250.4   121.7    74.4   124.5   138.7   227.2   276.3   309.1   333.6   360.6   393.5   441.8   550.0   912.0  3982.3 101603.3   101617
read      241.9    74.7    86.8   153.4   170.8   238.1   260.9   272.9   282.9   294.2   312.8   340.5   401.7   885.7  1185.3  16786.3    16730
read      254.1   116.1    74.4   125.1   139.2   234.3   285.7   318.1   341.4   366.6   396.4   438.9   533.3   875.1  2726.7  70807.0    71079
read      253.9   113.3    74.4   127.2   141.2   230.9   279.8   311.8   335.7   362.9   396.8   447.2   569.1  1062.1  2145.0 109109.0   108942
read      257.6   101.5    80.4   129.4   143.7   245.5   294.0   323.9   343.6   365.1   390.7   427.3   500.8   630.1  1955.0  55424.7    55406
read      261.0   116.1    80.4   136.6   151.8   254.4   295.0   320.7   338.3   357.1   378.4   410.3   477.2   610.7  1912.4  42164.3    42279
read      255.9    97.7    80.4   155.6   174.0   251.4   276.4   291.7   303.6   319.0   339.4   368.5   431.1   670.0  3800.8  21971.7    21876
read      264.2   112.2    86.8   146.1   163.1   258.8   293.2   315.0   330.6   347.2   368.4   399.0   465.4   602.9  3999.0  34011.7    34140
read      264.9   102.9    80.4   139.9   155.4   256.8   298.0   324.5   341.3   359.9   381.8   415.9   491.9   772.9  3493.3  43002.7    42897
read      249.4    78.0    86.8   156.2   173.9   245.2   268.9   282.2   292.2   305.8   324.1   352.7   413.8   902.2  3205.5  18522.3    18462
read      251.6   111.4    74.4   126.1   140.2   228.7   277.7   309.7   333.9   361.3   395.5   445.3   554.0   920.9  1886.1  99963.3   100375
read      257.6    88.0    80.4   136.0   151.3   252.0   291.0   315.4   332.6   350.8   372.6   404.0   468.6   559.5  1092.3  41325.3    41347
read      250.6   118.2    74.4   124.4   138.6   227.5   275.9   308.2   332.7   360.2   393.4   442.2   559.9  1088.5  2642.7 101262.7   101594
read      259.3    99.1    74.4   133.2   148.3   250.7   294.2   321.2   339.8   359.9   383.5   418.7   489.3   624.8  2097.4  47522.3    47486
read      251.9   127.2    80.4   123.8   137.7   231.7   283.7   316.4   339.9   365.1   395.6   438.3   529.1   705.9  2809.5  73198.3    73393
read      257.4    96.0    80.4   130.3   145.2   247.2   293.1   321.7   340.8   361.1   385.2   421.7   496.0   611.8  1013.2  51257.7    51134
read      258.8   108.4    80.4   128.2   142.5   244.0   294.3   326.8   347.9   370.0   397.2   435.0   520.1   683.4  2883.6  58203.3    58201
read      253.3   110.3    68.9   123.8   138.1   233.5   285.5   318.7   342.0   367.3   397.8   440.9   536.0   800.1  1737.2  70935.3    71020
read      254.7   111.2    74.4   125.2   139.0   234.6   287.3   321.8   345.1   369.8   399.1   442.8   535.3   696.3  2278.0  72218.3    72071
read      249.7   123.9    74.4   123.2   137.2   226.1   276.0   308.9   334.0   361.6   394.8   442.9   551.8   906.9  4302.3  93053.7    93446
read      254.5    85.5    86.8   144.0   161.1   251.4   280.7   296.7   311.7   328.4   347.6   378.5   445.5   588.0  2323.6  28642.3    28724
read      256.7   107.3    74.4   127.8   141.8   241.8   291.6   323.1   343.5   365.9   392.4   430.4   508.4   755.5  2473.3  59379.0    59269
read      255.2   133.8    74.4   123.8   138.0   232.6   284.9   319.0   343.4   369.3   400.4   446.3   543.3  1076.1  4332.7  74629.0    74624
read      258.2    99.5    74.4   130.4   144.8   246.5   293.6   323.8   343.7   364.9   390.3   427.4   502.0   637.3  1798.6  52501.0    52368
read      229.9    69.1    93.8   157.7   172.1   224.4   243.4   254.1   263.1   272.4   286.6   312.0   383.0   985.5  2221.7   9585.0     9687
read      263.1   141.8    80.4   134.7   150.1   252.9   293.4   319.0   337.9   358.5   383.0   421.1   512.1  1096.8  7822.8  43827.7    44165
read      230.5   206.9   101.3   155.6   168.5   219.3   236.7   248.1   255.3   266.4   279.5   305.9   400.4  1991.3  7523.6   6968.7     6895
read      261.7   121.4    80.4   129.7   144.5   247.9   297.0   328.1   348.3   369.1   395.6   432.8   518.5   837.4  3679.1  55423.7    55457
read      259.2   114.4    74.4   128.1   142.0   242.6   294.3   327.7   349.1   371.5   399.1   438.8   525.6   719.7  3459.8  61195.0    61164
read      257.0   138.5    74.4   127.0   141.0   230.9   281.0   313.2   337.2   365.2   400.1   453.4   600.2  1642.3  3402.8 108328.0   108384
read      260.6    87.0    86.8   140.5   157.3   255.4   290.3   312.4   328.7   345.8   368.5   402.4   477.0   684.1  1390.0  33220.7    33319
read      262.7   139.9    80.4   127.7   141.8   234.1   286.9   321.1   345.9   374.2   410.7   467.0   688.4  1460.8  2467.2  97679.3    97895
read      263.2   103.4    80.4   137.6   153.0   256.2   295.8   321.4   339.0   358.0   379.7   414.2   491.0   735.3  3363.0  39725.0    39720
read      259.2   143.2    74.4   126.3   140.2   238.0   291.7   326.5   349.7   374.6   404.8   450.3   549.7   790.0  7755.3  68800.0    68554
read      252.3   116.5    74.4   124.3   138.3   229.7   281.1   314.4   339.2   366.9   399.8   447.9   547.1   788.5  3149.1  86941.0    86849
read      258.4    97.3    80.4   143.1   160.2   254.1   286.1   305.6   320.5   337.7   358.8   391.2   461.8   637.4  3627.5  30276.3    30264
read      257.0   134.1    80.4   126.3   140.3   231.6   282.9   316.4   341.4   369.0   402.6   455.0   592.5  1318.8  3444.1 100548.7   100754
read      251.9   123.9    74.4   124.6   138.7   228.2   278.2   311.0   335.8   363.3   396.7   445.8   564.7  1074.9  2760.9  98148.0    98098
read      252.8   109.4    74.4   124.0   138.2   230.4   282.3   316.5   341.3   368.0   400.0   447.5   552.6   801.1  1668.8  85973.7    86028
read      255.5   122.8    74.4   124.8   139.1   230.2   282.4   316.1   341.3   369.9   403.6   455.8   584.7  1326.7  2194.2  92951.3    93054
read      262.9   100.8    80.4   135.2   150.7   255.6   296.7   323.2   341.2   361.4   385.4   420.9   499.0   678.5  2015.4  42366.0    42348
read      254.7    77.5    80.4   142.4   159.1   252.4   282.9   300.1   314.5   331.2   351.1   381.1   444.2   586.2  1163.5  29507.7    29490
read      242.5    70.5    93.8   150.8   167.7   239.2   262.1   273.8   284.2   295.4   314.6   343.9   411.4   853.9  2424.5  18203.0    18187
read      255.8   113.5    74.4   126.3   140.3   231.7   283.5   317.0   341.1   369.2   402.9   454.2   588.0   991.1  1979.5  95200.7    95113
read      227.9    78.7    93.8   156.6   169.9   222.3   241.3   252.4   261.2   271.3   286.3   312.9   386.4   912.5  1951.6   8549.7     8570
read      257.7   113.8    74.4   127.4   141.2   241.8   292.9   325.2   346.2   368.7   396.1   435.8   530.0   720.2  3136.1  62017.3    62285
read      261.2   122.5    80.4   130.5   144.9   248.7   296.2   326.2   345.4   366.7   392.2   429.5   507.5   879.9  3777.2  52697.0    52582
read      260.4    99.3    86.8   140.4   156.1   255.9   289.9   311.0   326.8   344.5   366.2   398.4   471.3   872.3  3092.9  34424.3    34260
read      257.6   110.7    80.4   128.0   141.9   242.7   293.3   324.9   345.7   367.9   394.5   432.7   514.9   714.3  2240.8  59222.7    59493
read      258.7   100.6    74.4   128.9   142.9   244.4   295.1   327.4   347.8   369.7   396.3   434.0   511.2   685.0  1075.1  58054.3    58208
read      253.1   114.3    74.4   124.6   138.5   229.9   281.3   314.7   339.5   367.2   400.1   449.5   563.2   895.0  2375.8  93321.0    93458
read      245.1   101.3    86.8   151.1   168.5   239.9   263.9   276.1   287.1   298.5   318.8   348.4   418.2  1035.5  2497.5  18124.3    18056
read      252.6   118.8    74.4   124.5   138.5   229.0   280.0   313.4   338.2   365.6   398.5   447.2   556.9  1065.9  2479.0  94059.0    94134
read      258.7    87.6    80.4   136.6   152.6   254.4   291.5   314.7   331.8   350.1   371.4   402.5   466.7   596.1  1305.2  37893.0    37808
read      262.0   117.0    80.4   130.4   144.9   249.0   298.1   330.1   350.4   371.8   397.4   433.7   510.8   662.9  3489.9  53355.7    53481
read      252.9    73.7    80.4   145.9   162.6   250.1   278.1   294.1   307.9   324.4   344.5   372.9   433.5   579.7  1623.5  25815.7    25666
read      261.9   160.8    74.4   127.9   142.2   233.8   284.7   317.2   341.8   369.4   403.8   459.2   629.3  2112.5  5044.5 108525.7   108853
read      260.3   101.1    80.4   135.3   150.8   254.4   294.0   319.0   336.6   355.7   377.3   410.7   479.1   678.1  1822.2  41520.7    41576
read      253.6   107.7    74.4   124.6   138.8   234.5   286.5   319.8   343.0   368.0   397.4   439.0   525.4   700.1  1910.8  70584.0    70282
read      266.1   144.0    80.4   133.5   149.0   254.1   297.9   326.7   345.3   365.7   390.7   428.2   540.1  1188.0  7377.1  45702.7    45769
read      275.2   211.3    74.4   127.5   141.7   237.0   291.6   328.6   354.5   384.2   424.0   493.2   848.5  2798.7  7689.2  92341.3    92383
read      232.7    77.2    93.8   155.0   170.6   227.4   247.3   258.5   267.1   275.8   291.3   318.4   390.3   983.0  2728.7  12064.3    12100
read      255.6   107.6    74.4   125.5   139.5   237.9   290.5   323.7   346.9   370.4   398.1   437.1   526.9   690.5  1771.2  67619.7    67747
read      254.1   102.7    74.4   125.0   139.1   236.5   288.4   321.5   344.3   368.4   397.1   436.1   522.6   675.5  1198.0  69000.0    68933
read      256.5   104.8    80.4   126.9   140.6   240.3   291.4   323.7   345.5   368.8   396.8   436.3   525.1   688.0  1684.1  63203.7    63242
read      256.1   125.3    74.4   124.9   138.8   234.7   288.1   322.0   345.8   372.0   402.6   449.7   550.3   792.9  2782.7  72983.0    72993
read      259.2   115.0    74.4   130.1   144.6   247.6   294.2   322.6   341.8   362.6   387.0   423.6   506.5   764.7  3486.1  50770.7    51022
read      255.0   111.6    68.9   124.7   138.9   237.0   289.8   323.0   346.0   369.8   398.6   438.6   523.7   713.4  1490.3  67283.0    67069
read      251.0   101.4    86.8   145.6   162.9   247.8   274.5   290.3   302.1   318.2   338.6   368.0   429.9   683.9  3859.8  25039.7    24895
read      254.4   116.8    74.4   123.8   137.9   234.7   286.5   319.6   342.8   367.4   396.6   437.8   540.4  1051.1  2158.5  68490.7    68588
read      258.7    97.4    74.4   133.9   149.3   252.2   291.8   316.6   334.4   353.7   375.8   410.6   491.4   677.9  1807.7  42671.7    42706
read      258.0   110.1    80.4   130.4   145.1   247.9   292.6   320.4   339.2   359.9   384.7   420.9   495.9   666.6  3238.7  49321.7    49479
read      253.2   102.4    74.4   124.4   138.3   237.1   288.8   320.5   342.1   365.2   393.0   432.7   518.3   677.2  1466.1  64658.0    64792
read      249.5   104.2    74.4   121.8   135.7   229.6   281.8   314.4   338.1   363.7   393.9   436.1   536.0   720.9  1267.3  73994.3    73879
read      256.2   106.4    86.8   139.8   156.1   252.2   284.7   303.6   318.9   336.6   357.9   389.2   456.7   622.4  4497.3  31929.3    31893
read      251.1   112.0    74.4   122.7   136.5   231.5   283.9   316.9   340.7   365.2   394.9   436.4   529.1   691.9  2274.0  73856.0    74262
read      256.1   101.1    74.4   127.4   141.5   242.5   291.2   321.8   343.1   365.2   391.4   428.9   507.4   723.4  1638.8  57121.7    57246
read      247.7   112.9    74.4   121.7   135.6   225.3   275.5   307.7   332.3   360.0   393.1   440.8   545.2   812.3  1861.0  91425.0    91617
read      255.0   103.7    74.4   127.4   141.1   242.3   290.1   319.4   340.1   361.9   387.5   425.1   504.3   690.8  2548.2  55181.0    55173
read      255.1   138.5    80.4   124.9   139.5   231.2   280.9   313.1   337.2   364.7   398.8   451.6   587.6  1103.3  4828.4 108463.7   108633
read      247.1    80.5    86.8   153.2   171.0   240.7   265.1   278.5   290.2   305.0   326.8   361.1   441.9   824.8  2432.2  15677.3    15720
read      251.2   110.0    74.4   123.5   137.5   228.6   279.3   312.2   336.8   364.4   397.6   447.9   562.8   831.5  1794.2  99514.0    99961
read      254.1   133.2    80.4   124.0   138.2   228.9   279.6   312.7   337.3   364.8   398.4   449.8   584.6  1421.2  3379.3 103088.0   102613
read      256.6   108.7    74.4   126.7   141.1   243.3   291.9   321.7   342.1   364.5   391.2   429.0   508.2   756.8  2562.0  57196.0    57169
read      255.3   111.4    74.4   126.4   140.4   242.1   291.7   322.1   342.4   364.3   390.2   427.0   504.3   642.1  1872.0  56999.7    56950
read      256.3   101.0    80.4   128.4   142.5   246.2   292.6   320.8   340.1   360.7   385.0   421.8   499.7   633.9  2063.9  50009.3    49938
read      233.0   137.9    93.8   158.2   170.5   221.9   240.9   252.0   260.9   271.2   286.6   315.3   427.0  2002.0  7659.2   5307.7     5383
read      259.4    91.8    80.4   134.1   149.9   254.1   293.0   318.0   334.8   352.9   373.8   408.1   483.9   652.6  1964.3  39482.3    39719
read      257.4    90.8    80.4   135.4   151.3   252.5   289.0   311.1   327.6   345.8   369.1   402.9   475.7   636.0  1886.6  36639.0    36653
read      261.3   125.9    74.4   124.4   138.8   237.4   290.3   325.0   349.7   378.0   414.8   469.9   600.8  1019.6  3414.7  69218.3    69482
read      256.9   111.5    74.4   128.1   142.7   246.4   290.9   318.9   338.0   358.7   383.7   423.1   509.9   682.4  3769.8  46672.7    46749
read      254.8   114.2    74.4   123.4   137.6   237.3   288.6   321.9   343.9   367.9   396.6   436.9   530.8   825.5  2441.5  65262.7    65109
read      258.5    96.7    80.4   130.4   145.5   250.4   293.7   320.3   339.0   359.6   383.9   420.2   495.8   632.1  1361.8  46505.3    46501
read      261.0   125.8    74.4   128.3   143.1   236.2   287.2   320.2   343.8   371.0   405.3   461.5   612.4  1276.9  2691.4 109804.0   109480
read      276.5   238.4    74.4   125.7   140.2   242.1   297.3   334.4   359.1   386.8   422.4   482.1   755.3  3575.1  9032.2  69571.3    69433
read      257.1   117.0    74.4   125.9   140.2   242.1   292.0   323.7   344.3   366.7   394.0   434.3   522.9   705.8  4350.5  58103.3    58157
read      254.0   111.8    74.4   122.8   136.5   233.6   286.0   319.8   343.6   369.3   400.6   448.1   548.6   861.4  2099.1  70787.0    70737
read      257.6    91.8    74.4   137.5   153.6   253.6   288.2   309.2   324.8   342.7   364.9   397.8   468.8   629.2  3020.9  34710.0    34617
read      251.1   119.9    74.4   122.3   136.0   230.0   281.7   315.1   339.6   365.3   396.2   440.9   542.0   778.5  2612.7  77715.0    77563
read      251.5   118.5    74.4   122.6   136.5   227.8   278.9   312.4   337.3   365.0   398.8   450.4   577.3   927.8  2568.1  89925.3    90036
read      261.1   103.3    80.4   136.3   152.5   255.1   292.7   316.7   333.8   352.3   373.3   406.6   483.8   676.6  3227.3  36802.3    36689
read      257.4   110.3    80.4   129.7   144.4   247.9   291.8   319.3   337.9   358.1   381.9   417.9   492.4   681.4  3398.8  46826.3    46832
read      258.7   123.4    80.4   127.1   141.4   234.8   286.2   319.0   342.9   370.0   404.1   457.5   586.3  1195.7  2658.2 104833.0   104903
read      239.8    70.4    86.8   154.8   171.6   234.9   257.0   269.5   278.4   290.7   308.0   338.3   402.0   918.5  1607.5  14114.3    14153
read      250.6    84.4    86.8   146.6   165.1   246.4   272.3   287.8   298.5   315.6   336.8   368.2   434.0   680.1  3274.9  21679.3    21674
read      230.6   102.0   109.4   159.3   172.0   222.6   242.1   252.8   261.6   271.4   285.9   311.5   395.2  1016.4  4845.6   5820.0     5689
read      256.8   125.2    74.4   134.0   149.9   251.0   288.2   310.5   327.0   345.0   367.6   400.6   471.5   638.7  7271.9  37717.0    37781
read      244.9    94.6    93.8   154.5   172.6   239.4   262.4   274.4   285.4   297.0   316.7   345.6   412.2   957.6  4999.9  15600.0    15507
read      254.3   113.6    74.4   125.6   139.8   231.1   281.6   314.1   338.2   365.7   399.9   452.5   573.5  1027.6  1710.7 101585.0   102064
read      257.0   119.9    74.4   124.4   138.6   235.8   288.7   323.1   346.8   372.6   403.4   449.6   549.5   969.4  2899.1  71124.3    71340
read      252.9   117.1    74.4   122.9   136.9   231.0   283.3   317.8   342.4   368.7   400.8   448.9   548.6   760.3  2377.6  79904.0    79815
read      258.9   102.4    80.4   131.7   147.0   251.1   292.9   319.4   337.9   357.6   380.1   415.7   492.4   772.8  1957.1  44274.7    44352
read      265.0   132.6    74.4   130.0   145.1   240.7   292.4   325.6   349.4   376.8   411.9   465.2   601.7  1349.8  3670.9 109463.0   109562
read      251.8   107.0    80.4   123.2   137.5   229.6   281.5   315.8   340.7   367.5   399.5   447.2   554.5   761.6  1424.3  86377.3    86219
read      259.1    95.5    74.4   131.5   146.9   250.8   294.3   321.3   340.0   360.4   384.4   420.8   496.9   627.2  1737.7  47324.0    47335
read      255.3   110.2    80.4   130.5   145.5   248.5   288.9   313.2   330.7   349.1   371.7   404.8   476.3   626.2  3983.2  42122.3    41962
read      256.5   108.7    80.4   129.5   144.1   248.1   290.2   315.8   334.1   354.0   376.8   413.2   500.3   741.2  3640.4  45815.0    45802
read      233.9   148.3    86.8   152.4   168.3   227.4   246.9   257.4   266.0   274.6   290.4   317.3   394.5  1225.4  5979.9  13353.0    13389
read      246.1   109.8    74.4   121.0   134.5   224.6   273.4   305.1   329.3   355.8   388.6   435.7   547.6   832.6  2091.2  95545.3    95780
read      244.5   106.7    74.4   119.9   133.2   223.8   272.6   304.1   328.6   355.0   386.8   433.1   542.3   820.3  1647.2  87865.3    87844
read      254.7   101.4    74.4   125.5   139.8   241.6   290.6   321.6   341.6   363.5   390.2   428.5   503.9   638.9  2065.0  56090.7    55903
read      250.1   115.0    74.4   123.8   138.1   227.4   276.6   309.0   333.6   361.0   394.3   443.0   552.5   905.0  2138.0 100914.3   100902
read      250.6   121.8    74.4   121.3   134.9   230.3   281.3   313.6   337.4   363.2   393.8   436.1   532.0  1010.9  3486.2  70827.0    70988
read      253.6    95.7    74.4   126.2   140.5   242.3   289.5   318.9   338.8   359.7   384.2   421.6   495.5   627.9  1371.3  53819.3    53831
read      251.6    76.8    80.4   143.3   160.9   248.4   277.1   293.9   308.0   324.5   344.1   372.4   434.5   573.9  1282.4  26790.0    26948
read      255.0    92.0    80.4   138.7   155.0   251.2   283.8   303.2   318.7   336.5   358.0   390.5   460.3   592.9  1784.0  32432.0    32347
read      255.8   103.4    74.4   131.8   147.3   250.0   288.7   312.4   329.7   347.9   371.0   402.5   471.2   610.8  4159.8  40977.7    41050
read      255.1   106.2    74.4   125.3   139.7   241.2   289.9   320.0   341.0   363.9   391.1   429.3   507.8   746.0  2178.6  56064.3    56197
read      252.3   116.8    74.4   123.7   137.8   229.5   279.9   312.9   337.7   365.0   398.3   449.1   567.2   922.8  2003.9  94368.7    94617
read      251.9   128.9    74.4   121.8   135.7   231.3   282.5   315.1   338.5   364.0   394.6   437.3   541.1   914.0  4773.3  72062.3    71839
read      250.9   128.3    74.4   121.8   135.8   229.4   281.2   315.1   339.4   365.8   397.0   441.1   540.9   741.1  3277.9  79410.0    79082
read      256.8   139.1    74.4   126.1   140.6   233.5   283.5   315.3   338.8   366.2   400.8   454.5   582.6  1177.1  2321.8 107631.0   107630
read      249.5   117.1    74.4   122.9   136.8   235.9   282.8   311.4   331.6   353.1   378.7   418.7   504.7   794.8  3070.7  60155.7    60164
read      250.2   112.8    74.4   123.0   137.3   228.0   277.1   309.2   333.3   360.4   393.4   443.5   557.3  1015.4  1982.6  97546.7    97878
read      250.7   103.7    74.4   123.0   136.9   235.0   285.5   316.6   338.4   361.3   388.6   428.8   509.9   668.8  1362.7  63819.7    63680
read      250.5   104.9    74.4   122.0   135.9   230.6   282.3   316.6   340.6   366.0   396.8   439.6   530.2   688.3  1803.9  74081.7    73888
read      252.2   110.3    74.4   122.6   136.6   234.4   285.8   317.6   340.5   364.9   393.7   434.1   522.8   729.8  3212.8  65491.3    65499
read      248.2   115.6    74.4   122.1   135.8   225.2   274.1   306.1   330.6   358.2   391.6   441.3   560.3   990.3  2549.0  96878.7    96906
read      248.3   110.3    74.4   122.9   137.0   226.0   274.5   306.0   330.3   357.9   392.1   441.7   550.7   853.4  2013.6 103313.7   103287
read      257.5   131.5    80.4   128.1   142.4   245.4   290.4   318.7   338.8   360.5   385.7   422.1   501.2   926.6  3976.8  49617.3    49664
read      254.7    83.2    80.4   138.8   155.0   251.1   284.1   303.4   319.3   336.9   358.0   389.7   456.0   582.1  1459.4  32336.7    32535
read      253.0   101.1    74.4   128.2   142.9   245.0   287.7   313.4   332.0   351.6   374.2   408.2   479.6   591.7  1886.4  46656.0    46477
read      223.3    98.6    93.8   152.4   165.5   215.8   233.7   244.8   252.5   263.2   275.3   303.6   394.4  1008.9  4667.1   7444.0     7459
read      248.1   104.8    74.4   120.9   134.4   229.8   279.7   312.3   335.4   359.7   389.1   432.4   531.6   734.8  1568.8  74018.7    74137
read      251.8   123.9    80.4   124.2   138.5   239.3   286.5   315.4   335.3   356.0   379.5   417.4   499.2   717.6  5089.0  57017.7    57061
read      249.8    82.4    80.4   133.9   149.7   246.8   279.7   297.6   313.6   331.6   352.9   383.4   449.7   592.8  1691.6  34077.7    34213
read      229.6   161.2    86.8   155.3   168.1   218.6   237.2   248.8   256.6   268.2   283.3   312.0   403.5  1317.3  7767.1   7447.7     7432
read      254.1    98.4    80.4   130.9   145.7   248.1   286.8   309.9   327.2   345.5   368.4   402.4   479.3   691.5  2429.8  41470.0    41605
read      250.4    83.9    80.4   135.5   151.8   247.1   279.7   297.5   314.0   331.8   352.3   382.2   443.4   597.0  1750.3  33041.3    32998
read      251.6   122.8    74.4   122.4   136.5   235.8   285.2   316.5   338.6   362.0   389.9   430.8   520.7   685.9  2210.4  61713.7    61636
read      252.3   108.5    74.4   122.4   136.4   235.4   285.5   318.0   340.2   363.8   392.4   433.6   526.8   745.5  2539.9  64829.0    64695
read      242.3   181.4    86.8   153.8   170.7   231.2   252.6   265.3   273.6   286.8   305.0   339.4   425.8  1282.4  7695.6  14024.3    14063
read      250.5   116.9    74.4   121.5   135.2   228.0   277.8   310.9   335.0   361.8   395.2   446.5   566.1  1110.6  2539.8  91535.7    91302
read      219.5    94.6    93.8   152.5   164.4   212.0   229.9   240.0   248.3   257.8   271.6   295.9   374.9  1011.0  3282.7   6015.0     6064
read      251.9   103.3    74.4   130.5   145.5   246.1   284.0   306.3   323.6   342.3   365.1   399.0   469.4   588.2  3124.8  41150.0    41354
read      235.7    78.5    86.8   144.7   161.8   232.5   255.7   268.2   276.5   289.5   306.8   336.0   396.0   825.6  2571.1  19913.7    19863
read      238.9    86.1    86.8   147.1   164.1   235.5   258.6   270.7   280.1   292.3   310.7   340.6   400.3   883.4  3877.5  19540.0    19488
read      236.5    96.3    86.8   153.0   169.5   230.3   251.5   264.0   272.4   284.7   300.4   332.6   401.8   943.8  4681.4  13975.3    14040
read      240.8    64.8    86.8   148.7   165.4   237.8   262.1   274.2   285.1   296.7   315.6   343.2   402.6   566.5  1632.1  19608.3    19538
read      240.4    94.0    80.4   147.3   163.9   236.1   259.7   272.3   282.5   294.4   314.3   344.2   410.3   884.1  4394.5  20029.3    20199
read      246.1   112.1    74.4   121.8   135.8   224.6   272.4   302.7   326.5   352.8   385.3   434.0   545.6   992.9  2288.7 106553.7   106657
read      246.5   107.0    74.4   121.0   134.6   225.7   274.0   305.6   330.0   357.3   389.9   436.3   542.4   814.7  1753.2  92169.3    92457
read      247.8   111.8    74.4   121.1   134.9   226.4   275.2   307.3   331.4   357.7   390.7   438.7   547.8   870.9  2456.6  93067.0    92780
read      257.3   108.7    80.4   125.4   139.5   237.7   290.1   324.4   346.8   372.3   403.3   451.7   554.9   742.8  1092.3  68320.7    68203
read      261.6   123.1    74.4   126.8   140.7   237.8   291.8   327.9   351.7   378.7   413.6   467.8   597.2   841.4  3549.7  81739.3    81753
read      267.1   156.2    74.4   128.4   142.6   246.1   298.4   332.9   355.0   378.8   409.8   458.9   583.9  1558.6  7356.5  57515.0    57748
read      249.1   103.7    80.4   148.8   166.6   244.2   270.1   284.9   295.1   311.4   332.2   362.0   422.9   806.2  5006.5  21075.0    21027
read      256.3   113.1    74.4   128.6   143.1   246.7   290.3   317.8   336.8   357.4   381.5   417.3   491.0   671.1  3411.2  49742.0    49680
read      247.1   118.8    74.4   120.8   134.4   227.6   277.2   308.5   332.9   359.4   390.4   434.7   520.6   670.9  2283.6  81904.7    82042
read      251.1   113.2    74.4   123.6   137.7   229.3   279.2   311.6   336.1   363.2   396.4   445.0   548.0   859.1  2083.2  93840.0    93691
read      254.6    90.4    74.4   129.1   144.0   247.7   289.6   316.0   334.5   354.1   375.7   409.5   477.9   583.6  1074.4  45458.7    45291
read      251.2    88.4    80.4   138.3   154.7   248.0   278.4   295.6   311.1   328.8   348.9   378.4   447.5   582.9  2600.2  30544.0    30437
read      250.3   102.3    74.4   122.6   136.6   235.3   284.3   314.7   336.6   359.8   387.1   427.7   512.8   683.4  2259.7  67653.3    67422
read      246.8   110.6    74.4   120.8   134.3   230.7   279.5   310.4   333.1   356.8   384.8   425.9   506.0   649.8  1269.3  70156.7    69956
read      251.5    96.5    80.4   134.5   150.5   247.7   280.6   299.0   315.5   333.6   354.4   385.3   455.8   865.0  2800.2  35352.3    35404
read      245.8   105.7    74.4   120.2   133.6   226.9   275.9   307.7   332.0   358.0   388.5   432.8   522.0   683.4  1935.1  80148.7    80225
read      248.6   108.8    74.4   124.8   139.0   228.1   275.6   306.8   330.4   357.5   391.0   438.0   536.6   706.3  1824.3 105881.3   105585
read      251.8   140.7    86.8   150.8   168.9   245.7   270.2   284.4   294.6   310.2   330.3   359.4   424.8  1116.7  7256.4  20024.7    20088
read      234.3   107.9    93.8   153.9   170.8   230.0   250.8   262.5   270.5   280.6   294.2   320.5   383.6   913.4  3039.4  12683.3    12672
read      239.3   111.5    86.8   151.8   168.7   234.1   255.9   268.3   276.6   289.3   306.1   335.5   400.7   904.3  6609.2  15712.0    15696
read      252.9    87.1    80.4   145.7   163.0   250.1   277.3   293.2   306.5   322.4   342.5   371.6   435.5   591.2  3003.8  25894.3    25951
read      252.5   116.4    74.4   124.7   138.9   237.0   286.4   317.0   338.5   361.7   389.3   429.0   506.9   698.4  2677.7  64850.0    65007
read      226.1    68.0    93.8   155.0   169.8   221.8   239.5   250.0   257.4   267.4   279.6   302.7   372.9   932.1  3146.6  10239.3    10189
read      247.5   114.8    74.4   121.1   134.9   228.6   277.8   309.5   332.8   357.1   386.3   430.0   522.7   773.9  2829.5  77885.3    78008
read      230.5    66.8    86.8   153.8   170.6   227.2   246.3   256.7   264.9   273.2   288.1   313.8   371.8   894.2  2414.0  12662.3    12678
read      236.2    68.2    86.8   152.2   169.6   232.9   253.5   265.5   273.4   285.2   299.6   329.5   392.3   818.6  2076.8  15848.7    15922
read      255.0    93.8    74.4   132.9   148.7   250.1   287.9   310.9   328.1   346.2   368.1   399.2   467.6   629.4  3112.9  41650.0    41774
read      255.2    95.3    80.4   135.9   152.1   251.6   285.8   306.4   322.5   340.3   361.5   392.7   461.7   621.4  2586.6  38648.7    38788
read      251.5    90.2    74.4   138.1   153.5   249.6   280.4   297.2   312.7   329.7   349.2   379.1   442.4   575.5  2175.5  34459.7    34559
read      253.8    96.9    80.4   128.2   142.5   243.3   288.8   317.0   336.4   357.3   381.7   418.6   493.0   616.2  1589.8  54841.7    54825
read      256.1    90.3    74.4   133.1   148.6   250.9   290.2   314.9   332.2   350.2   371.3   402.6   467.3   570.1  1978.9  42804.0    42697
read      236.6    69.2    86.8   156.9   173.7   232.3   252.8   264.5   272.2   283.0   296.2   324.1   389.7   922.0  3088.7  12658.3    12669
read      252.4   115.5    74.4   123.3   137.7   234.3   284.1   315.3   338.4   363.4   393.5   434.7   518.9   796.0  3026.1  69709.3    70047
read      248.7   110.7    74.4   122.6   136.6   227.5   277.1   309.6   333.8   360.4   392.7   439.1   539.2   765.0  2059.9  96195.0    96137
read      247.2   106.8    74.4   122.0   135.9   226.1   275.8   308.6   333.3   360.0   391.9   436.1   529.5   690.4  2254.4  92756.7    92934
read      247.8    81.5    86.8   149.6   167.2   244.4   269.0   282.9   293.2   308.0   327.9   357.4   420.4   708.3  3454.8  20463.7    20597
read      252.3   112.1    68.9   124.4   138.8   235.6   285.9   317.6   340.0   364.0   392.3   431.8   508.4   639.0  2331.0  66726.7    66597
read      257.1   120.1    80.4   127.4   141.6   242.6   291.3   321.3   342.4   364.7   391.9   431.4   517.4   729.9  4435.2  60107.7    59987
read      256.7   108.2    74.4   127.6   141.7   243.5   291.8   322.5   343.1   365.0   392.0   431.2   507.2   643.9  2286.2  58363.7    58456
read      255.0   107.6    74.4   126.4   140.8   241.0   290.1   320.4   341.0   363.2   390.1   429.5   505.6   639.4  3770.8  59908.3    59958
read      247.7   108.3    74.4   123.0   137.1   226.2   275.2   307.1   331.3   358.1   391.0   437.8   539.0   763.2  2471.1  98314.0    98221
read      255.6   100.1    74.4   127.5   141.8   243.8   291.5   321.1   341.4   363.0   388.5   425.1   498.1   626.1  1941.1  56016.7    55912

Total QPS = 57626.0 (103726776 / 1800.0s)

Total connections = 64
Misses = 0 (0.0%)
Skipped TXs = 0 (0.0%)

RX 25620513919 bytes :   13.6 MB/s
TX          0 bytes :    0.0 MB/s
Warning! Detected max cpu usage > 95%
CPU Usage Stats (avg/min/max): 99.89%,2.53%,100.00%
