Random waveform, supplied seed
Total number of intervals = 60 (6927, 52892, 98921, 61129, 40613, 53226, 38560, 103465, 104758, 94759, 37799, 8296, 69443, 12517, 43591, 20430, 93758, 10485, 16518, 83230, 5484, 55611, 20774, 96726, 32442, 73039, 74055, 51197, 59442, 35654, 78747, 42212, 52488, 36950, 16762, 79473, 61431, 87172, 108181, 80515, 37149, 13444, 72057, 70041, 90162, 52082, 24258, 72013, 58012, 45398, 50177, 34504, 66010, 73937, 55020, 53235, 97743, 5419, 14764, 7451)
Average QPS expected = 53209
Timestamp start: 1778808486065
Timestamp end: 1778808786353

#type       avg     std     min      p5     p10     p50     p67     p75     p80     p85     p90     p95     p99    p999   p9999      QPS   target
read      234.3   132.9   101.3   155.3   166.5   219.2   242.6   256.1   267.4   280.3   297.4   330.4   482.4  1891.1  4320.4   6945.2     6927
read      262.9   118.6    80.4   128.3   142.3   247.4   300.4   326.6   344.2   365.9   395.0   444.0   584.5  1241.4  2492.0  52634.2    52892
read      265.9   158.1    74.4   126.9   141.1   235.5   289.4   319.1   340.6   367.0   405.2   476.1   782.7  1877.4  3182.2  98944.0    98921
read      260.5   123.9    80.4   126.5   140.4   240.9   297.5   325.3   344.1   367.1   397.9   448.6   588.0  1151.2  2825.1  61175.6    61129
read      263.2   109.9    80.4   132.7   148.2   254.5   300.5   323.3   339.4   358.5   383.1   424.6   530.3   915.1  3045.2  40498.0    40613
read      261.9   111.5    80.4   128.3   142.5   246.9   300.4   326.9   344.7   366.6   395.5   441.8   566.9  1002.6  2028.0  53288.0    53226
read      263.4   107.5    80.4   133.9   149.8   255.3   300.0   322.1   338.2   357.0   381.4   421.5   524.9   920.5  2713.8  38557.8    38560
read      271.6   153.3    80.4   129.8   144.5   241.8   295.2   325.2   346.6   374.4   416.8   490.2   785.7  1840.3  2868.3 103331.2   103465
read      276.4   173.8    80.4   130.1   145.0   244.7   298.1   328.5   350.6   379.5   423.6   499.1   820.2  2190.7  3966.8 104760.6   104758
read      265.7   163.0    80.4   125.9   139.9   234.1   288.2   318.5   340.4   367.2   406.0   476.3   808.4  1908.7  3535.5  94867.8    94759
read      262.2   100.4    80.4   134.5   150.1   255.3   298.9   320.4   336.3   354.6   377.8   417.8   510.0   809.9  2066.7  37633.6    37799
read      226.1    67.5    93.8   153.0   164.9   218.9   240.9   253.6   264.2   275.3   292.6   318.9   385.6   746.9  2032.6   8278.8     8296
read      258.2   135.2    80.4   124.8   138.5   234.7   291.5   321.0   341.6   365.8   398.1   452.8   615.6  1219.7  2820.0  69558.4    69443
read      242.8    76.2    86.8   154.2   168.5   235.1   262.5   278.0   289.7   303.2   320.5   349.8   427.9   747.7  2517.4  12583.2    12517
read      261.5   103.2    80.4   131.1   145.9   252.9   300.4   323.6   339.9   359.2   383.9   425.0   527.5   857.1  2676.6  43520.0    43591
read      249.5    77.1    80.4   146.4   162.7   244.4   274.5   291.5   303.7   317.7   337.0   368.0   454.0   729.9  2303.1  20475.2    20430
read      266.0   152.5    80.4   127.4   141.4   236.7   291.4   321.6   343.1   369.9   410.1   479.9   750.5  1593.6  3546.0  93626.0    93758
read      241.9   154.8    93.8   155.4   168.8   230.1   254.8   270.1   281.3   294.4   313.1   342.5   432.4  1684.3  7890.1  10479.0    10485
read      249.9    81.2    86.8   151.7   167.1   243.4   273.0   289.8   301.8   316.3   335.7   365.9   434.9   793.8  2527.7  16409.2    16518
read      257.1   124.6    80.4   124.6   138.6   231.5   287.0   317.2   338.6   364.1   399.5   462.2   647.5  1140.0  2045.9  83328.8    83230
read      224.5    83.7   101.3   155.1   166.0   215.2   235.4   248.6   257.8   269.7   285.7   313.1   385.7  1088.7  3023.5   5486.0     5484
read      260.0   113.6    74.4   127.6   141.4   244.3   298.8   325.6   343.7   365.5   394.1   438.8   549.0  1031.9  2404.0  55327.2    55611
read      254.6    78.9    80.4   148.8   164.6   249.1   281.1   298.3   311.9   327.2   346.4   378.3   456.2   717.3  2062.0  20764.6    20774
read      271.3   176.6    74.4   128.1   142.3   238.3   292.7   323.1   344.8   372.3   414.1   489.3   850.7  2088.4  5123.4  96475.0    96726
read      260.2    96.6    80.4   137.4   153.0   254.9   294.8   315.3   330.0   346.1   369.5   406.6   494.7   691.2  1165.1  32530.2    32442
read      256.0   125.9    80.4   123.6   137.3   232.5   289.0   318.5   339.0   363.1   395.9   452.9   608.9  1245.4  2761.9  72984.0    73039
read      257.2   131.8    80.4   124.0   137.7   232.4   289.0   318.9   339.7   364.1   397.8   456.4   627.3  1345.6  2945.2  74011.6    74055
read      258.5   106.5    80.4   127.6   141.5   246.0   297.8   323.1   340.6   361.3   388.8   432.3   537.4   843.1  2280.6  51245.4    51197
read      258.7   118.7    80.4   125.7   139.5   240.6   296.0   323.4   342.1   364.4   394.3   443.2   572.2  1142.4  2820.6  59320.2    59442
read      262.0   126.2    80.4   135.2   150.8   254.6   296.3   317.5   332.9   349.8   372.3   411.7   507.4   897.4  5358.7  35522.8    35654
read      255.7   126.4    80.4   123.3   137.0   230.6   287.2   317.5   338.5   363.4   397.5   457.7   629.6  1162.5  2613.7  78527.6    78747
read      260.1   105.2    80.4   131.4   146.4   251.6   298.2   320.7   336.8   355.5   380.0   421.5   517.9   756.4  2526.7  42113.2    42212
read      259.0   115.1    80.4   127.5   141.5   245.0   298.5   324.4   342.0   363.3   390.7   433.3   538.9   854.7  2618.4  52463.6    52488
read      260.4    94.1    86.8   134.2   149.6   254.6   297.3   319.0   334.8   352.5   375.0   413.2   499.8   719.4  1714.2  36972.6    36950
read      248.0    91.5    86.8   150.1   165.8   242.0   271.0   287.4   298.6   313.5   332.7   363.6   432.3   709.4  2527.3  16810.6    16762
read      256.6   120.8    80.4   123.8   137.8   231.6   287.8   318.2   339.6   365.2   400.0   460.1   638.4  1090.0  1872.8  79320.4    79473
read      258.1   113.3    80.4   126.0   139.7   239.8   296.4   324.3   343.5   366.3   396.2   445.5   562.3   869.3  1552.6  61370.6    61431
read      261.2   146.1    74.4   125.1   139.2   232.5   287.7   318.3   340.3   366.5   403.4   469.1   708.7  1508.1  3864.2  87255.6    87172
read      293.4   215.7    80.4   133.4   149.7   254.8   310.8   342.5   367.8   401.2   450.4   537.0   968.9  2762.3  5076.9 108198.2   108181
read      288.6   272.6    80.4   127.2   141.5   242.3   300.8   333.2   357.0   388.4   435.8   529.4  1110.9  3791.7  8004.6  80351.2    80515
read      263.6   105.9    80.4   136.1   151.6   256.4   299.9   322.2   338.0   356.3   379.8   418.8   506.0   802.1  2485.3  37322.4    37149
read      249.7    89.8    80.4   156.9   172.6   241.7   269.3   285.3   296.3   311.7   331.0   362.8   441.6   781.9  3128.7  13456.4    13444
read      256.9   129.4    80.4   123.8   137.7   233.3   289.8   319.7   340.1   364.3   397.6   454.8   613.0  1164.0  3364.7  71949.2    72057
read      257.3   118.1    80.4   124.0   137.8   234.4   292.2   322.1   342.4   366.9   400.1   456.4   606.1  1047.1  1944.0  69992.4    70041
read      262.3   150.9    80.4   125.5   139.3   232.3   287.6   318.3   339.8   366.1   403.3   469.7   743.6  1726.5  3230.6  90252.8    90162
read      260.1   113.8    80.4   128.0   142.0   246.5   299.7   325.1   342.6   363.8   391.3   434.3   538.4   934.0  2612.6  52176.4    52082
read      257.9    83.1    80.4   144.5   161.3   252.7   287.5   306.2   318.8   335.3   356.0   390.4   472.4   733.9  1265.9  24223.2    24258
read      255.9   129.8    74.4   123.2   137.0   232.2   288.9   318.2   338.5   362.4   395.2   452.7   612.2  1308.3  3658.1  72005.4    72013
read      257.1   111.7    80.4   126.2   140.0   240.1   295.2   322.0   340.6   362.5   391.4   437.9   554.8   906.8  2546.0  58082.8    58012
read      260.0   103.4    80.4   130.3   145.2   250.6   299.4   322.8   339.3   358.8   383.9   425.2   523.1   781.3  1233.4  45376.6    45398
read      257.8   114.0    80.4   128.0   141.9   245.8   297.0   321.6   338.9   358.9   384.6   428.1   529.7   834.8  2446.2  50066.6    50177
read      260.3    98.5    80.4   135.7   151.4   254.1   295.5   316.3   331.3   347.8   370.9   407.9   498.6   802.0  2715.4  34542.6    34504
read      256.3   114.0    80.4   124.5   138.2   236.2   292.6   320.9   340.6   363.8   395.0   447.0   578.1   960.5  2091.6  65964.8    66010
read      258.8   139.4    80.4   124.3   138.3   233.8   290.7   320.5   341.4   366.2   400.2   460.2   636.6  1183.7  3447.4  74041.0    73937
read      260.6   117.7    80.4   127.8   141.7   244.9   299.1   326.0   343.9   366.3   395.8   444.4   562.8   824.5  2878.0  55035.4    55020
read      261.6   109.8    80.4   129.4   143.6   246.9   299.9   326.1   344.1   365.9   394.9   441.7   550.5   917.7  2621.7  53100.2    53235
read      280.2   181.4    80.4   130.5   145.5   245.5   300.6   331.7   354.8   385.4   430.9   509.5   887.4  2262.3  3987.0  97851.4    97743
read      234.8   256.9   101.3   154.7   165.4   213.4   233.9   246.5   254.8   268.1   286.4   317.9   508.3  4810.0  8670.5   5471.8     5419
read      247.1    73.2    86.8   154.7   170.1   240.8   268.4   284.3   295.6   310.5   328.6   356.9   428.4   722.0  1456.2  14738.4    14764
read      226.0    68.5   101.3   155.4   167.0   218.9   239.6   252.3   262.0   272.8   289.2   314.7   375.4   776.5  2496.8   7451.6     7451

Total QPS = 53184.1 (15955233 / 300.0s)

Total connections = 64
Misses = 0 (0.0%)
Skipped TXs = 0 (0.0%)

RX 3940942551 bytes :   12.5 MB/s
TX          0 bytes :    0.0 MB/s
Warning! Detected max cpu usage > 95%
CPU Usage Stats (avg/min/max): 99.73%,49.50%,100.00%
