Random waveform, supplied seed
Total number of intervals = 20 (6927, 52892, 98921, 61129, 40613, 53226, 38560, 103465, 104758, 94759, 37799, 8296, 69443, 12517, 43591, 20430, 93758, 10485, 16518, 83230)
Average QPS expected = 52565
Timestamp start: 1778886784525
Timestamp end: 1778887084798

#type       avg     std     min      p5     p10     p50     p67     p75     p80     p85     p90     p95     p99    p999   p9999      QPS   target
read      228.2    90.6    86.8   152.3   164.7   221.5   244.6   257.5   267.6   279.1   295.7   318.7   373.9   810.1  3391.9   6921.4     6927
read      271.5   117.9    74.4   127.4   141.7   253.7   315.6   345.9   367.9   393.7   427.2   472.5   576.4   768.3  1808.2  52907.8    52892
read      250.2   119.2    74.4   127.4   141.1   230.1   280.2   309.4   329.1   351.5   379.6   424.2   538.2  1097.2  3359.8  98979.2    98921
read      255.7   108.3    74.4   127.0   141.0   240.4   298.6   326.4   344.4   364.9   389.2   425.6   498.2   633.2  2555.6  61169.5    61129
read      271.7   107.4    74.4   132.9   148.7   262.5   316.7   341.9   359.7   379.6   404.3   445.1   524.3   697.9  2748.1  40595.9    40613
read      272.2   120.5    74.4   127.2   141.5   253.6   316.0   346.9   369.0   395.1   429.3   476.6   581.8   858.4  2171.6  53201.1    53226
read      274.5   109.2    74.4   134.7   150.6   266.3   319.9   344.9   362.6   382.5   407.3   447.1   522.6   682.8  3032.4  38568.9    38560
read      250.6   112.2    74.4   128.2   142.3   231.5   280.8   309.4   329.0   351.3   379.0   423.1   534.7   977.2  3007.1 103491.5   103465
read      251.2   104.4    74.4   129.2   143.5   233.6   282.6   310.7   329.9   351.7   378.8   422.1   527.3   850.2  2218.7 104946.6   104758
read      247.7   105.3    68.9   126.0   139.8   228.8   279.8   309.7   329.6   351.5   378.3   420.6   514.9   814.7  2188.1  94764.8    94759
read      274.8   126.7    74.4   134.4   150.3   264.0   316.3   341.2   358.9   378.8   403.8   446.5   545.7  1331.9  3018.8  37827.1    37799
read      228.4   120.2    86.8   149.1   160.7   218.0   241.3   254.4   264.8   275.3   293.1   317.7   395.0  1721.1  4240.2   8298.1     8296
read      254.6   128.3    74.4   125.1   139.1   234.9   292.3   321.6   341.0   363.1   389.9   430.8   524.6   871.0  4610.9  69426.9    69443
read      243.4    85.2    86.8   151.4   165.6   237.1   265.3   280.5   292.1   305.4   320.0   344.9   403.8  1127.3  2413.8  12532.7    12517
read      270.9   149.3    74.4   127.5   141.7   252.7   310.0   338.4   358.6   381.6   411.3   457.3   564.1  2052.6  4189.1  43637.0    43591
read      260.0   118.5    80.4   145.5   161.5   253.1   290.0   308.8   320.5   335.8   354.1   383.2   462.2  1407.6  3917.0  20409.4    20430
read      250.8   125.1    74.4   125.5   139.3   228.6   280.2   310.4   330.7   353.7   382.5   427.8   560.4  1358.3  3209.8  93742.3    93758
read      238.3   115.6    86.8   151.9   165.2   230.0   256.0   270.7   281.7   294.9   311.5   335.8   400.0  1236.6  6297.0  10457.3    10485
read      260.8   122.7    80.4   152.8   168.5   253.1   286.5   304.1   315.5   329.5   346.1   374.3   460.1  1512.7  4198.4  16443.5    16518
read      250.9   121.4    68.9   124.7   138.6   229.8   283.9   314.4   334.9   357.8   385.7   429.5   543.3  1009.0  3615.0  83252.5    83230

Total QPS = 52578.7 (15773602 / 300.0s)

Total connections = 64
Misses = 0 (0.0%)
Skipped TXs = 0 (0.0%)

RX 3896079694 bytes :   12.4 MB/s
TX          0 bytes :    0.0 MB/s
Warning! Detected max cpu usage > 95%
CPU Usage Stats (avg/min/max): 99.72%,50.00%,100.00%
