Random waveform, supplied seed
Total number of intervals = 450 (6927, 52892, 98921, 61129, 40613, 53226, 38560, 103465, 104758, 94759, 37799, 8296, 69443, 12517, 43591, 20430, 93758, 10485, 16518, 83230, 5484, 55611, 20774, 96726, 32442, 73039, 74055, 51197, 59442, 35654, 78747, 42212, 52488, 36950, 16762, 79473, 61431, 87172, 108181, 80515, 37149, 13444, 72057, 70041, 90162, 52082, 24258, 72013, 58012, 45398, 50177, 34504, 66010, 73937, 55020, 53235, 97743, 5419, 14764, 7451, 48208, 16149, 78989, 18886, 75954, 44409, 16431, 85707, 58253, 103867, 21604, 90401, 84467, 99700, 32052, 18173, 67789, 51929, 83850, 18614, 29315, 108090, 27024, 49907, 9150, 34328, 51881, 14569, 81517, 78694, 93409, 39093, 18729, 70818, 21942, 91810, 39588, 40957, 62645, 15539, 107672, 32954, 58866, 23739, 54701, 60706, 72350, 58661, 34912, 103268, 38703, 83358, 57408, 86837, 33517, 66204, 73758, 99742, 109462, 94453, 44096, 100467, 8576, 59359, 7614, 60329, 43762, 67038, 26095, 71173, 109276, 13150, 61250, 84472, 82226, 27671, 98736, 106314, 105027, 96867, 89493, 50538, 22083, 48618, 94298, 63579, 64573, 77178, 29824, 64495, 20917, 85651, 61935, 50216, 72251, 71798, 19701, 24952, 81838, 26648, 24837, 29420, 103882, 70314, 61679, 49557, 19325, 9128, 94933, 24327, 71896, 93771, 20452, 42338, 72627, 80603, 49049, 92305, 56889, 78036, 71583, 72609, 107382, 86530, 16550, 84534, 72631, 49291, 62175, 80213, 16566, 53985, 101949, 24076, 52574, 106271, 105451, 86087, 29108, 101115, 74326, 75832, 94901, 15809, 28874, 51882, 32653, 41676, 63019, 99164, 47055, 62394, 98519, 32122, 49464, 24034, 77363, 91698, 38997, 86028, 83012, 15024, 56640, 97362, 107412, 65030, 79278, 47544, 105368, 58181, 56960, 14849, 63672, 48289, 11797, 10781, 49362, 102119, 46213, 97025, 18351, 21426, 43013, 67376, 36043, 6255, 102499, 26263, 56974, 40869, 46514, 11431, 58600, 68058, 54502, 64022, 52142, 101375, 40606, 47485, 48977, 38615, 80279, 75843, 67095, 41325, 55752, 85561, 14194, 88002, 90515, 109283, 26699, 37400, 19307, 11527, 83787, 22209, 75169, 73833, 94641, 61338, 91825, 77235, 37257, 32057, 108618, 72930, 43714, 87369, 56640, 97360, 79788, 11352, 87962, 40663, 59386, 48302, 19398, 82197, 77387, 72753, 7720, 46279, 42102, 90892, 39976, 61084, 16735, 45909, 28976, 84704, 101822, 92571, 12106, 58568, 51319, 21556, 14191, 29072, 16350, 86891, 104441, 8906, 42175, 51797, 76678, 19630, 100132, 40498, 108559, 23964, 70760, 99567, 107548, 53742, 103931, 60359, 9725, 52014, 40053, 86436, 23983, 66595, 26056, 51764, 40202, 76665, 11133, 80405, 79106, 97258, 36307, 28636, 41620, 75736, 44979, 31478, 37586, 108330, 64301, 11203, 7291, 87477, 77485, 42055, 26865, 94592, 66869, 17835, 55977, 82437, 15775, 87559, 105401, 88752, 94531, 101303, 86640, 84818, 20221, 43599, 52779, 89855, 48532, 107423, 46535, 47535, 49633, 30334, 17207, 106074, 48912, 96483, 39228, 92350, 85084, 81993, 101617, 16730, 71079, 108942, 55406, 42279, 21876, 34140, 42897, 18462, 100375, 41347, 101594, 47486, 73393, 51134, 58201, 71020, 72071, 93446, 28724, 59269, 74624, 52368, 9687, 44165, 6895, 55457, 61164, 108384, 33319, 97895, 39720, 68554, 86849, 30264, 100754, 98098, 86028, 93054, 42348, 29490, 18187, 95113, 8570, 62285, 52582, 34260, 59493, 58208, 93458, 18056)
Average QPS expected = 58024
Timestamp start: 1778920557416
Timestamp end: 1778922357810

#type       avg     std     min      p5     p10     p50     p67     p75     p80     p85     p90     p95     p99    p999   p9999      QPS   target
read      229.3   115.9   101.3   154.9   166.8   221.3   243.9   257.8   267.3   277.8   292.8   316.2   382.3   826.2  6103.9   6866.0     6927
read      271.7   114.0    74.4   129.4   144.2   254.4   312.8   343.0   366.1   393.1   426.6   473.7   571.7   833.6  1326.3  52920.2    52892
read      272.8   166.2    68.9   127.5   141.8   234.7   290.7   321.8   346.5   380.0   429.9   534.0   869.9  1729.4  3587.6  98829.0    98921
read      260.1   102.0    68.9   128.6   143.4   244.3   302.0   329.0   347.3   370.0   398.1   438.0   524.1   674.4  1300.2  60943.0    61129
read      271.8   118.9    80.4   136.9   152.3   264.7   313.1   336.7   353.5   373.2   398.9   435.9   518.6   830.6  2435.8  40392.0    40613
read      271.6   112.5    80.4   130.3   145.2   253.7   313.6   343.6   366.4   393.4   426.3   471.6   564.4   726.6  1274.3  53228.2    53226
read      275.7   101.4    74.4   138.6   154.0   268.8   319.5   343.8   362.4   383.5   408.5   447.2   522.3   741.6  1489.2  38757.8    38560
read      263.2   159.6    68.9   128.3   143.1   235.3   288.4   316.4   337.1   362.8   396.8   454.9   729.1  1966.9  3692.0 103376.5   103465
read      256.1   106.7    74.4   129.2   143.9   235.8   288.8   316.6   336.7   360.8   392.3   439.7   554.5   869.4  1603.7 104709.5   104758
read      253.6   117.0    74.4   126.6   141.0   232.3   286.0   314.3   334.5   358.8   390.9   437.3   550.0   975.5  2635.9  94690.8    94759
read      272.9   104.3    74.4   139.1   154.8   268.4   315.9   338.5   354.6   372.9   397.2   431.8   505.1   655.9  2908.6  37845.5    37799
read      236.6    72.0    93.8   157.3   169.7   229.3   256.3   269.9   279.5   290.9   305.6   329.0   395.7   798.2  2024.6   8310.5     8296
read      275.4   132.7    74.4   127.1   141.3   245.6   308.5   344.4   374.4   410.0   454.6   519.4   664.4  1022.8  1963.6  69485.0    69443
read      259.8   155.5    93.8   157.8   172.6   246.2   277.3   292.9   304.1   316.6   334.6   364.7   570.6  2140.5  6338.2  12568.5    12517
read      279.5   162.4    80.4   133.5   148.9   260.7   316.4   344.3   365.2   389.6   420.0   464.3   580.4  2331.4  4681.7  43833.0    43591
read      264.3   103.1    86.8   150.3   165.4   260.3   295.8   313.1   324.9   339.2   358.0   388.1   464.3  1587.6  2863.4  20418.2    20430
read      353.8   416.9    74.4   128.2   143.4   248.2   314.5   366.3   417.2   489.8   602.0   871.8  2131.3  5263.3  8042.3  93954.2    93758
read      237.6   130.7    93.8   151.7   164.2   226.6   253.9   268.6   278.6   290.6   305.9   331.2   420.4  1772.1  4729.2  10425.5    10485
read      256.7   111.2    80.4   152.2   167.2   250.7   283.5   299.1   310.5   322.2   340.1   368.6   445.1  1456.1  3906.3  16610.2    16518
read      296.7   246.3    74.4   124.0   138.4   238.4   305.9   349.7   388.5   437.0   501.3   612.0  1074.4  3125.0  7516.2  83129.0    83230
read      215.5    93.2   101.3   147.6   157.5   205.4   225.9   236.9   247.0   258.1   272.4   294.9   380.5  1444.4  3187.9   5462.8     5484
read      273.4   141.4    74.4   125.9   140.3   249.0   310.7   343.2   368.4   397.3   432.5   483.6   629.8  1559.4  2809.2  55268.5    55611
read      259.1    84.3    80.4   148.4   163.6   257.0   292.0   308.9   319.9   334.5   352.1   383.3   445.2   828.8  2456.6  20747.2    20774
read      283.1   252.7    74.4   128.7   143.7   240.0   295.4   325.1   347.2   375.4   414.2   485.0  1326.9  3393.7  7329.9  96636.5    96726
read      274.5    99.7    74.4   144.4   160.6   273.3   315.8   336.4   350.5   367.9   390.3   423.6   493.9   692.7  2272.0  32366.8    32442
read      284.9   185.2    80.4   126.7   141.1   245.6   310.7   349.1   381.8   421.9   471.6   545.7   765.6  2211.5  5557.6  73146.0    73039
read      287.0   218.6    74.4   124.2   138.5   242.3   308.8   348.6   382.3   423.4   473.4   548.4   803.6  3207.1  5690.7  74085.0    74055
read      273.2   147.8    80.4   127.8   141.9   250.7   310.7   341.2   364.4   391.4   425.0   472.0   618.7  1785.8  3932.4  51350.5    51197
read      280.4   182.5    74.4   126.1   140.5   249.1   313.0   346.9   373.8   405.0   445.4   503.9   724.4  2186.8  5825.8  59296.8    59442
read      270.1   114.1    80.4   137.7   152.3   262.3   310.8   333.8   349.5   369.5   394.1   429.3   507.9  1288.5  2439.3  35812.5    35654
read      282.9   199.6    74.4   122.7   136.9   236.7   303.5   344.4   379.5   421.4   473.0   550.5   840.7  2628.5  4386.3  78742.8    78747
read      270.2   140.0    74.4   130.7   145.6   255.1   309.0   335.3   354.2   376.4   403.7   445.7   549.3  1822.6  4155.4  42427.5    42212
read      276.1   158.3    74.4   127.8   142.0   252.5   312.7   343.9   368.2   396.4   430.3   480.0   626.1  1989.8  3836.3  52554.5    52488
read      273.3   131.2    74.4   137.2   151.9   262.8   312.6   337.0   354.4   374.8   401.3   437.7   537.2  1434.7  4086.2  36939.5    36950
read      256.1    87.1    86.8   151.6   166.7   252.3   284.9   300.6   312.2   324.9   342.1   370.2   434.4  1102.0  2395.2  16732.2    16762
read      292.5   247.7    74.4   124.2   138.6   239.7   307.4   349.4   385.8   429.7   485.8   573.6   927.3  3510.7  7433.6  79447.8    79473
read      281.3   184.0    74.4   125.6   140.1   247.2   311.1   346.2   373.8   405.8   446.9   508.4   797.4  2380.6  4271.4  61436.2    61431
read      299.8   256.7    74.4   124.2   138.7   237.4   304.2   348.6   389.9   443.0   510.2   626.1  1146.4  3216.1  7160.3  86885.8    87172
read      286.3   254.1    74.4   131.9   147.7   246.9   300.7   330.7   353.4   382.3   421.5   491.9   936.4  3569.0  7400.4 108112.5   108181
read      256.6   115.7    68.9   126.9   141.3   234.1   290.8   319.7   340.5   365.8   397.5   443.8   562.7   932.3  2820.0  80620.8    80515
read      277.1   138.3    74.4   138.8   154.5   266.2   316.0   339.4   356.4   376.0   402.3   443.5   552.0  1845.9  3954.7  37186.5    37149
read      258.0   161.6    93.8   155.7   170.5   247.9   279.1   294.6   306.0   318.0   335.3   362.7   458.8  2027.2  7844.1  13456.2    13444
read      273.8   133.6    74.4   124.5   138.9   242.4   306.0   342.3   372.8   409.7   456.6   524.6   687.0   965.6  1939.1  71938.2    72057
read      270.0   131.8    74.4   123.4   138.1   238.9   302.5   338.5   368.1   403.6   448.2   512.3   660.9   994.8  1812.0  70130.5    70041
read      258.4   125.7    74.4   126.3   141.0   232.8   288.0   317.4   338.9   365.3   400.0   458.8   650.9  1077.4  3030.9  90110.8    90162
read      264.3    97.5    74.4   132.2   147.5   254.7   309.3   334.0   350.6   371.1   396.2   431.4   504.4   625.4   864.6  51998.0    52082
read      271.9    94.2    86.8   151.0   167.6   272.2   307.9   325.0   337.2   351.1   370.8   400.7   467.2   640.1  2861.2  24372.5    24258
read      272.3   135.5    74.4   124.8   139.2   240.7   304.4   340.7   370.5   408.9   454.4   520.7   666.1   974.5  1968.7  72013.2    72013
read      289.3   207.5    74.4   129.0   143.6   253.7   317.4   352.8   379.9   413.5   454.7   520.5   840.5  2777.2  7034.4  58232.2    58012
read      286.9   150.2    74.4   136.1   151.4   267.3   325.0   356.3   379.2   404.9   438.4   489.8   628.2  1824.0  3997.4  45492.5    45398
read      279.2   166.9    80.4   131.2   146.2   256.2   315.9   346.1   368.9   395.7   427.5   471.9   602.3  2392.5  4124.2  50080.0    50177
read      271.8   121.8    74.4   138.9   153.5   263.0   311.0   333.9   349.5   368.5   393.2   429.4   523.2  1616.6  3335.4  34514.2    34504
read      295.1   219.3    74.4   128.8   143.1   253.3   319.4   359.4   390.4   427.6   476.6   551.7   880.2  2929.9  6329.1  66035.2    66010
read      291.2   211.5    74.4   126.1   140.5   245.0   312.7   355.1   390.5   431.9   484.1   564.2   849.5  2854.4  4974.2  74262.0    73937
read      278.2   176.0    74.4   127.8   142.0   251.2   312.6   344.9   369.9   398.5   432.9   485.6   652.6  2448.3  5891.6  55065.2    55020
read      281.6   178.6    74.4   129.5   144.1   255.5   316.2   348.2   373.3   400.6   434.3   484.6   635.4  2648.4  4066.7  53274.5    53235
read      289.6   257.6    74.4   126.7   141.4   236.0   293.9   327.6   354.7   391.4   447.2   577.3  1223.0  3451.8  7250.9  97888.0    97743
read      221.9    75.7    93.8   151.6   162.8   214.7   235.4   249.2   258.9   270.3   285.3   309.0   370.8   790.9  2173.7   5399.5     5419
read      254.0   109.4    86.8   154.7   169.7   249.5   280.7   295.6   306.7   318.3   335.1   361.2   428.8   954.7  3792.6  14813.0    14764
read      223.3    67.6    93.8   150.3   161.4   215.9   238.2   252.4   262.5   273.1   288.3   311.3   378.1   884.3  2012.8   7384.5     7451
read      283.1   162.3    74.4   133.1   148.2   260.9   319.5   350.2   374.2   400.3   433.2   484.0   633.7  2136.9  3927.5  48139.2    48208
read      261.6   123.0    86.8   155.1   170.4   254.9   287.4   303.8   315.1   328.8   345.5   374.4   455.2  1862.1  3189.2  16091.5    16149
read      295.0   247.3    74.4   124.7   139.0   240.3   307.0   349.0   386.2   431.5   486.7   576.4  1102.0  3195.2  7053.9  78763.8    78989
read      263.0   100.6    86.8   151.5   167.2   258.5   292.6   309.7   320.7   335.9   354.4   386.2   463.5  1238.1  3022.6  19065.5    18886
read      285.3   200.5    74.4   123.1   137.3   238.5   305.7   346.6   383.3   425.6   478.3   561.5   901.3  2312.9  5418.0  76093.2    75954
read      274.8   135.1    74.4   132.5   147.6   258.8   315.1   342.9   363.8   388.0   417.7   460.1   559.2  1582.2  3014.4  44342.0    44409
read      258.9   111.1    93.8   153.5   168.6   252.3   285.4   301.5   312.9   325.7   342.6   371.5   459.7  1453.9  3802.2  16431.8    16431
read      335.7   313.6    74.4   131.8   147.5   253.7   321.4   372.5   422.1   490.8   586.5   783.0  1568.1  3659.1  7704.8  85653.2    85707
read      280.7   179.7    74.4   127.6   141.9   251.1   313.4   347.4   375.2   406.2   445.4   503.2   666.0  2462.0  4678.6  58011.8    58253
read      281.1   229.1    74.4   130.5   146.0   244.4   299.0   328.8   350.6   378.8   417.8   486.5   877.4  3205.2  7460.1 103864.5   103867
read      266.9    96.0    86.8   152.3   168.5   267.1   300.8   316.9   328.4   341.2   358.6   385.3   447.9   833.7  2634.5  21654.0    21604
read      264.8   143.4    74.4   128.6   143.2   236.9   292.2   321.2   342.9   369.4   403.8   463.4   726.8  1609.5  3577.2  90537.0    90401
read      254.9   112.1    74.4   126.1   140.5   233.5   289.5   318.2   338.7   363.4   395.1   440.6   551.5   880.7  2725.4  84451.2    84467
read      257.2   115.7    74.4   128.6   143.0   235.2   288.9   317.1   337.6   362.4   394.9   445.3   574.0  1006.9  2782.2  99479.2    99700
read      273.4   118.9    74.4   143.1   159.0   268.9   313.2   334.2   348.1   366.0   388.3   422.2   499.3  1109.3  3060.9  32173.8    32052
read      257.9   106.1    86.8   150.9   166.0   252.8   286.3   302.7   314.0   327.3   344.2   372.8   448.3  1437.9  3038.6  18085.8    18173
read      300.2   224.1    74.4   127.7   142.1   251.7   318.8   362.4   397.5   440.4   494.9   580.8  1005.3  3039.5  4847.8  67760.0    67789
read      277.3   157.0    74.4   128.6   143.0   253.5   313.9   345.4   370.8   400.0   434.0   485.8   609.5  1981.3  4011.9  51953.8    51929
read      306.0   245.2    74.4   127.5   141.8   245.0   313.2   360.9   403.1   458.1   528.7   652.4  1056.6  3055.6  7037.9  83745.5    83850
read      256.8   114.6    86.8   149.5   164.1   251.8   285.8   302.0   313.3   326.3   343.1   370.2   439.1  1459.5  4488.7  18603.2    18614
read      272.6   102.3    86.8   144.3   159.6   268.1   310.8   331.8   346.1   365.1   388.4   422.8   502.2  1083.6  2496.7  29319.0    29315
read      286.4   248.2    74.4   131.4   147.2   243.8   296.8   326.5   348.4   377.6   418.4   496.4  1231.0  3453.7  7239.6 108368.2   108090
read      272.3    90.2    80.4   148.8   164.7   273.1   310.8   328.7   340.7   356.0   374.7   404.6   475.6   795.2  2412.0  27023.2    27024
read      276.3   139.4    74.4   130.8   145.9   256.4   315.3   345.5   369.3   395.9   428.6   476.0   592.0  1373.0  3871.9  49932.2    49907
read      228.5    95.8    86.8   150.5   162.1   220.0   244.5   259.2   269.0   280.4   294.9   317.6   385.2  1630.8  2524.9   9116.0     9150
read      273.1   131.2    80.4   139.0   154.1   263.1   310.9   334.2   350.3   370.2   396.4   433.9   531.5  1726.0  4003.7  34188.8    34328
read      280.3   161.3    80.4   130.1   144.7   255.5   316.6   348.9   373.5   401.1   435.0   488.0   640.6  2135.5  3353.4  51951.2    51881
read      249.5    90.7    86.8   152.6   166.8   243.1   274.7   290.1   300.4   312.9   328.4   353.9   426.7  1271.0  2688.4  14513.8    14569
read      296.5   233.2    74.4   124.6   139.1   239.2   306.8   350.8   390.1   437.9   499.3   605.4  1108.7  2771.6  5082.7  81466.5    81517
read      298.1   247.4    74.4   126.1   140.8   244.9   312.6   356.0   392.0   435.7   492.1   583.2  1040.9  3470.3  6716.5  78764.8    78694
read      283.7   242.5    74.4   129.6   144.9   242.7   297.7   328.1   350.5   379.0   418.6   492.2  1145.7  3280.9  7493.6  93244.8    93409
read      278.7   106.5    74.4   143.3   159.9   273.4   320.9   343.4   360.5   379.6   403.0   440.9   527.3   785.5  3283.5  39049.2    39093
read      265.8    95.9    80.4   155.3   171.6   263.1   296.1   312.8   323.9   337.9   355.7   386.1   457.3   920.6  3802.6  18650.0    18729
read      290.7   222.5    74.4   125.2   139.6   245.3   312.3   352.5   385.2   423.7   470.2   546.3   911.0  2902.0  5641.0  70780.8    70818
read      264.5    98.5    86.8   148.9   164.2   260.8   297.0   315.1   327.8   342.2   362.3   392.5   463.3  1290.5  2336.9  21911.0    21942
read      291.7   273.9    74.4   129.2   144.2   241.7   298.8   330.2   353.5   383.5   426.9   518.4  1342.7  3447.8  7745.9  91850.2    91810
read      273.5    99.6    80.4   139.5   154.9   268.1   317.1   340.4   357.1   375.7   400.5   435.1   510.9   753.4  1911.8  39498.0    39588
read      276.5   126.4    80.4   135.4   150.9   264.8   318.0   344.3   364.3   387.5   416.0   457.4   548.6  1122.3  2767.1  40823.2    40957
read      280.9   201.6    74.4   125.3   140.0   247.0   310.9   346.1   373.8   406.7   446.9   503.8   676.6  3006.9  5845.4  62553.8    62645
read      250.1    86.4    93.8   152.1   166.8   245.7   277.3   292.5   303.2   315.2   331.1   355.2   417.3   934.4  2536.6  15572.2    15539
read      272.2   164.7    74.4   131.1   146.5   242.8   296.3   325.6   346.6   373.9   410.0   471.7   785.4  2030.6  3991.4 107470.5   107672
read      276.3   108.5    86.8   143.9   160.6   274.0   317.4   338.4   353.0   370.2   392.7   426.3   502.5   864.3  3352.2  33035.5    32954
read      273.2   132.7    74.4   127.6   142.0   249.2   311.4   343.6   369.8   399.6   435.2   488.7   603.6  1213.9  3247.9  58784.8    58866
read      263.3   103.7    80.4   145.1   160.5   259.9   296.7   315.1   328.1   342.8   363.9   396.1   477.3  1014.6  1922.9  23774.2    23739
read      302.9   259.7    80.4   130.7   146.2   260.0   322.9   359.7   387.4   420.2   462.5   538.9  1103.3  3234.2  8118.9  54689.2    54701
read      280.2   166.9    74.4   126.8   141.1   249.3   313.8   349.3   376.7   408.4   448.4   507.1   724.7  1882.1  3813.6  60692.5    60706
read      288.1   196.0    74.4   124.6   139.1   243.8   311.3   352.6   386.8   427.4   478.5   559.8   863.5  2512.8  4181.6  72402.8    72350
read      276.7   157.2    74.4   126.5   140.6   248.9   311.7   345.6   372.4   402.7   439.8   495.3   643.6  1967.3  3946.5  58724.2    58661
read      271.9   125.2    74.4   137.8   152.4   262.7   311.1   334.6   351.1   370.5   396.0   432.4   518.5  1710.1  2949.5  34937.5    34912
read      282.9   232.2    68.9   129.7   144.9   240.0   294.5   324.6   347.2   377.0   420.5   509.3  1117.6  2907.4  7372.9 103167.8   103268
read      277.3   119.2    74.4   139.9   155.8   271.1   320.0   343.3   360.9   380.8   404.3   441.2   526.3   827.3  3121.8  38652.8    38703
read      299.1   259.7    74.4   126.8   141.4   242.0   307.7   350.1   389.7   439.0   503.6   613.7  1039.0  3009.0  7913.4  83407.8    83358
read      276.9   174.0    74.4   125.7   139.9   247.8   310.8   344.1   370.7   400.6   437.3   493.7   657.8  2370.6  4844.4  57491.0    57408
read      303.8   261.0    74.4   124.7   139.3   238.9   306.4   351.4   392.3   445.9   517.3   643.5  1229.8  3195.7  7184.3  86798.5    86837
read      273.9   114.1    80.4   140.7   156.2   266.5   313.8   336.7   353.0   372.3   396.9   432.5   519.4  1162.9  2649.1  33442.8    33517
read      312.7   271.6    74.4   129.0   143.9   256.1   324.7   369.9   405.0   448.8   507.4   625.9  1233.0  3394.9  8054.5  66317.0    66204
read      334.9   355.7    74.4   132.1   148.5   266.2   338.9   388.2   425.0   467.7   529.0   660.4  1464.8  4625.1  9177.7  73931.8    73758
read      274.5   198.7    74.4   129.0   143.9   240.5   295.7   324.9   346.3   374.0   411.3   474.2   858.4  2898.4  4816.5  99677.2    99742
read      264.6   128.1    74.4   131.1   146.6   242.2   295.4   323.5   344.2   370.3   403.2   458.4   611.8  1282.8  2361.3 109632.8   109462
read      255.5   118.6    74.4   127.6   142.0   233.3   287.4   315.6   336.0   360.6   392.2   440.7   569.4  1094.7  2914.5  94557.8    94453
read      271.5    95.9    74.4   138.4   154.0   266.7   318.1   340.8   356.9   374.3   397.4   430.2   498.9   620.5  1073.5  44135.8    44096
read      264.0   174.0    74.4   128.5   143.2   236.6   290.7   319.1   339.9   365.4   398.5   454.1   641.2  2217.1  7103.8 100493.2   100467
read      235.1    65.5    93.8   155.4   169.0   228.9   254.4   267.8   276.7   289.2   304.0   326.4   391.0   610.5  2120.6   8571.8     8576
read      273.1   122.6    74.4   129.0   143.5   250.3   312.0   344.6   369.8   399.3   436.1   488.8   591.1   911.1  2737.6  59131.2    59359
read      235.4   179.8    86.8   153.4   165.8   222.7   247.7   262.4   271.8   284.3   299.2   323.9   410.9  1699.8  9007.9   7679.5     7614
read      288.4   205.4    74.4   129.1   143.7   253.7   317.7   354.0   381.8   413.7   454.1   515.4   763.1  2852.5  7277.2  60264.0    60329
read      288.0   169.8    80.4   136.2   151.7   267.2   323.9   354.3   376.4   402.0   434.6   483.5   656.0  2432.2  3425.1  43844.8    43762
read      297.9   215.0    74.4   129.0   143.8   253.2   320.6   363.2   396.7   435.8   486.3   568.7   906.2  2791.2  4921.2  67073.5    67038
read      276.0   117.7    80.4   149.4   165.2   271.4   311.7   331.7   345.3   363.4   385.3   417.9   498.3  1404.1  3715.0  25984.2    26095
read      304.4   223.2    74.4   129.4   144.3   253.2   321.1   366.2   401.5   446.6   503.6   602.8  1058.3  2720.8  4310.5  70996.8    71173
read      280.7   238.2    74.4   130.8   146.4   242.8   296.3   325.4   346.3   373.4   411.2   475.8  1064.0  3179.7  7420.0 109476.8   109276
read      253.4   103.5    86.8   157.9   172.9   249.3   278.6   293.0   303.3   314.8   330.4   355.5   423.4   716.9  3202.6  13116.8    13150
read      279.3   159.4    74.4   128.5   143.0   249.9   313.6   347.9   375.4   408.7   448.5   505.5   653.7  1579.6  4768.5  61097.8    61250
read      326.4   310.7    74.4   129.4   144.4   250.9   318.9   367.8   411.2   467.6   546.2   722.6  1597.5  3613.7  7819.1  84323.5    84472
read      337.2   332.6    74.4   130.9   146.5   255.2   323.1   373.5   419.8   481.8   569.4   769.9  1706.0  3870.2  7828.2  82040.0    82226
read      277.0   122.5    80.4   146.8   162.6   270.5   312.7   333.6   347.7   366.5   390.4   425.5   515.6  1629.0  2955.2  27585.8    27671
read      332.9   396.7    74.4   131.9   148.1   251.7   308.8   342.2   369.7   405.6   464.9   681.4  2384.4  4364.6  7927.8  98764.2    98736
read      263.0   118.9    74.4   130.9   146.1   241.7   294.7   322.6   343.1   369.4   402.3   455.6   589.2  1084.0  2720.1 106179.8   106314
read      260.2   121.5    74.4   129.4   144.4   237.7   290.6   318.6   339.4   365.0   397.8   451.3   593.0  1218.6  2741.9 104972.0   105027
read      254.9   115.3    74.4   126.8   141.2   232.9   286.4   314.5   335.2   360.1   392.7   443.4   572.8  1069.0  2615.6  96966.2    96867
read      254.6   109.6    74.4   127.2   141.4   233.5   288.7   317.4   337.8   362.2   393.9   440.9   548.4   843.6  1685.6  89378.5    89493
read      266.9   103.6    80.4   132.7   148.2   255.9   311.2   336.8   354.3   373.6   399.2   435.9   515.8   751.8  1972.4  50666.8    50538
read      268.4    89.4    86.8   152.2   168.1   267.6   302.4   319.2   331.5   344.2   364.1   394.1   461.7   952.2  2063.3  22093.2    22083
read      276.7   147.6    74.4   130.4   145.2   255.6   313.9   344.1   368.0   394.4   426.5   471.6   600.6  2007.3  3046.2  48862.8    48618
read      275.7   222.6    74.4   128.3   143.0   238.2   294.3   324.1   346.0   374.0   410.9   471.4   906.3  3277.3  7032.3  94336.8    94298
read      260.5   109.2    74.4   128.6   143.2   243.1   301.3   329.0   348.1   371.1   399.5   440.9   529.4   755.0  2440.6  63292.5    63579
read      262.3   104.6    74.4   129.7   144.4   244.7   303.7   332.3   351.8   373.9   402.6   446.0   535.1   714.6  1341.5  64476.5    64573
read      255.5   108.6    68.9   125.7   140.2   234.3   291.7   320.3   341.2   366.8   398.2   443.6   546.9   803.3  1945.6  77153.2    77178
read      276.1   107.0    80.4   145.6   161.9   272.0   313.8   334.3   347.8   366.9   390.7   426.6   511.1  1226.9  2593.3  29818.8    29824
read      289.8   215.5    74.4   126.7   140.9   249.3   314.1   352.4   383.2   420.4   465.3   536.1   863.8  2941.6  4955.9  64558.5    64495
read      264.4   111.0    86.8   149.7   164.8   259.8   295.4   312.9   324.7   339.5   359.3   391.0   467.4  1361.9  3830.1  21005.8    20917
read      376.9   451.2    74.4   129.9   145.8   259.2   330.0   384.3   435.0   505.0   627.5  1031.7  2561.6  4846.3  7997.6  85761.8    85651
read      293.8   236.9    74.4   128.4   142.9   251.7   316.6   353.7   382.9   418.8   462.4   532.8   974.7  3178.2  7540.7  62090.5    61935
read      280.4   179.5    74.4   130.1   144.9   255.1   314.4   345.0   369.1   397.0   429.6   478.4   626.2  2779.9  4631.7  50017.0    50216
read      304.3   298.3    68.9   125.5   139.9   246.1   312.8   353.5   387.6   428.4   480.8   572.8  1367.9  4150.4  7712.6  72208.0    72251
read      298.0   293.5    74.4   125.6   140.0   243.4   310.3   349.8   382.3   421.2   469.6   549.1  1111.7  4156.3  7802.0  72027.2    71798
read      263.9   115.9    86.8   150.7   165.8   258.7   293.4   310.5   321.7   336.9   355.8   387.5   468.7  1459.0  4408.0  19773.2    19701
read      272.4   106.1    86.8   148.5   163.9   268.3   307.9   327.4   341.3   359.1   381.7   415.3   497.0  1089.9  2742.3  24951.5    24952
read      323.4   332.2    74.4   126.8   141.4   247.6   316.3   363.4   403.8   457.0   528.4   676.7  1609.9  4109.8  7701.7  81873.5    81838
read      273.2   112.7    86.8   146.1   161.9   266.9   308.7   329.1   343.2   361.5   383.9   417.8   505.4  1653.9  2807.5  26677.8    26648
read      269.9   117.7    80.4   146.7   162.4   264.1   303.7   322.5   336.4   352.1   373.0   406.0   490.7  1642.6  3604.6  24903.8    24837
read      276.8   115.9    80.4   144.4   160.3   270.0   313.9   335.8   351.1   369.8   394.9   430.9   532.8  1496.0  2476.8  29524.8    29420
read      355.8   460.8    74.4   136.2   153.2   269.1   330.9   369.9   402.1   446.6   512.7   660.3  3298.3  5442.4  8094.3 104021.5   103882
read      257.7   107.3    80.4   127.8   141.9   237.8   296.1   324.9   344.6   368.3   398.3   441.0   539.3   817.1  1462.0  70291.5    70314
read      263.6   109.0    74.4   130.1   145.0   245.9   304.6   333.1   352.6   374.6   403.0   446.4   535.1   770.1  2507.9  61857.5    61679
read      267.1   101.8    74.4   133.4   149.0   257.7   312.0   337.2   354.6   374.4   399.4   434.0   505.0   644.0  1706.0  49661.0    49557
read      268.7    92.1    80.4   155.8   172.4   266.2   299.4   315.7   327.6   341.5   360.5   390.2   466.5  1050.7  2675.3  19332.0    19325
read      237.6    74.9    93.8   157.4   169.4   229.3   256.5   270.4   280.4   292.3   308.0   332.4   402.0   986.3  2356.4   9148.5     9128
read      294.3   311.1    74.4   129.8   144.9   243.7   299.5   330.3   353.4   382.8   422.1   492.4  1538.9  3804.7  7838.7  94731.0    94933
read      274.7    94.9    80.4   152.5   169.1   276.1   311.1   328.3   340.4   355.4   373.7   404.0   468.1   647.5  2753.1  24253.2    24327
read      279.0   144.5    74.4   126.5   140.9   245.1   309.4   347.3   379.6   417.9   465.3   537.0   721.0  1130.2  2589.4  71925.2    71896
read      263.9   162.9    74.4   127.9   142.4   235.1   290.2   319.2   340.7   366.7   400.6   457.2   697.6  2189.9  4693.2  93856.8    93771
read      266.8    88.7    86.8   154.0   169.8   265.8   299.5   315.9   327.4   340.3   357.7   384.9   454.4  1034.1  2678.9  20613.0    20452
read      283.5   174.8    74.4   136.8   151.8   264.1   319.9   347.8   368.9   394.0   424.9   468.4   582.2  2406.4  5338.7  42444.8    42338
read      294.9   240.0    74.4   126.6   140.8   245.8   313.1   354.9   389.6   430.8   482.0   563.0   945.2  3299.2  7395.6  72640.0    72627
read      327.8   304.6    74.4   130.9   146.1   253.6   322.5   373.6   420.1   479.1   557.5   714.2  1473.1  3604.4  7835.0  80524.0    80603
read      280.8   155.9    80.4   132.1   147.0   259.1   318.3   349.2   371.8   398.4   430.7   477.9   602.6  2181.6  3555.2  49226.5    49049
read      380.2   464.9    68.9   132.6   148.9   259.3   327.6   380.2   430.4   504.9   635.9  1003.0  2757.0  4757.9  8037.5  92341.8    92305
read      266.7   133.0    74.4   131.4   146.6   249.8   308.2   335.6   354.4   375.3   401.8   441.8   528.2  1345.8  3830.1  57019.5    56889
read      256.9   110.8    74.4   127.5   141.8   235.5   293.3   322.4   342.7   367.2   397.9   443.8   545.4   813.9  2070.6  77926.2    78036
read      257.8   107.1    74.4   127.5   141.9   237.4   295.9   325.6   345.5   370.1   400.3   443.8   533.6   744.3  1551.8  71578.0    71583
read      256.9   106.2    74.4   127.2   141.3   236.4   295.1   324.1   344.2   368.9   399.0   443.1   535.3   746.0  1734.4  72526.2    72609
read      265.3   124.7    74.4   131.5   147.1   242.9   295.6   323.6   344.3   370.1   404.0   460.8   624.6  1145.2  2890.9 107221.2   107382
read      257.0   116.2    74.4   127.6   141.9   235.1   290.9   319.6   340.2   365.4   397.7   444.7   558.9   940.4  2713.0  86700.8    86530
read      262.7    84.4    86.8   157.8   173.8   261.0   291.8   307.4   317.7   330.8   345.3   373.4   441.5   860.4  2247.5  16608.0    16550
read      335.0   313.7    74.4   133.1   149.0   258.2   328.3   382.9   431.4   495.3   581.0   740.9  1368.5  3962.3  7562.3  84470.8    84534
read      301.1   237.6    74.4   128.7   143.3   250.0   318.1   362.3   398.0   442.3   498.1   585.8   977.9  3281.9  7114.3  72616.2    72631
read      283.0   173.5    74.4   130.9   145.8   257.4   317.5   348.5   372.9   400.6   435.2   488.0   697.3  2331.6  4783.6  49323.0    49291
read      288.0   182.1    74.4   128.1   142.4   251.8   317.2   355.2   385.0   420.4   463.9   533.5   804.4  2358.4  4171.9  62490.8    62175
read      324.6   316.1    74.4   129.4   144.4   253.4   322.5   371.0   411.5   464.0   534.1   680.8  1452.2  4146.2  7736.4  80117.0    80213
read      259.3    93.7    86.8   153.9   169.2   255.0   287.1   303.3   314.5   328.0   345.1   374.9   448.1  1240.8  2800.3  16511.0    16566
read      287.7   179.9    74.4   131.5   146.5   259.5   321.7   356.2   381.9   411.8   449.3   504.6   695.2  2373.1  4327.5  53927.5    53985
read      285.9   242.5    74.4   130.4   145.8   242.5   297.0   327.4   350.0   379.7   422.7   508.1  1186.2  3257.3  6987.5 101822.2   101949
read      279.0   176.9    86.8   151.3   167.7   273.9   310.4   327.9   339.9   354.9   374.3   408.3   516.9  1821.6  8393.0  24152.2    24076
read      281.7   130.0    74.4   132.1   147.4   260.0   320.7   353.9   378.9   408.5   444.4   498.6   627.6  1080.1  2863.6  52474.5    52574
read      303.2   315.4    74.4   135.4   152.0   258.0   313.1   344.8   370.2   400.7   443.7   525.0  1090.9  4015.0 10758.8 106458.0   106271
read      276.6   174.9    74.4   132.4   148.3   247.4   301.1   330.5   352.5   380.2   417.2   475.7   752.5  2594.7  3727.6 105411.0   105451
read      259.2   123.7    74.4   127.5   141.6   234.9   290.6   319.7   341.0   367.5   400.6   452.9   598.8  1276.3  2840.2  86136.5    86087
read      273.7    89.5    80.4   146.2   162.3   273.8   312.9   332.2   345.0   363.0   385.3   419.2   490.5   726.3  1640.9  29246.2    29108
read      264.5   149.0    74.4   129.3   144.2   237.5   291.6   319.9   341.0   367.3   401.6   461.2   688.2  1841.3  3473.8 101045.0   101115
read      257.2   106.7    74.4   127.2   141.6   236.8   294.7   323.9   344.3   369.2   399.5   442.8   538.2   740.5  1619.0  74461.8    74326
read      257.0   123.5    74.4   126.3   140.6   235.3   292.7   321.5   342.1   367.1   398.0   444.0   546.9   950.3  3206.4  75994.2    75832
read      256.4   116.6    74.4   127.5   141.9   233.9   288.2   316.8   337.6   362.4   394.9   444.7   572.4  1084.6  2813.6  94725.5    94901
read      257.9    85.8    93.8   155.9   171.2   255.8   286.2   301.2   312.0   323.6   340.4   367.4   432.0   975.1  2725.8  15806.0    15809
read      283.6   131.0    86.8   147.7   163.5   275.2   319.1   341.7   359.0   378.9   403.0   440.2   553.8  1640.4  3179.0  28885.5    28874
read      294.3   202.6    80.4   133.0   148.7   263.1   325.4   361.5   388.5   418.9   457.3   516.0   749.9  2840.3  7210.3  51879.0    51882
read      279.0   128.4    80.4   142.6   158.5   270.4   317.1   340.7   358.1   378.1   403.5   441.9   536.6  1425.4  2721.6  32660.2    32653
read      291.2   142.9    80.4   140.1   155.9   273.9   329.6   360.4   383.0   408.4   439.7   490.2   633.9  1717.8  3199.2  41626.0    41676
read      290.4   216.7    74.4   128.1   142.0   250.1   315.4   353.6   384.5   420.3   463.1   530.9   823.8  3121.7  5109.8  63132.2    63019
read      286.0   258.3    74.4   130.8   146.5   246.1   301.1   331.2   353.3   381.2   420.8   490.7   887.9  3596.9  7180.9  99322.2    99164
read      269.7   107.2    74.4   136.1   151.8   261.4   315.0   339.1   355.7   373.8   398.0   433.0   504.8   638.0  3605.1  47265.8    47055
read      263.1   115.6    74.4   129.3   144.1   245.7   303.2   331.1   350.5   374.1   403.1   447.7   541.1   739.9  2910.4  62286.0    62394
read      260.3   126.8    74.4   129.4   144.2   237.5   291.5   319.6   340.4   366.2   398.7   452.5   591.9  1071.0  3723.5  98332.5    98519
read      275.0   103.1    86.8   143.9   160.0   271.0   314.7   335.8   350.3   368.7   392.0   427.4   509.4   916.8  2337.3  32097.2    32122
read      287.4   154.6    80.4   132.0   147.3   263.0   322.8   357.2   383.2   413.8   451.9   506.4   682.3  1947.5  3284.1  49467.8    49464
read      276.6   147.7    80.4   150.3   165.9   269.4   308.5   328.2   342.3   360.4   382.9   417.1   503.4  2106.2  7566.6  23866.2    24034
read      345.8   345.0    74.4   133.6   149.5   262.1   333.9   388.0   436.8   503.0   592.4   781.1  1604.8  4484.5  8024.7  77298.0    77363
read      277.9   235.6    74.4   128.4   143.0   239.5   295.7   325.5   346.9   375.0   413.3   475.3   910.4  3456.9  7296.1  91856.8    91698
read      275.7   103.7    74.4   140.1   155.9   270.1   318.9   342.1   359.4   378.9   403.2   439.8   520.4   734.3  1607.3  38898.5    38997
read      302.6   251.9    74.4   129.7   144.7   245.4   306.2   343.7   377.1   422.5   493.5   647.5  1155.2  3208.1  6790.2  86134.0    86028
read      260.5   122.9    74.4   127.3   141.5   234.8   291.8   321.7   343.5   370.6   403.8   456.7   651.4  1243.4  1885.3  82914.5    83012
read      257.6    93.0    93.8   156.1   171.9   254.1   284.2   299.0   309.9   320.8   337.8   363.9   431.7  1151.7  3230.0  15023.0    15024
read      288.3   206.0    74.4   129.3   143.8   254.1   317.2   352.8   381.1   412.5   451.6   510.0   785.3  2859.1  6482.8  56557.2    56640
read      277.8   226.7    74.4   127.8   142.7   237.3   292.4   321.9   344.4   373.1   412.8   487.5  1087.2  3017.9  6146.1  97436.2    97362
read      265.8   131.9    74.4   131.1   146.7   243.0   295.4   323.7   344.7   370.7   404.8   461.2   623.7  1354.8  3573.4 107138.2   107412
read      260.7   109.0    74.4   128.4   143.0   242.5   301.0   329.6   349.1   372.2   401.6   444.7   535.3   727.7  2201.6  64894.0    65030
read      256.6   106.8    74.4   127.0   141.4   235.2   292.5   321.5   342.2   367.0   398.5   446.9   556.6   799.5  1256.7  79617.0    79278
read      267.9   101.3    74.4   134.4   149.9   259.7   313.5   338.0   354.8   373.6   397.7   431.5   503.9   628.9  1271.5  47538.2    47544
read      263.7   120.7    74.4   130.0   145.5   242.2   295.0   323.1   343.7   369.4   402.1   458.1   608.9  1238.9  2298.2 105631.0   105368
read      262.6   111.7    74.4   129.9   144.9   247.2   304.7   331.8   350.2   372.0   399.5   438.5   525.7   712.3  2887.1  58338.0    58181
read      264.4   102.3    74.4   130.8   146.0   249.8   308.1   335.5   354.3   375.9   402.3   440.8   523.1   677.0  1209.4  56948.8    56960
read      259.9   114.3    86.8   158.6   174.2   255.9   285.8   300.7   311.7   323.5   340.3   367.7   435.9  1001.5  6642.7  14865.2    14849
read      288.6   188.2    74.4   127.9   142.0   250.9   316.7   355.6   386.8   423.2   467.6   537.1   810.7  2391.8  3759.9  63586.0    63672
read      281.5   145.6    74.4   132.5   147.5   260.6   319.6   351.6   375.3   402.0   436.2   489.1   635.8  1414.8  4315.0  48188.8    48289
read      249.6   117.5    93.8   158.2   172.5   241.6   271.3   286.2   295.9   308.7   322.7   346.6   414.9  1231.0  6623.7  11854.8    11797
read      252.9   208.7    93.8   157.5   170.4   236.0   265.8   280.4   291.3   304.4   320.3   349.4   552.2  2103.6  8579.5  10737.8    10781
read      288.9   167.7    80.4   133.2   148.7   263.7   323.8   357.3   382.0   411.0   446.9   501.8   720.0  2040.5  3719.7  49256.0    49362
read      286.1   251.0    74.4   132.2   148.1   247.6   302.8   333.2   356.1   384.9   424.1   494.3   879.3  3604.3  7627.1 102053.5   102119
read      270.6   106.6    74.4   136.9   152.4   262.9   315.5   339.4   356.0   374.1   398.5   433.9   509.1   661.4  1933.9  46030.2    46213
read      264.0   141.9    68.9   128.8   143.7   237.8   292.2   320.8   342.3   369.1   403.0   459.6   661.5  1633.6  3577.1  96992.8    97025
read      272.3   222.6    80.4   156.3   172.8   264.9   296.4   312.0   322.0   335.8   351.8   378.2   448.8  3227.8  9697.5  18286.8    18351
read      270.0   122.5    86.8   151.8   167.4   264.9   300.9   318.0   330.9   344.7   364.8   395.6   475.8  1827.5  4277.8  21423.0    21426
read      285.4   164.4    80.4   135.9   151.4   265.0   321.4   351.0   372.9   398.5   430.1   476.7   617.3  2362.3  4468.5  42977.2    43013
read      300.1   224.8    80.4   129.3   143.9   253.9   322.7   365.1   398.9   440.2   492.8   573.4   898.7  3127.2  5626.8  67041.2    67376
read      285.6   148.3    74.4   142.1   158.8   273.2   322.3   347.4   366.8   388.9   416.3   457.6   563.3  2151.8  3684.6  35841.0    36043
read      232.7    77.0   109.4   161.9   173.3   224.4   247.2   260.4   269.5   280.2   294.1   318.0   385.1  1042.6  3051.1   6282.0     6255
read      292.9   261.1    74.4   132.4   148.5   251.3   306.6   336.9   360.5   390.0   431.1   511.3  1167.1  3647.8  7613.7 102160.0   102499
read      278.1   117.2    80.4   151.1   168.0   275.4   312.7   331.5   344.3   362.0   384.1   417.3   491.1  1437.8  3804.0  26371.2    26263
read      283.8   157.5    74.4   129.1   144.1   255.6   317.3   353.1   381.3   413.4   454.1   513.4   686.3  1892.9  3548.2  56840.0    56974
read      283.3   147.9    80.4   136.7   152.1   267.2   321.5   350.5   372.1   396.6   426.1   468.2   581.9  1919.8  3436.8  40627.8    40869
read      289.9   181.0    80.4   134.0   149.2   264.8   323.0   356.2   381.1   409.5   444.3   498.8   702.5  2588.3  4790.5  46683.0    46514
read      248.2   112.6    93.8   157.3   171.3   239.4   269.9   285.0   294.9   307.8   322.1   346.5   418.2  1085.8  6078.7  11494.8    11431
read      285.3   182.0    74.4   128.1   142.4   253.5   316.7   352.6   380.5   413.5   453.7   514.4   779.8  2232.0  4311.5  58426.8    58600
read      299.3   250.0    74.4   127.8   141.9   249.5   315.9   357.3   390.5   430.9   483.2   567.1  1055.4  3400.5  7269.0  67846.2    68058
read      287.4   177.5    80.4   129.2   143.8   257.0   319.2   354.2   381.1   411.7   452.6   513.2   769.4  2493.8  3698.7  54465.2    54502
read      288.5   209.6    74.4   126.0   140.3   249.2   314.6   353.9   386.0   422.7   468.7   540.4   802.1  2711.9  7503.9  64096.2    64022
read      303.0   245.1    80.4   132.7   148.0   264.0   325.7   362.3   390.2   423.1   464.6   533.3  1055.7  3180.4  7579.1  51803.2    52142
read      309.7   400.4    74.4   130.1   145.9   248.1   302.7   333.2   356.6   386.3   427.6   509.0  1817.9  5837.0  9070.9 101541.2   101375
read      274.9   110.9    74.4   137.2   152.3   267.3   317.6   341.6   359.5   380.1   405.5   445.3   532.7   960.2  2715.9  40560.0    40606
read      282.7   164.0    74.4   132.0   147.2   260.2   318.1   349.5   373.6   402.2   439.3   492.5   622.3  2380.3  4314.9  47588.0    47485
read      283.5   168.9    80.4   131.8   147.2   259.5   319.0   351.8   375.5   403.7   438.4   490.4   632.1  2384.7  4226.9  49039.0    48977
read      286.0   153.3    80.4   138.4   154.0   268.6   322.1   351.7   373.0   397.9   428.4   471.3   602.2  2202.8  3545.6  38574.5    38615
read      319.9   297.7    74.4   128.1   142.8   248.9   317.9   369.6   414.9   471.8   549.1   694.8  1283.0  4093.2  7587.0  80139.0    80279
read      312.1   277.0    74.4   126.5   141.2   248.9   317.4   365.3   406.3   458.6   527.4   652.6  1205.3  3686.5  7637.5  75728.8    75843
read      292.2   239.8    74.4   125.0   139.4   247.6   314.0   353.5   385.6   423.8   470.5   544.9   942.3  2949.2  7606.2  66991.5    67095
read      284.4   166.2    80.4   133.2   149.0   262.3   318.8   349.5   372.5   400.4   432.9   485.3   658.1  2291.3  4032.0  41356.2    41325
read      287.0   214.6    80.4   127.7   142.0   253.1   315.1   350.1   377.4   409.4   448.3   507.4   789.0  2941.7  6322.4  55795.8    55752
read      321.0   296.6    74.4   128.8   144.0   249.3   315.2   364.7   411.3   475.4   567.0   733.7  1224.1  3665.6  8918.7  85891.2    85561
read      257.3    98.0    86.8   155.5   172.3   254.5   285.1   300.3   311.5   323.5   340.7   368.6   429.9   638.5  3016.9  14243.0    14194
read      269.4   144.4    74.4   127.5   141.8   236.4   293.3   324.1   347.4   378.7   424.5   510.5   787.7  1280.3  2256.2  87780.5    88002
read      251.1   103.5    74.4   125.4   139.8   231.1   285.4   313.4   333.2   356.6   387.5   433.6   540.5   794.6  1385.4  90378.5    90515
read      265.2   113.2    74.4   132.0   147.7   245.6   297.2   324.9   345.1   370.4   403.4   459.1   600.7   951.8  1712.6 109104.5   109283
read      269.0    90.4    80.4   145.1   161.7   267.9   306.7   325.8   339.1   354.9   374.0   407.0   470.7   602.2  1985.4  26703.2    26699
read      276.0   106.7    74.4   138.0   153.1   268.0   318.3   343.8   362.9   384.6   410.8   449.4   530.2   775.3  1887.4  37451.2    37400
read      264.9    83.4    80.4   151.6   168.1   263.6   297.7   314.9   327.3   341.8   361.3   390.7   453.2   577.1  2142.6  19254.2    19307
read      246.9    72.2    93.8   156.9   171.3   242.0   271.3   286.3   296.3   309.3   324.0   348.1   406.4   592.8  1462.2  11573.0    11527
read      288.2   165.8    74.4   127.0   141.3   241.3   304.7   345.9   384.4   434.2   502.4   612.3   872.8  1270.8  2031.1  83727.8    83787
read      273.0   103.4    86.8   152.4   168.9   271.7   308.3   326.2   339.1   354.7   374.1   404.5   469.1   658.7  3264.8  22184.2    22209
read      276.4   141.2    74.4   125.6   139.9   239.4   303.9   342.5   375.4   416.2   467.3   545.3   734.1   992.5  1582.3  75390.5    75169
read      279.9   143.1    74.4   127.2   141.2   243.1   307.6   346.2   379.8   421.6   472.6   548.9   742.3  1063.0  2154.5  73890.2    73833
read      267.7   152.4    74.4   128.7   143.2   236.4   291.3   320.4   342.4   370.3   408.2   476.6   817.1  1678.2  3067.8  94517.8    94641
read      260.3   104.0    74.4   128.5   143.2   244.0   302.5   330.0   348.6   371.2   399.7   439.1   520.7   666.2  1679.8  61349.5    61338
read      256.5   114.9    68.9   128.6   142.9   234.8   289.5   317.9   338.6   363.3   395.2   443.2   557.3   954.4  2739.5  92110.8    91825
read      254.2   106.5    74.4   125.9   140.3   233.5   290.5   319.3   340.0   365.0   396.2   440.5   535.1   726.0  1992.4  77210.0    77235
read      276.7   107.1    74.4   141.2   157.7   272.4   320.0   342.3   358.4   376.1   400.2   436.8   517.4   727.1  2602.7  37305.2    37257
read      278.4   102.8    80.4   144.9   161.2   275.3   319.7   341.8   358.1   376.3   400.2   434.2   506.5   794.1  3326.3  32039.5    32057
read      276.2   191.0    74.4   131.5   147.4   246.5   299.6   328.5   349.9   376.8   414.1   476.2   728.7  2859.7  4393.3 108456.5   108618
read      255.1   106.1    68.9   125.6   140.0   235.2   292.9   321.2   341.7   365.7   396.2   440.6   538.9   738.7  1612.7  72762.2    72930
read      267.7   100.8    80.4   135.7   151.2   261.0   311.9   335.2   350.7   369.1   393.1   428.4   499.5   643.4  2643.4  43994.8    43714
read      252.3   104.3    68.9   125.8   140.2   232.3   286.8   314.8   334.7   358.4   389.9   437.2   543.2   796.3  1458.7  86936.2    87369
read      261.5   133.2    74.4   129.1   144.1   247.3   303.7   330.3   348.1   370.3   397.3   435.0   507.9   638.2  3102.8  56551.2    56640
read      254.4   107.2    68.9   127.3   141.8   233.9   287.4   315.1   335.1   359.4   391.3   438.9   555.3   901.6  1604.0  97510.2    97360
read      252.8   110.3    74.4   125.0   139.3   232.4   288.6   317.0   337.0   360.8   391.5   435.7   536.1   833.4  2376.5  79838.0    79788
read      247.9    70.9    80.4   157.6   172.5   243.4   272.4   287.0   296.4   309.0   322.7   346.2   405.4   575.0  2170.9  11326.8    11352
read      300.5   203.6    74.4   128.3   143.0   242.9   305.7   348.0   390.9   450.3   533.4   682.9  1024.8  1820.2  4039.6  88187.0    87962
read      275.9   111.5    74.4   135.3   150.8   266.1   318.8   345.2   365.4   388.9   417.8   459.2   543.0   709.5  1672.5  40704.2    40663
read      272.7   125.4    74.4   127.3   141.6   249.1   310.1   343.4   370.1   401.3   440.7   496.2   606.0   838.4  2807.7  59608.0    59386
read      276.1   117.0    74.4   131.6   146.9   260.1   317.6   347.0   369.8   396.8   429.8   475.4   577.0   849.2  2021.2  48274.8    48302
read      268.5   109.2    80.4   152.8   169.5   266.7   301.0   317.7   330.3   344.0   364.3   395.6   464.8   761.1  3829.7  19531.8    19398
read      289.4   185.5    74.4   127.7   142.1   242.5   305.5   346.7   386.4   435.8   502.9   609.0   854.4  1308.7  3881.1  82236.2    82197
read      284.1   151.7    68.9   127.9   142.2   244.3   308.6   348.2   384.7   429.7   486.8   572.4   768.1  1112.8  2569.1  77378.0    77387
read      280.1   143.2    68.9   126.7   141.0   244.5   308.6   347.1   380.2   421.1   471.7   548.8   732.7  1095.6  1744.9  72923.5    72753
read      232.7    84.5    86.8   154.5   166.8   225.7   251.0   264.9   273.7   285.7   299.2   323.2   388.5   800.5  3145.7   7707.8     7720
read      278.3   128.0    80.4   134.1   149.9   263.9   320.0   349.3   371.4   396.7   427.7   469.4   558.7   943.7  3275.7  46236.2    46279
read      278.2   108.4    80.4   137.0   152.4   267.3   321.3   348.6   368.7   392.7   421.7   463.2   548.9   808.5  1811.0  42073.5    42102
read      292.3   187.0    74.4   127.6   142.0   238.7   301.4   342.6   381.3   435.2   511.6   640.2   998.4  1603.1  3733.5  90980.0    90892
read      279.5   107.0    74.4   138.7   154.3   270.0   322.7   349.2   369.2   392.9   421.3   461.1   542.3   771.2  1451.4  40150.5    39976
read      276.3   138.8    74.4   127.7   142.2   250.2   312.5   346.4   374.3   406.9   446.8   504.0   627.0  1232.2  3249.1  61187.8    61084
read      261.7    79.6    93.8   154.5   171.0   260.2   292.4   308.9   319.5   333.9   350.3   376.5   435.3   613.3  1533.7  16735.8    16735
read      276.4   119.2    74.4   133.7   149.1   262.0   317.9   346.4   368.6   393.9   424.3   466.8   557.0  1041.0  2714.7  45742.5    45909
read      276.4   102.0    80.4   145.5   161.6   274.6   316.3   337.0   351.4   369.2   392.9   427.4   497.9   777.4  3109.8  28942.8    28976
read      294.2   172.9    74.4   129.0   143.8   244.8   308.8   352.0   392.4   445.7   517.4   636.4   888.0  1313.3  3233.8  84793.5    84704
read      263.0   144.9    74.4   128.3   142.9   235.1   289.1   317.6   338.9   365.1   400.0   461.8   723.4  1640.7  2915.2 101872.0   101822
read      254.3   110.9    74.4   127.5   141.6   233.1   287.3   315.4   335.7   360.3   392.5   440.7   555.3   869.1  2019.7  92558.0    92571
read      251.8    85.9    93.8   159.0   174.2   248.3   276.9   291.1   300.9   312.8   327.5   350.4   416.0   624.0  1973.9  12084.8    12106
read      277.1   137.2    74.4   128.8   143.6   253.1   314.4   348.2   374.4   406.2   444.6   500.8   617.8   995.1  3213.0  58595.2    58568
read      279.0   121.8    74.4   130.9   146.3   259.8   319.3   352.1   377.1   405.7   442.1   493.6   594.2   814.4  1695.5  51320.2    51319
read      270.2    88.6    86.8   150.6   166.8   269.3   305.5   322.8   336.2   351.0   371.0   401.9   469.3   692.3  2337.1  21647.5    21556
read      255.0    88.6    80.4   155.7   171.7   251.9   282.4   297.2   308.5   319.9   337.4   364.0   425.7   580.8  3868.6  14182.5    14191
read      274.4    94.5    80.4   143.6   159.7   272.1   314.7   335.9   350.6   369.3   393.3   427.6   499.3   668.7  2053.2  28991.5    29072
read      260.5    88.9    86.8   153.7   169.9   258.5   290.8   307.0   317.6   331.3   346.7   374.0   435.0   680.1  3189.3  16342.5    16350
read      294.1   183.4    74.4   126.9   141.6   241.8   305.1   347.6   388.3   443.4   520.4   651.3   940.3  1443.9  2901.7  86877.2    86891
read      272.5   166.6    74.4   131.6   147.2   244.9   297.6   326.2   347.1   374.0   410.0   469.2   713.5  2289.0  4150.9 103977.0   104441
read      243.1    77.9    93.8   160.8   174.0   236.0   263.9   276.8   287.2   297.7   313.6   337.7   400.3   659.7  3284.6   8985.8     8906
read      283.0   119.8    74.4   137.4   153.1   270.4   324.4   353.8   374.9   400.6   432.3   474.7   573.7   833.3  2818.5  42152.5    42175
read      275.3   133.6    74.4   129.6   144.5   255.1   314.7   345.9   370.6   399.3   435.1   486.5   590.1   801.7  4513.9  51703.0    51797
read      279.9   149.5    74.4   125.4   139.6   240.6   304.3   343.3   377.2   421.9   476.8   563.2   775.9  1105.7  2627.1  76524.5    76678
read      266.7   100.3    80.4   151.5   168.0   265.3   299.7   316.6   328.9   342.7   362.8   393.4   457.9   820.1  2233.2  19651.5    19630
read      275.8   196.4    74.4   128.5   143.1   238.1   292.5   321.9   344.8   374.7   418.9   505.7   913.9  2841.9  4658.1  99791.5   100132
read      272.4    99.8    74.4   137.3   152.9   265.9   315.3   339.2   356.3   375.2   401.5   440.2   517.3   681.3  1695.8  40423.0    40498
read      279.7   198.3    74.4   132.5   148.4   248.4   301.3   330.7   352.7   380.6   418.7   483.6   763.0  3181.2  4434.2 108690.5   108559
read      269.1    83.0    80.4   148.9   165.2   269.4   306.0   323.1   336.0   350.0   369.4   400.5   467.0   605.9  1708.6  23956.2    23964
read      280.1   150.9    74.4   127.2   141.4   245.7   308.9   346.4   378.9   418.3   468.8   544.9   728.1  1059.1  2807.9  70840.2    70760
read      264.3   153.2    74.4   129.1   143.9   237.7   291.1   319.0   339.9   365.6   398.8   454.4   674.6  2014.5  3318.8  99903.8    99567
read      263.3   117.8    74.4   131.5   147.1   243.3   295.2   322.5   342.8   367.8   400.2   454.6   588.9   944.5  2289.6 107185.5   107548
read      263.0   104.4    74.4   131.4   146.5   250.9   307.0   332.8   349.7   369.8   395.4   431.9   505.1   637.1  3251.9  53853.5    53742
read      259.9   121.5    74.4   129.9   144.9   238.6   291.2   319.1   339.6   364.4   396.9   448.5   583.8  1033.0  2635.8 103976.8   103931
read      261.8   105.7    74.4   129.6   144.4   245.9   303.7   331.2   350.1   372.8   400.6   438.9   521.8   665.0  2252.4  60257.2    60359
read      245.8    63.6    93.8   160.2   174.8   240.7   268.8   282.7   292.4   304.3   318.6   341.7   401.5   590.3   949.8   9788.2     9725
read      279.1   143.5    80.4   131.9   147.0   259.0   318.0   350.4   374.8   404.1   440.0   492.5   596.2   928.4  1989.6  51897.0    52014
read      283.2   123.3    80.4   138.4   154.1   269.8   324.5   352.8   374.1   399.2   429.4   471.7   578.5   922.3  3362.3  39983.5    40053
read      288.8   173.0    74.4   126.6   140.9   238.6   301.6   343.0   383.0   435.7   506.9   624.7   912.6  1363.8  2404.6  86584.8    86436
read      277.8    92.5    86.8   151.6   168.4   276.8   314.6   334.2   347.5   365.2   387.2   420.4   489.3   678.5  1904.6  24070.2    23983
read      281.1   139.1    74.4   128.7   143.2   249.9   313.3   350.8   382.0   419.5   464.2   533.9   701.9  1087.5  2018.7  66801.0    66595
read      276.8    96.7    86.8   149.5   165.6   275.8   314.7   334.3   347.1   365.1   387.4   420.7   488.5   714.2  2653.8  26066.8    26056
read      277.3   127.5    74.4   131.7   147.1   258.4   317.4   348.3   372.3   400.7   434.6   483.4   581.7   862.3  2776.9  51908.5    51764
read      278.0   107.0    74.4   138.0   153.3   269.0   321.8   347.6   368.0   390.8   418.4   459.0   541.3   737.4  1567.9  40113.5    40202
read      283.5   151.6    74.4   127.5   141.8   244.5   308.4   348.0   383.4   427.3   483.2   567.0   767.1  1138.3  2411.4  76720.0    76665
read      247.1    86.0    93.8   158.0   172.6   241.2   270.3   285.1   294.8   307.4   321.2   345.9   410.6   683.3  3085.0  11148.8    11133
read      284.9   161.1    74.4   127.8   141.9   242.4   306.3   346.0   382.6   429.4   490.0   582.7   805.1  1173.4  2680.3  80238.8    80405
read      282.5   152.3    74.4   126.8   141.0   241.6   306.1   345.8   381.8   427.7   485.5   572.9   779.4  1128.2  2266.6  79050.2    79106
read      260.7   145.4    74.4   127.5   142.0   234.6   288.7   317.0   337.8   363.0   396.4   451.1   642.5  1940.1  3225.8  96793.2    97258
read      275.8   108.2    74.4   140.5   156.6   272.1   317.9   339.6   355.2   372.9   396.9   433.0   517.2   921.3  2981.2  36299.0    36307
read      278.3    96.8    80.4   147.3   163.7   277.2   318.2   339.3   354.5   371.8   395.1   429.3   501.6   640.1  3068.3  28687.5    28636
read      279.2   119.1    74.4   137.9   153.4   268.8   322.3   349.3   369.2   392.5   421.1   461.3   543.6   736.9  2814.0  41607.0    41620
read      282.8   148.1    74.4   128.5   143.0   245.6   310.4   349.3   383.2   425.1   478.1   556.2   742.0  1084.1  2554.6  75591.8    75736
read      278.9   115.9    74.4   136.5   151.9   265.6   321.7   350.8   371.8   396.3   426.1   468.0   553.8   738.1  3058.4  44964.0    44979
read      277.6    93.9    74.4   144.8   160.8   275.6   319.5   341.2   357.4   375.8   399.8   434.3   507.6   647.2  1095.4  31383.2    31478
read      279.8   114.0    80.4   139.5   155.5   272.1   322.3   346.9   365.9   387.8   415.0   454.6   539.0   894.5  3583.3  37530.2    37586
read      282.2   211.6    74.4   133.5   149.6   249.4   303.1   333.0   355.5   383.6   421.5   486.5   769.6  3358.2  5621.5 108330.0   108330
read      260.4   118.3    74.4   128.6   143.2   241.9   300.4   328.7   348.0   371.7   400.3   441.6   528.1   709.6  4002.0  64422.5    64301
read      254.9    93.9    93.8   161.2   175.9   249.4   278.0   292.6   303.2   315.3   331.7   358.7   428.7   935.1  3635.6  11108.8    11203
read      237.0   110.5   101.3   159.6   171.9   229.6   255.2   268.6   277.7   289.5   303.7   325.1   384.1   692.9  7595.2   7255.8     7291
read      298.2   189.6    74.4   129.1   143.8   244.3   307.2   350.3   391.7   449.1   526.8   661.3   976.5  1590.6  2549.8  87352.8    87477
read      286.8   165.2    74.4   128.2   142.6   245.6   309.4   349.3   385.4   431.2   491.7   581.5   797.2  1212.6  3111.8  77568.8    77485
read      279.2   109.4    74.4   137.5   152.8   268.5   322.2   349.7   370.1   394.4   424.1   466.1   550.6   731.7  1405.8  42346.2    42055
read      276.8    95.2    80.4   148.9   165.1   276.1   315.4   335.4   348.9   366.8   389.0   422.3   497.1   665.7  1993.7  26789.8    26865
read      271.8   164.8    74.4   127.7   142.2   235.9   291.4   321.3   343.9   372.6   415.4   501.7   924.4  1788.8  2906.5  94722.8    94592
read      258.8   102.4    74.4   128.2   142.5   241.0   299.6   327.7   346.9   371.0   399.7   440.2   527.2   675.9  1088.4  66847.8    66869
read      266.3    86.0    86.8   157.3   174.0   266.5   297.2   312.9   323.2   336.7   353.0   380.0   436.8   598.8  3452.3  17871.5    17835
read      276.5   126.0    74.4   130.3   145.3   255.3   314.9   347.2   373.0   403.3   440.1   493.5   603.8   904.2  2751.0  55976.8    55977
read      284.3   160.0    74.4   126.5   140.8   239.6   302.9   343.2   381.4   432.0   497.4   591.2   811.0  1164.5  2942.5  82368.5    82437
read      259.2    73.1    93.8   155.5   171.7   257.8   288.8   304.5   315.2   328.1   344.0   371.0   432.9   638.0  1907.5  15715.5    15775
read      298.6   189.5    74.4   128.8   143.6   245.0   308.4   352.4   394.4   451.2   529.0   662.7   954.3  1617.9  2874.8  87291.2    87559
read      271.5   189.1    74.4   130.6   146.1   242.3   295.6   324.0   345.0   371.7   406.6   464.6   691.0  2939.4  6198.7 105157.2   105401
read      254.1   108.1    74.4   127.5   141.5   233.4   288.3   316.7   337.0   361.4   392.4   437.8   542.4   787.9  2700.3  88708.2    88752
read      254.2   104.7    74.4   127.6   142.1   234.1   287.8   315.4   335.6   360.1   392.1   439.9   547.1   791.6  1579.2  94718.8    94531
read      256.6   111.9    68.9   129.0   143.7   235.9   288.8   316.7   337.0   361.6   394.4   443.4   560.2   869.8  1953.8 101375.8   101303
read      253.2   107.0    68.9   126.1   140.4   232.6   287.7   316.1   336.5   361.4   393.5   439.5   543.8   773.0  1181.0  86692.8    86640
read      254.5   109.3    74.4   127.2   141.5   233.5   289.1   317.7   337.9   362.2   393.4   438.7   545.1   826.3  2215.8  84986.8    84818
read      268.3    85.0    86.8   154.6   171.6   268.8   301.6   317.4   329.0   341.8   360.3   389.2   451.7   599.5  2445.7  20398.0    20221
read      279.3   111.7    74.4   137.0   152.1   267.8   323.0   350.8   371.8   395.2   424.3   466.0   550.4   834.2  1933.1  43437.0    43599
read      278.2   118.5    74.4   132.1   147.3   259.2   319.1   351.0   375.2   404.3   438.9   488.9   587.0   834.7  1616.1  52695.8    52779
read      280.3   166.2    74.4   129.0   143.8   240.9   298.2   331.7   359.0   395.2   447.5   556.8   892.7  1677.8  2978.2  89914.0    89855
read      267.9   104.4    74.4   134.5   150.1   259.9   312.2   336.6   353.6   372.9   398.3   433.5   507.0   625.0  1475.0  48498.8    48532
read      262.6   114.6    74.4   130.6   146.0   241.7   294.5   322.3   342.9   368.3   401.4   456.5   593.6   979.2  1647.6 107030.0   107423
read      271.2   112.6    74.4   136.0   151.5   263.1   315.3   339.1   355.9   374.7   399.5   435.0   510.6   832.2  3839.6  46346.2    46535
read      268.7    98.5    74.4   135.3   150.6   261.2   314.5   338.2   354.6   373.2   397.6   432.5   504.0   625.1  1685.0  47366.0    47535
read      267.9   102.8    74.4   134.2   149.8   258.1   313.0   337.7   354.6   373.8   398.6   433.7   507.0   676.1  2205.4  49839.8    49633
read      277.6    94.5    80.4   147.4   164.0   277.0   318.0   337.7   351.5   368.5   390.9   425.4   499.2   731.7  1989.6  30322.8    30334
read      264.8    87.8    93.8   156.1   172.6   264.1   295.6   311.8   322.3   336.2   352.6   379.7   437.8   620.8  3367.5  17265.2    17207
read      282.4   206.3    74.4   133.7   149.7   249.4   302.9   332.5   354.8   382.7   420.7   488.3   803.5  3278.5  4433.2 105714.8   106074
read      269.5   103.4    80.4   135.6   150.9   260.8   314.8   339.4   356.4   375.1   399.7   435.2   510.1   648.1  1235.0  48888.0    48912
read      253.9   106.9    74.4   127.9   142.2   233.1   286.9   315.4   335.6   359.8   391.4   437.8   548.8   859.2  1542.0  96562.2    96483
read      272.7   103.2    74.4   137.8   153.0   267.0   315.1   338.2   354.6   373.6   398.9   436.2   521.8   758.1  2298.1  39411.8    39228
read      269.6   156.0    74.4   129.4   144.0   238.5   294.1   324.1   346.1   373.8   412.8   482.5   794.6  1653.5  3660.6  92397.8    92350
read      254.2   107.1    74.4   126.2   140.6   233.5   288.4   316.4   336.6   361.4   393.8   441.1   553.9   846.5  1952.0  85145.0    85084
read      253.6   107.0    68.9   126.2   140.5   233.4   289.1   317.6   337.9   362.0   392.7   437.6   536.9   773.3  1996.9  82130.2    81993
read      258.7   110.4    74.4   130.2   145.1   237.7   291.2   319.0   339.4   364.2   396.0   444.7   569.9   945.4  2147.2 101674.8   101617
read      267.3    76.2    93.8   161.7   178.6   267.8   296.8   312.0   321.7   335.4   350.7   376.2   435.2   588.8  1897.8  16716.8    16730
read      281.7   143.9    74.4   129.6   144.5   248.9   312.0   349.9   382.2   421.4   469.0   541.4   699.5   934.5  2025.6  71115.2    71079
read      279.1   172.6    74.4   135.3   151.5   251.1   303.4   332.3   354.2   381.7   419.2   484.2   762.1  2370.4  4033.0 108843.8   108942
read      268.3   107.7    74.4   134.6   150.2   255.9   312.0   338.2   356.5   377.5   402.9   440.3   515.6   640.4  3145.5  55428.5    55406
read      273.1    96.9    74.4   140.8   157.0   269.5   318.5   340.4   356.0   373.1   395.4   428.1   495.2   618.7  1562.0  42292.0    42279
read      272.9    90.5    86.8   153.4   170.1   272.9   308.0   325.1   337.7   351.9   370.6   401.9   467.4   638.9  1916.1  21999.8    21876
read      279.6   117.6    80.4   142.1   158.2   274.6   321.4   344.3   361.6   381.3   406.1   442.9   519.8   889.4  3565.1  34169.8    34140
read      278.9   108.5    80.4   137.4   152.7   268.0   322.2   349.9   370.5   394.8   424.3   465.4   550.3   729.1  1218.8  42709.5    42897
read      267.6    82.9    86.8   155.8   172.2   267.1   300.2   316.1   327.8   341.1   359.6   388.1   450.1   625.3  1953.4  18563.5    18462
read      264.7   152.4    74.4   129.1   144.0   237.9   291.8   319.8   340.5   366.0   400.0   458.7   684.1  1818.4  3812.4 100430.0   100375
read      273.2   103.1    80.4   138.6   154.2   268.5   317.8   340.2   356.0   373.3   398.0   433.2   509.0   761.2  2154.3  41571.0    41347
read      267.6   147.4    74.4   130.8   145.8   240.2   293.9   322.8   344.3   371.4   407.6   468.5   716.2  1676.3  3633.0 101889.2   101594
read      269.2   101.7    74.4   135.9   151.1   261.5   315.3   339.2   355.5   373.5   398.0   433.0   504.2   633.1  1516.9  47525.8    47486
read      257.1   109.9    74.4   127.5   141.6   237.3   294.9   323.4   343.2   367.6   397.8   441.1   535.0   743.2  2328.2  73174.8    73393
read      267.9   112.5    80.4   133.4   149.0   257.3   312.2   337.3   354.4   373.4   398.7   434.5   509.6   714.5  3114.5  51186.2    51134
read      265.3   105.0    74.4   131.3   146.5   250.0   307.6   335.0   354.0   375.8   402.8   445.7   541.7   714.3  1690.1  58253.2    58201
read      259.6   110.1    74.4   128.2   142.5   240.0   298.7   327.8   347.5   371.3   401.3   446.5   541.3   726.8  2107.4  71006.5    71020
read      258.4   105.6    74.4   127.7   142.1   239.3   296.9   326.0   345.8   369.9   400.1   443.0   536.1   717.5  1375.5  72095.5    72071
read      255.3   120.0    74.4   127.5   141.9   234.0   288.1   316.4   336.8   361.3   393.0   441.4   552.5   874.5  3818.3  93497.0    93446
read      276.0   115.1    74.4   147.4   164.2   275.7   315.4   334.9   347.8   365.4   386.9   419.2   492.7   662.2  2112.9  28833.2    28724
read      280.7   125.8    74.4   131.4   146.5   256.9   318.6   352.9   380.1   412.4   451.5   507.1   627.1   977.2  1975.6  59134.0    59269
read      282.6   144.5    74.4   128.5   142.9   246.9   311.3   350.1   383.8   425.4   476.4   551.9   734.1  1048.8  1956.2  74518.2    74624
read      278.3   117.0    74.4   131.6   146.8   260.5   319.1   350.6   374.9   403.5   439.3   490.8   588.6   801.9  1522.4  52220.8    52368
read      242.9    68.2    86.8   158.3   172.5   236.5   264.6   278.5   288.8   300.0   315.2   338.6   395.2   766.3  2151.7   9710.0     9687
read      276.5   115.2    74.4   133.8   149.5   264.1   318.3   346.2   368.0   393.1   423.5   466.0   554.8   791.1  2533.6  44238.8    44165
read      233.9    82.6    93.8   157.0   169.5   225.9   250.2   264.2   273.5   285.8   300.0   322.6   389.8   911.2  3170.2   6942.2     6895
read      275.1   125.2    80.4   129.4   144.0   254.5   313.8   345.3   370.8   401.0   437.5   490.3   593.1   844.0  3202.2  55313.0    55457
read      275.7   131.1    68.9   127.7   141.7   250.2   312.1   345.8   373.3   405.8   447.8   505.9   637.1  1130.1  2361.0  61046.0    61164
read      278.1   211.8    74.4   130.9   146.5   245.7   299.4   328.7   350.2   377.5   416.4   482.8   764.8  3279.6  7014.3 108210.2   108384
read      276.2    96.3    80.4   142.7   159.1   274.7   318.4   339.5   354.5   371.9   395.6   430.4   506.2   723.1  1879.2  33344.8    33319
read      266.9   162.4    74.4   129.2   144.2   237.8   291.7   320.3   342.0   369.1   403.7   463.6   730.2  2015.2  3964.3  97837.5    97895
read      276.9   108.9    80.4   140.0   155.7   271.4   320.8   344.4   361.9   381.7   406.2   443.8   524.6   693.4  2998.3  39766.2    39720
read      279.7   147.1    74.4   127.0   141.5   246.9   311.2   348.1   379.7   417.0   463.6   533.7   706.9  1080.6  3788.4  68476.5    68554
read      287.6   175.4    74.4   127.0   141.1   238.8   302.2   342.9   381.1   432.0   501.8   610.6   892.5  1398.6  3164.0  86772.2    86849
read      278.8   125.3    80.4   144.8   161.3   276.3   319.5   340.7   356.3   373.8   397.7   431.9   505.5   785.9  4283.6  30357.0    30264
read      270.8   176.3    68.9   129.8   144.7   239.2   293.1   321.6   343.3   370.9   407.5   471.1   792.7  2377.2  4276.4 100571.0   100754
read      257.9   115.4    74.4   129.0   143.8   236.2   290.2   318.4   339.1   364.4   396.4   446.7   570.8   936.4  1931.7  97951.5    98098
read      256.1   108.6    74.4   127.2   141.7   235.2   291.0   319.7   340.3   365.4   397.7   445.5   547.9   785.4  1611.4  86150.8    86028
read      256.0   109.8    74.4   128.1   142.6   235.3   289.5   317.6   337.9   362.3   394.7   442.5   552.0   827.7  2659.2  93156.2    93054
read      273.0   104.5    80.4   137.8   153.2   266.5   316.8   340.1   357.3   377.1   402.4   438.9   525.4   675.3  1833.5  42195.8    42348
read      274.7   101.6    80.4   144.1   160.3   272.2   314.5   335.5   349.9   368.6   392.3   427.2   499.1   698.7  2489.8  29500.2    29490
read      263.9    83.4    86.8   153.3   170.1   262.4   295.1   311.4   322.0   336.7   354.9   386.3   453.8   699.5  2508.3  18256.8    18187
read      264.1   147.9    74.4   127.8   142.5   236.0   290.2   318.4   339.5   366.2   401.4   461.1   736.0  1829.9  3126.9  95286.8    95113
read      235.2    78.3    93.8   155.5   168.6   229.1   255.2   268.4   277.1   288.7   302.3   323.5   379.2   638.6  3207.5   8529.0     8570
read      277.7   130.7    74.4   128.7   143.2   251.2   312.6   347.9   377.2   411.2   453.6   514.2   645.7   928.9  2321.4  62317.5    62285
read      277.3   125.2    74.4   131.0   146.1   258.8   318.1   350.3   374.7   403.2   437.0   488.7   588.9   793.3  1596.6  52545.5    52582
read      275.2   123.3    80.4   142.0   158.1   270.2   314.6   336.1   351.0   369.3   393.4   429.8   519.1  1087.0  3722.7  34193.2    34260
read      259.0   100.2    74.4   129.6   144.3   243.7   301.1   328.3   346.0   368.0   395.3   431.7   506.5   640.9  1479.4  59502.5    59493
read      259.9   105.2    74.4   129.7   144.4   244.8   302.3   329.4   347.1   368.6   395.1   432.5   505.0   655.7  1953.5  58282.8    58208
read      250.2   126.3    74.4   125.9   139.9   228.1   281.8   310.7   331.0   355.5   387.8   433.2   539.3   863.0  3525.6  93752.2    93458
read      262.3    68.5    86.8   157.4   174.5   263.9   293.9   308.3   317.5   329.4   343.2   368.0   424.0   568.0  1666.5  18080.5    18056

Total QPS = 58020.0 (104436024 / 1800.0s)

Total connections = 64
Misses = 0 (0.0%)
Skipped TXs = 0 (0.0%)

RX 25795698422 bytes :   13.7 MB/s
TX          0 bytes :    0.0 MB/s
Warning! Detected max cpu usage > 95%
CPU Usage Stats (avg/min/max): 100.00%,49.75%,100.00%
