Random waveform, supplied seed
Total number of intervals = 20 (6927, 52892, 98921, 61129, 40613, 53226, 38560, 103465, 104758, 94759, 37799, 8296, 69443, 12517, 43591, 20430, 93758, 10485, 16518, 83230)
Average QPS expected = 52565
Timestamp start: 1778891479537
Timestamp end: 1778891779809

#type       avg     std     min      p5     p10     p50     p67     p75     p80     p85     p90     p95     p99    p999   p9999      QPS   target
read      231.1    74.7    93.8   155.4   167.7   225.8   248.7   261.4   270.3   281.6   296.0   319.3   380.5   854.6  2271.6   6911.7     6927
read      272.2   119.1    68.9   128.5   142.9   255.2   313.5   346.6   369.8   395.0   425.4   471.4   571.0   845.2  2562.0  52878.9    52892
read      246.8   106.8    74.4   126.6   140.4   227.0   276.5   304.6   323.6   347.3   377.4   421.3   528.5   923.7  2230.1  98800.7    98921
read      256.3   106.5    74.4   127.7   141.9   241.9   297.1   324.3   344.2   366.2   391.5   425.8   498.5   638.2  1919.7  61244.1    61129
read      273.8   106.5    74.4   135.5   151.0   266.1   316.6   344.2   363.2   383.8   407.1   443.2   525.8   705.5  2063.3  40575.9    40613
read      271.7   120.6    74.4   128.3   142.6   254.4   312.8   345.8   369.3   394.7   425.4   471.5   571.1   810.5  2751.5  53302.0    53226
read      273.7   106.9    74.4   135.4   151.3   266.3   316.1   343.5   362.4   382.5   404.8   439.7   519.8   741.1  2706.1  38530.6    38560
read      246.8   108.1    74.4   126.9   140.8   227.8   275.4   302.9   321.6   345.3   374.8   419.6   530.4   968.3  2708.7 103326.5   103465
read      245.4   100.4    74.4   126.5   140.6   227.3   274.8   301.7   320.0   343.2   372.2   415.9   522.9   912.8  1718.4 104801.5   104758
read      245.1   105.9    68.9   124.5   138.5   225.9   275.3   303.2   322.1   346.0   375.7   419.8   523.0   880.6  2180.8  94896.7    94759
read      277.9   147.1    74.4   136.3   152.1   266.2   315.8   343.1   362.0   382.5   406.3   446.4   549.4  1833.4  5294.4  37961.3    37799
read      226.9   138.6    80.4   149.3   160.9   217.0   238.8   250.9   260.0   270.8   285.7   310.0   386.3  2232.4  4946.7   8293.4     8296
read      282.0   205.3    74.4   122.6   136.6   243.0   307.3   346.5   376.2   410.9   457.6   528.8   795.2  2880.0  5097.6  69377.8    69443
read      241.5    84.8    86.8   153.2   166.6   236.9   263.4   276.6   287.3   298.2   314.0   339.6   399.2  1041.1  2917.3  12535.2    12517
read      279.0   160.2    74.4   131.9   147.1   260.6   315.8   346.9   368.5   392.0   420.6   465.1   583.5  2264.3  4086.7  43566.1    43591
read      265.3   113.9    80.4   152.4   168.0   259.5   293.2   310.6   321.9   339.1   359.6   389.3   464.0  1459.5  3250.1  20342.9    20430
read      253.2   132.8    68.9   126.7   140.7   230.1   281.1   309.5   329.9   354.9   386.1   431.6   577.1  1561.0  3545.7  93789.9    93758
read      245.1   133.5    86.8   156.2   169.6   236.5   262.4   275.5   286.4   297.3   314.0   341.4   411.5  1849.4  7156.1  10482.5    10485
read      255.2   101.2    86.8   151.3   166.3   249.8   280.5   296.5   308.4   320.6   340.9   369.4   433.3  1363.0  3058.6  16467.9    16518
read      251.8   135.2    74.4   124.7   138.7   229.8   282.9   311.7   332.5   357.3   387.5   431.1   550.0  1200.5  4414.5  83285.7    83230

Total QPS = 52568.6 (15770571 / 300.0s)

Total connections = 64
Misses = 0 (0.0%)
Skipped TXs = 0 (0.0%)

RX 3895331037 bytes :   12.4 MB/s
TX          0 bytes :    0.0 MB/s
Warning! Detected max cpu usage > 95%
CPU Usage Stats (avg/min/max): 99.72%,50.00%,100.00%
