Random waveform, supplied seed
Total number of intervals = 60 (6927, 52892, 98921, 61129, 40613, 53226, 38560, 103465, 104758, 94759, 37799, 8296, 69443, 12517, 43591, 20430, 93758, 10485, 16518, 83230, 5484, 55611, 20774, 96726, 32442, 73039, 74055, 51197, 59442, 35654, 78747, 42212, 52488, 36950, 16762, 79473, 61431, 87172, 108181, 80515, 37149, 13444, 72057, 70041, 90162, 52082, 24258, 72013, 58012, 45398, 50177, 34504, 66010, 73937, 55020, 53235, 97743, 5419, 14764, 7451)
Average QPS expected = 53209
Timestamp start: 1778894304697
Timestamp end: 1778894604977

#type       avg     std     min      p5     p10     p50     p67     p75     p80     p85     p90     p95     p99    p999   p9999      QPS   target
read      231.4    76.2    93.8   155.2   167.8   225.4   248.2   261.4   270.7   282.3   296.1   320.3   382.5   855.4  3829.1   6824.2     6927
read      271.0   115.4    80.4   128.5   142.8   253.6   311.8   344.6   367.9   393.3   425.1   472.9   571.1   790.1  1528.2  52724.6    52892
read      332.4   300.9    74.4   130.3   145.9   248.8   310.7   356.7   399.2   470.3   590.2   853.4  1590.1  2958.3  7426.8  98906.0    98921
read      272.6   126.8    74.4   126.4   140.3   248.3   309.8   345.4   371.6   401.6   439.8   501.4   625.3   910.8  1918.5  61101.8    61129
read      273.0   104.9    80.4   134.3   149.9   263.8   315.6   343.6   362.8   383.5   407.6   447.3   533.5   747.4  1608.1  40587.8    40613
read      271.3   126.2    74.4   127.9   141.9   252.2   310.9   344.0   367.6   393.5   425.8   476.5   585.1   881.4  3197.8  53162.4    53226
read      271.4   100.7    74.4   135.3   150.6   263.1   313.0   340.0   358.7   378.6   402.3   438.3   524.3   714.7  1238.9  38568.2    38560
read      401.3   473.0    74.4   138.9   156.9   271.2   337.2   384.9   429.7   505.1   687.8  1232.1  2670.5  3797.8  8034.3 103470.8   103465
read      396.7   482.7    74.4   137.0   154.6   268.6   334.2   381.4   425.8   497.5   657.4  1187.0  2907.3  4120.7  8060.8 104699.0   104758
read      301.1   214.3    74.4   127.4   141.7   239.7   302.6   345.1   383.9   442.4   534.8   699.4  1123.6  1839.5  3270.0  94829.4    94759
read      275.1   102.4    74.4   137.1   152.6   266.8   316.3   344.0   363.0   383.5   406.7   444.4   532.7   746.2  1828.5  37758.8    37799
read      234.7    82.7    93.8   154.4   167.4   228.9   252.7   266.1   274.6   287.0   301.3   326.5   393.9   837.4  3163.3   8300.4     8296
read      294.7   276.7    74.4   124.1   137.8   244.8   310.4   350.7   381.5   418.5   469.1   549.7  1078.9  4005.1  7953.6  69392.6    69443
read      246.8   104.9    86.8   153.4   167.2   239.9   267.2   281.7   292.2   305.0   320.4   348.7   416.4  1556.1  2859.6  12411.8    12517
read      281.6   185.9    74.4   130.7   145.4   257.6   313.4   344.6   366.2   389.9   419.6   468.0   699.6  2627.6  4764.1  43605.6    43591
read      269.3   155.6    86.8   148.8   164.5   259.0   295.0   313.4   326.9   343.7   365.3   396.4   490.4  2347.7  5878.7  20468.4    20430
read      343.9   358.3    74.4   130.1   145.7   252.6   320.9   372.7   421.8   496.2   604.3   811.6  1716.0  4520.8  7758.2  93611.0    93758
read      230.0    80.8    93.8   146.8   159.3   223.3   249.1   263.6   273.2   286.1   301.4   327.8   398.2  1101.6  3161.9  10586.8    10485
read      249.2   116.1    86.8   145.7   160.9   241.7   273.4   290.7   302.6   316.0   336.2   367.6   446.5  1115.3  4259.8  16532.6    16518
read      298.0   258.5    74.4   122.6   136.4   239.1   306.5   350.0   386.3   434.4   503.4   619.3  1114.5  3417.9  7392.6  83147.2    83230
read      215.0   113.3    93.8   145.4   155.4   204.5   227.1   239.0   248.5   259.5   273.2   297.0   370.7  1396.0  4838.5   5529.4     5484
read      276.1   164.2    74.4   124.6   138.6   250.7   309.9   343.5   368.6   396.8   433.1   493.3   664.8  2128.0  4044.2  55266.2    55611
read      248.8   100.7    80.4   141.1   156.4   243.2   276.1   293.5   305.8   318.9   339.9   369.7   436.0  1133.5  2962.0  20772.8    20774
read      389.2   453.4    74.4   132.1   149.0   264.7   335.9   389.7   441.0   522.2   679.2  1153.9  2405.1  4780.9  7963.0  96657.4    96726
read      265.5   107.5    80.4   134.6   149.8   256.9   301.9   324.6   343.0   363.1   387.0   423.5   519.3  1223.6  2190.5  32493.6    32442
read      274.9   201.3    74.4   120.0   133.0   236.3   301.6   339.2   367.6   400.1   443.4   511.3   765.9  2868.1  5234.9  73233.0    73039
read      293.5   244.5    74.4   123.1   136.9   241.1   308.5   351.0   384.7   426.5   485.6   579.2  1055.6  3268.7  6326.7  74108.8    74055
read      267.9   143.4    74.4   124.1   138.0   247.2   304.6   335.9   359.2   385.3   417.6   466.7   599.3  1732.2  2891.1  51266.2    51197
read      275.2   181.0    74.4   122.1   135.6   244.4   306.4   342.1   368.9   399.2   438.1   501.4   686.8  2398.6  3991.1  59483.6    59442
read      268.1   147.6    74.4   131.8   146.6   256.0   303.0   327.4   345.5   366.3   391.8   429.7   539.9  1946.3  4494.1  35799.4    35654
read      281.9   243.0    74.4   119.8   132.8   232.6   297.2   337.1   369.2   407.9   462.9   546.4   960.7  3276.8  6931.7  78685.2    78747
read      270.6   130.4    74.4   129.7   144.3   255.8   308.4   337.6   358.8   381.5   408.3   451.8   549.9  1555.2  2732.1  42247.6    42212
read      283.4   186.5    74.4   128.3   142.5   255.9   315.6   351.3   376.0   403.7   439.9   500.2   690.3  2274.2  7577.4  52500.4    52488
read      283.9   216.0    80.4   135.8   151.0   264.4   315.1   344.2   364.1   386.2   413.7   458.6   619.2  2970.1  8127.6  36997.6    36950
read      251.4    80.2    80.4   149.4   164.2   246.8   277.6   294.2   306.3   319.2   339.7   369.5   433.6   878.2  2141.6  16857.6    16762
read      289.9   237.0    74.4   122.4   136.0   236.7   303.3   345.5   379.2   423.1   485.1   580.9  1040.1  3048.4  7012.3  79141.0    79473
read      277.8   164.9    74.4   124.1   138.0   246.8   309.9   347.5   375.2   407.0   449.9   514.3   698.9  2008.8  3815.9  61565.4    61431
read      306.6   262.9    74.4   124.8   139.1   240.6   307.8   354.0   394.1   450.9   531.0   668.6  1218.0  3158.4  7096.3  87102.2    87172
read      454.7   616.4    74.4   142.2   161.8   278.7   346.9   399.6   452.4   548.4   853.0  1536.8  3306.2  7096.8  9258.6 108041.6   108181
read      289.6   228.4    74.4   122.2   135.9   235.8   302.8   345.8   381.1   428.3   495.0   593.0   971.8  3115.4  5481.2  80808.0    80515
read      275.1   128.3    80.4   134.7   150.5   263.3   312.2   339.7   359.3   380.8   405.9   446.5   552.2  1556.2  3157.2  37265.8    37149
read      244.5    83.3    93.8   152.4   166.4   239.1   267.5   282.6   292.9   305.6   320.1   348.6   408.2  1059.6  2793.1  13402.4    13444
read      281.2   197.6    74.4   122.7   136.4   240.0   305.6   345.2   375.7   412.3   461.9   539.3   814.9  2605.3  4901.7  71948.8    72057
read      278.6   184.3    74.4   122.2   135.8   240.5   305.4   344.2   373.6   408.4   456.8   530.9   795.6  2281.2  4322.2  70001.2    70041
read      334.7   335.7    74.4   128.4   143.1   248.1   315.2   366.4   413.5   485.3   587.0   790.3  1658.1  4054.1  7726.7  90103.6    90162
read      278.5   143.6    80.4   127.3   141.5   255.4   315.5   351.8   376.3   403.8   439.4   497.3   638.2  1493.2  3150.1  52231.4    52082
read      266.1   101.8    80.4   144.8   161.0   259.5   297.9   317.3   332.8   350.7   372.1   402.7   491.7  1175.6  2640.0  24220.0    24258
read      285.6   220.0    74.4   122.9   136.9   241.1   307.2   347.0   378.1   415.9   467.0   545.2   904.2  2957.1  6376.7  71994.8    72013
read      273.0   153.0    74.4   124.0   138.0   246.3   308.2   343.9   369.8   398.4   433.9   491.1   644.3  1786.6  3172.3  57999.4    58012
read      280.0   137.7    80.4   132.1   147.1   261.1   318.6   352.0   373.7   397.7   427.9   475.4   604.4  1635.0  3045.1  45441.4    45398
read      280.4   151.7    74.4   129.2   143.6   257.7   317.1   351.7   374.7   400.6   433.1   487.2   641.0  2010.9  3322.0  50110.2    50177
read      274.5   126.5    80.4   137.3   152.6   264.8   312.3   338.2   356.7   376.4   400.3   435.3   536.4  1355.3  2921.7  34485.2    34504
read      292.2   236.1    80.4   126.0   140.0   250.2   316.4   357.3   386.0   419.8   465.0   537.8   931.6  3157.7  7257.6  65967.2    66010
read      304.4   272.4    74.4   128.0   142.0   249.6   318.1   362.9   396.2   437.9   497.4   590.1  1079.0  3910.7  7670.7  73937.8    73937
read      281.2   167.7    74.4   127.7   141.7   254.3   315.4   352.1   377.3   404.8   441.5   499.2   661.6  2246.1  3416.4  54968.0    55020
read      282.7   178.4    74.4   128.1   142.1   255.7   316.8   353.1   378.2   406.0   442.1   500.0   671.7  2267.6  5045.9  53250.8    53235
read      446.5   598.4    74.4   140.2   159.0   279.6   350.1   402.1   453.6   539.9   776.7  1519.1  3196.9  7129.1  8716.5  97850.8    97743
read      211.0    82.4   101.3   145.5   155.2   201.9   224.4   235.3   244.5   254.0   268.6   292.2   361.1  1123.3  3575.6   5392.6     5419
read      253.2    97.7    86.8   154.1   168.7   247.7   276.5   292.0   303.0   315.6   334.0   362.6   426.7  1242.4  3098.0  14724.8    14764
read      222.9    73.6   101.3   150.2   161.3   216.7   239.3   251.6   260.7   271.0   285.3   308.4   377.6   950.5  2308.7   7524.8     7451

Total QPS = 53201.1 (15960337 / 300.0s)

Total connections = 64
Misses = 0 (0.0%)
Skipped TXs = 0 (0.0%)

RX 3942203239 bytes :   12.5 MB/s
TX          0 bytes :    0.0 MB/s
Warning! Detected max cpu usage > 95%
CPU Usage Stats (avg/min/max): 99.73%,50.25%,100.00%
