Random waveform, supplied seed
Total number of intervals = 60 (6927, 52892, 98921, 61129, 40613, 53226, 38560, 103465, 104758, 94759, 37799, 8296, 69443, 12517, 43591, 20430, 93758, 10485, 16518, 83230, 5484, 55611, 20774, 96726, 32442, 73039, 74055, 51197, 59442, 35654, 78747, 42212, 52488, 36950, 16762, 79473, 61431, 87172, 108181, 80515, 37149, 13444, 72057, 70041, 90162, 52082, 24258, 72013, 58012, 45398, 50177, 34504, 66010, 73937, 55020, 53235, 97743, 5419, 14764, 7451)
Average QPS expected = 53209
Timestamp start: 1778668654978
Timestamp end: 1778668955278

#type       avg     std     min      p5     p10     p50     p67     p75     p80     p85     p90     p95     p99    p999   p9999      QPS   target
read      265.4   106.0   109.4   182.3   198.3   259.1   279.8   291.6   299.6   310.5   321.5   343.9   431.3  1371.1  3928.8   6946.8     6927
read      319.2   213.7    86.8   160.4   175.4   288.7   353.2   384.9   405.6   431.2   464.6   523.0   808.7  3064.9  7069.6  52718.8    52892
read      494.6   583.1    86.8   176.7   198.5   334.8   417.3   476.7   532.1   617.2   793.2  1497.0  3372.6  5925.4  8119.7  98918.4    98921
read      312.7   182.5    93.8   158.2   173.3   282.5   347.9   381.5   404.0   432.5   468.4   532.0   759.2  2349.9  5100.2  61061.8    61129
read      302.5   126.8   101.3   161.9   176.9   292.5   347.6   372.3   389.1   406.8   431.0   467.3   578.2  1550.0  2768.8  40594.4    40613
read      305.3   155.3    86.8   157.3   172.6   283.9   347.8   378.7   399.2   423.3   453.7   501.8   636.6  1579.9  4033.6  53260.0    53226
read      304.6   138.7    93.8   162.9   178.4   295.7   348.6   373.0   389.7   407.5   431.3   467.2   568.9  1526.2  4179.9  38670.6    38560
read      588.2   724.3    93.8   187.1   211.3   352.9   443.5   515.8   592.0   766.8  1402.1  1872.4  3648.3  7409.0  8680.7 103367.4   103465
read      574.0   671.1    93.8   184.0   207.0   335.6   423.1   501.2   588.2   894.7  1529.4  1832.1  3347.9  7248.1  8712.7 104582.2   104758
read      564.7   685.4    93.8   180.1   202.8   339.4   434.0   518.5   604.4   765.7  1327.3  1867.8  3422.7  7537.4 10115.7  94676.8    94759
read      305.3   127.4    93.8   162.7   178.6   295.3   348.8   373.4   390.3   408.3   432.4   469.7   591.9  1539.8  2953.4  37775.8    37799
read      268.1    91.6   109.4   182.5   199.4   263.6   286.2   297.6   307.2   316.8   331.3   353.7   423.2   948.8  3749.9   8287.4     8296
read      313.9   202.3    86.8   156.4   171.8   277.9   345.0   381.1   405.7   435.4   474.5   541.4   770.9  2660.4  7065.0  69456.8    69443
read      280.2   119.8   109.4   179.2   196.9   274.5   300.9   314.6   324.1   336.5   350.5   373.6   467.3  1305.3  5024.4  12551.0    12517
read      306.2   139.0   101.3   161.1   175.9   292.1   350.7   378.0   395.9   416.9   443.0   485.9   608.3  1637.0  4445.7  43725.2    43591
read      297.7   129.2   109.4   174.7   192.0   293.2   327.6   344.5   357.2   370.4   389.5   419.0   529.9  1524.1  4959.8  20454.2    20430
read      516.4   644.8    93.8   172.9   193.7   328.7   406.6   465.1   520.7   620.3   935.4  1690.2  3458.1  7025.1  8143.9  93855.8    93758
read      281.6   103.7   109.4   188.0   205.5   276.0   300.2   313.3   321.7   334.3   347.1   371.8   451.8  1539.4  3884.4  10482.4    10485
read      287.9   116.2    93.8   177.2   195.1   284.8   314.6   330.1   340.8   353.9   370.4   396.9   468.0  1249.9  6090.5  16390.4    16518
read      386.8   377.2    93.8   162.4   179.5   298.7   372.2   421.3   464.4   528.7   630.9   858.2  1781.9  4563.0  8062.0  83302.8    83230
read      253.7    76.7   109.4   178.1   192.7   247.6   267.5   278.3   287.4   296.6   311.1   332.6   404.3  1134.8  2169.5   5487.8     5484
read      303.9   173.5    93.8   154.7   169.5   278.5   343.6   375.1   396.6   421.3   452.8   503.6   669.2  1977.2  7374.6  55474.4    55611
read      288.5   100.3   109.4   170.4   187.5   288.6   322.1   338.5   349.6   363.8   380.5   404.7   467.7   892.0  3851.5  20756.6    20774
read      562.2   759.0    93.8   173.7   194.7   329.0   403.7   460.7   515.9   630.6  1315.1  1981.6  3643.3  7653.0  9487.4  96507.8    96726
read      303.0   149.3    93.8   163.1   178.8   293.6   339.6   362.2   377.3   395.2   418.2   456.4   643.5  1981.3  4209.1  32311.8    32442
read      317.1   236.8    93.8   155.9   171.6   278.2   344.3   380.6   405.5   435.5   475.2   544.8   787.2  3711.8  7635.7  73118.2    73039
read      312.2   212.9    93.8   154.6   169.7   274.6   341.7   377.9   402.7   433.5   473.9   543.5   772.8  3028.8  5954.3  74040.6    74055
read      298.2   135.1    93.8   154.9   169.5   278.3   342.2   371.8   391.7   414.1   441.8   487.5   605.1  1513.3  3093.8  51245.6    51197
read      308.0   158.2    93.8   156.3   171.7   280.4   346.0   378.9   401.3   428.4   463.5   521.4   715.5  1972.7  3910.0  59501.4    59442
read      303.5   134.8    93.8   163.5   179.0   297.6   348.0   371.0   387.1   403.9   428.0   463.4   553.7  1278.7  5143.6  35787.4    35654
read      340.2   307.8    93.8   159.2   175.4   286.9   355.2   393.9   422.7   458.2   507.8   604.6  1204.0  4695.6  7858.5  78832.4    78747
read      330.4   303.8    93.8   159.8   175.3   294.6   352.5   380.6   399.8   424.5   458.9   530.9  1228.5  4338.2 10780.1  42144.4    42212
read      302.7   144.7    93.8   155.8   170.7   281.4   345.6   376.2   396.6   420.4   450.4   497.2   627.6  1722.3  3185.4  52345.2    52488
read      302.2   142.5   101.3   161.6   176.8   293.8   346.4   370.3   386.5   403.3   427.3   463.7   562.1  1393.1  4812.7  36988.4    36950
read      285.9    94.3   101.3   175.6   192.9   284.0   314.6   330.0   340.4   353.0   369.1   395.4   464.3  1103.4  3186.2  16690.2    16762
read      341.2   275.8    93.8   159.4   175.7   285.5   353.8   393.5   423.5   461.5   517.8   630.1  1379.1  3492.9  7453.1  79661.6    79473
read      332.3   251.3    93.8   161.4   176.9   292.1   359.9   395.8   422.3   454.9   499.5   580.0   925.2  3847.9  7697.8  61392.4    61431
read      493.8   574.2    86.8   174.9   195.3   334.0   423.4   491.1   552.1   646.8   832.5  1473.4  3283.8  6707.8  8712.8  87140.2    87172
read      559.1   700.2    93.8   184.4   207.5   335.6   420.0   486.5   549.8   680.6  1291.9  1856.1  3575.8  7308.3  8736.5 108273.4   108181
read      378.3   377.9    93.8   162.5   179.4   297.0   369.3   416.3   456.5   509.5   591.1   754.3  1927.1  4349.6  8110.2  80577.4    80515
read      302.4   137.5   101.3   162.1   177.4   294.4   345.1   369.6   386.0   403.0   427.4   463.9   567.1  1441.9  5232.5  36991.6    37149
read      277.2    81.8   101.3   176.3   193.9   274.7   301.6   315.5   325.4   337.7   352.5   375.5   436.8   989.5  2827.6  13490.4    13444
read      316.1   216.1    86.8   155.3   170.7   277.4   343.9   380.2   405.4   436.3   479.2   552.3   827.9  3138.2  6731.2  72236.0    72057
read      315.5   181.1    93.8   155.8   171.2   279.4   347.3   384.5   410.4   442.6   486.0   560.7   835.7  2081.2  4265.5  70046.6    70041
read      446.5   498.3    93.8   169.6   189.5   317.7   395.2   450.4   500.1   574.9   713.6  1184.3  2907.4  5401.1  8088.9  90163.4    90162
read      312.6   166.9   101.3   160.1   174.9   287.6   352.3   384.1   405.3   431.4   464.4   520.5   696.1  2149.6  4266.8  52030.0    52082
read      303.6   184.2   101.3   170.8   187.8   297.0   335.9   355.1   368.4   384.5   402.9   435.5   544.0  2384.9  7806.8  24332.6    24258
read      345.7   281.9    93.8   159.6   175.7   288.8   357.9   397.5   427.8   465.2   521.9   647.0  1432.2  3396.9  7790.8  72221.6    72013
read      328.9   247.1    86.8   156.8   172.6   288.8   356.0   391.5   417.0   448.3   492.8   574.1   988.4  3556.4  7089.6  58001.8    58012
read      336.5   314.6    93.8   158.4   174.3   294.4   355.7   385.4   405.2   430.8   465.6   539.5  1373.4  4650.9  8631.5  45414.4    45398
read      311.1   162.0    93.8   156.5   172.2   289.8   352.6   383.8   404.3   429.4   462.1   513.8   669.3  2161.0  3884.5  50204.6    50177
read      311.8   146.9    93.8   162.8   179.4   301.9   351.5   375.2   392.4   411.7   436.4   482.2   637.0  2071.6  3792.2  34382.8    34504
read      342.3   300.3    93.8   157.1   173.7   290.8   358.9   395.4   422.4   455.8   503.0   594.7  1442.0  4195.4  7877.5  66070.8    66010
read      361.2   358.3    86.8   158.4   175.5   294.2   364.6   405.5   438.4   480.9   542.9   669.3  1717.7  4954.1  9161.0  74078.8    73937
read      313.4   191.2    93.8   154.7   170.4   286.4   351.2   384.3   406.2   432.9   467.2   525.8   708.2  2543.9  7277.8  55112.6    55020
read      308.6   156.0    93.8   154.2   169.8   285.1   350.2   382.2   403.4   429.6   462.9   516.4   673.4  1869.3  3798.4  53365.6    53235
read      548.9   718.5    93.8   178.3   202.3   341.6   432.4   502.7   570.8   687.3  1026.5  1709.8  3604.4  7744.3 10670.0  97831.8    97743
read      262.8   108.6   118.1   177.4   192.6   252.0   273.1   286.9   296.2   310.2   328.6   365.7   486.7  1359.7  3852.7   5451.6     5419
read      295.4   117.7    93.8   178.7   197.8   287.3   317.5   334.7   346.1   362.1   381.2   415.4   545.5  1722.4  3160.1  14626.0    14764
read      271.5   108.6   101.3   179.3   196.5   262.7   287.0   300.4   311.2   322.6   341.6   373.1   478.5  1308.0  4804.3   7419.4     7451

Total QPS = 53213.8 (15964143 / 300.0s)

Total connections = 64
Misses = 0 (0.0%)
Skipped TXs = 0 (0.0%)

RX 3943143321 bytes :   12.5 MB/s
TX          0 bytes :    0.0 MB/s
Warning! Detected max cpu usage > 95%
CPU Usage Stats (avg/min/max): 99.74%,50.00%,100.00%
