Random waveform, supplied seed
Total number of intervals = 60 (6927, 52892, 98921, 61129, 40613, 53226, 38560, 103465, 104758, 94759, 37799, 8296, 69443, 12517, 43591, 20430, 93758, 10485, 16518, 83230, 5484, 55611, 20774, 96726, 32442, 73039, 74055, 51197, 59442, 35654, 78747, 42212, 52488, 36950, 16762, 79473, 61431, 87172, 108181, 80515, 37149, 13444, 72057, 70041, 90162, 52082, 24258, 72013, 58012, 45398, 50177, 34504, 66010, 73937, 55020, 53235, 97743, 5419, 14764, 7451)
Average QPS expected = 53209
Timestamp start: 1778679354241
Timestamp end: 1778679654529

#type       avg     std     min      p5     p10     p50     p67     p75     p80     p85     p90     p95     p99    p999   p9999      QPS   target
read      276.5   180.4   101.3   180.5   197.0   261.3   283.7   295.2   304.8   315.6   331.3   361.3   829.5  2170.4  9010.6   6867.8     6927
read      332.6   254.3    93.8   158.7   174.7   292.4   355.2   386.6   408.8   437.0   475.9   553.3  1317.6  3198.7  7186.7  52541.4    52892
read      509.2   586.9    86.8   179.0   200.7   317.6   392.5   463.5   557.7   753.8  1104.9  1588.6  2954.9  6673.2  8762.6  99019.2    98921
read      338.5   278.9    86.8   157.5   173.6   288.1   354.3   390.4   417.8   452.3   500.5   603.8  1376.6  3394.5  7952.0  61106.2    61129
read      322.7   199.5    93.8   161.3   177.1   298.7   353.6   380.8   399.7   423.6   455.5   513.0  1057.4  2515.5  7011.4  40446.2    40613
read      325.2   229.5    93.8   156.6   172.3   287.2   349.8   382.3   405.0   434.0   471.9   547.1  1219.2  2902.6  7054.6  53332.6    53226
read      323.3   192.5    93.8   163.5   179.5   300.9   354.6   380.5   399.1   422.5   453.8   510.0  1038.5  2419.8  4878.7  38544.8    38560
read      575.5   721.8    93.8   188.4   213.0   339.0   408.9   467.0   539.5   839.5  1435.7  1832.3  3450.5  7735.9 10323.1 103336.2   103465
read      577.4   772.3    86.8   196.0   221.6   343.0   405.3   452.8   500.0   617.3  1317.5  2125.7  3689.6  7826.2 10159.5 104797.4   104758
read      552.6   713.5    93.8   182.9   205.5   327.3   398.4   459.0   533.2   745.5  1294.0  1777.1  3507.7  7669.0 10030.8  94972.0    94759
read      316.9   156.5    93.8   164.2   180.6   300.7   354.8   381.6   400.1   423.6   454.4   505.5   744.3  1941.7  3877.4  37728.8    37799
read      271.6    94.9   109.4   180.1   196.8   266.7   290.9   304.0   313.3   323.4   338.9   363.6   453.2  1023.9  3450.1   8314.6     8296
read      337.8   275.2    93.8   158.1   174.2   285.4   351.1   388.4   416.7   453.1   504.0   609.3  1346.4  3401.1  7577.1  69395.0    69443
read      287.8   120.9   109.4   180.4   198.7   282.4   309.8   323.8   335.1   346.5   364.9   393.7   524.0  1389.4  6157.0  12542.0    12517
read      315.3   167.5    93.8   158.9   174.9   295.0   351.8   379.6   399.5   424.3   456.8   511.5   803.2  2208.6  3952.5  43478.4    43591
read      300.5   136.8   101.3   172.5   190.2   295.0   329.0   345.9   359.1   372.6   394.0   428.7   604.2  1679.4  4333.0  20370.4    20430
read      451.7   499.6    93.8   172.8   192.0   309.0   381.4   440.1   504.3   613.0   809.0  1258.3  2729.7  5346.3  8116.6  93751.4    93758
read      282.6   105.6   109.4   181.0   199.0   276.0   301.7   315.3   325.2   338.3   354.9   382.6   520.0  1526.8  3052.5  10502.4    10485
read      293.3   118.5   109.4   176.8   194.7   287.6   318.3   334.6   345.1   359.6   375.4   404.8   570.5  1492.5  3730.3  16568.4    16518
read      406.2   441.4    93.8   166.1   184.6   307.1   379.5   429.3   471.8   533.9   631.2   890.1  2369.4  5534.4  9572.4  83011.6    83230
read      265.4   114.7   109.4   177.8   193.2   255.8   277.5   290.0   298.0   310.4   324.3   350.1   617.6  1483.3  3845.4   5499.8     5484
read      334.4   231.0    93.8   160.6   176.3   293.7   357.8   391.6   417.0   449.2   494.7   584.9  1239.4  2796.1  6777.8  55549.6    55611
read      314.6   178.1    93.8   175.6   193.3   300.6   336.5   355.3   368.5   385.1   404.8   450.7   936.6  2115.9  7144.6  20806.6    20774
read      526.4   634.1    86.8   178.7   200.9   320.8   394.7   461.5   554.8   791.1  1204.9  1620.6  3295.2  7282.9  8978.3  96751.0    96726
read      319.1   170.7   101.3   165.6   182.5   303.2   350.7   373.5   390.7   410.1   436.3   490.1   962.7  2012.4  3975.2  32557.8    32442
read      356.3   339.7    93.8   159.1   175.6   290.7   357.9   396.4   427.6   467.0   525.2   649.3  1780.1  4386.8  7919.6  73159.2    73039
read      351.0   330.0    86.8   159.0   175.4   288.6   354.7   393.3   423.8   462.8   519.1   635.3  1673.0  4261.6  7989.5  74317.4    74055
read      330.1   243.7    93.8   158.0   173.7   292.1   354.3   386.0   408.6   437.5   478.2   558.4  1224.0  2958.2  7654.6  51365.6    51197
read      341.8   256.8   101.3   161.1   176.9   294.5   359.9   395.1   422.9   458.2   506.7   604.1  1390.3  3132.4  7369.1  59583.4    59442
read      322.3   178.8   101.3   164.8   181.0   303.3   354.2   378.4   396.2   418.3   448.4   504.1  1009.3  2114.2  4246.1  35572.2    35654
read      377.8   389.2    93.8   163.5   180.9   299.7   368.4   411.2   446.9   494.3   564.3   728.9  1991.4  5031.7  8043.8  78671.2    78747
read      323.8   200.4    93.8   161.2   176.9   298.5   355.5   383.5   402.6   427.8   460.6   522.9  1066.7  2331.6  7205.8  42206.8    42212
read      333.1   235.4    93.8   159.0   174.5   293.9   357.3   389.9   414.6   445.2   488.2   577.6  1242.0  2907.4  7107.4  52436.8    52488
read      319.6   172.9    93.8   163.7   179.6   301.2   352.1   377.2   395.8   418.1   447.9   503.6   988.9  2008.4  3853.9  36887.0    36950
read      315.0   218.7   109.4   179.5   199.1   295.9   328.5   345.4   359.1   373.4   396.8   441.2  1006.4  2874.9  7811.8  16688.6    16762
read      356.4   295.4    93.8   160.1   177.0   294.5   362.6   403.7   437.8   482.0   543.8   677.5  1549.8  3486.6  7595.3  79343.4    79473
read      328.1   220.1    93.8   156.1   172.5   288.6   353.8   389.4   416.5   450.6   497.4   583.1  1093.4  2646.2  7462.1  61594.2    61431
read      426.1   451.4    86.8   167.6   187.4   311.6   385.2   437.3   487.5   559.1   683.9  1077.3  2489.6  4828.5  8031.4  87108.6    87172
read      581.6   688.1    93.8   193.3   219.9   349.7   424.3   488.4   578.1   959.4  1446.3  1749.3  3445.0  7553.3  9768.2 108174.6   108181
read      390.3   396.7    86.8   164.9   183.2   303.5   372.3   420.1   461.0   518.1   611.8   845.7  1847.7  5258.1  8565.3  80659.8    80515
read      313.3   167.1    93.8   162.0   178.1   298.8   350.4   375.0   392.8   413.6   441.3   491.0   767.6  1869.7  6642.4  37089.0    37149
read      294.9   170.6   101.3   179.8   198.1   282.1   309.8   324.3   336.2   348.9   367.4   399.6   807.9  2209.5  7560.1  13445.8    13444
read      342.9   289.7    93.8   158.5   174.7   287.4   353.6   391.5   421.1   458.7   510.5   617.5  1486.6  3557.4  7803.2  71959.2    72057
read      345.6   315.6    93.8   157.4   173.7   285.4   351.9   390.2   420.1   457.9   509.5   622.0  1607.6  4126.8  7788.8  70113.6    70041
read      427.5   498.1    86.8   166.5   186.4   309.9   385.8   443.4   496.5   571.5   689.8   981.4  2689.3  6764.2 10232.5  90156.4    90162
read      322.0   208.9    86.8   153.9   169.7   288.5   351.6   383.7   405.9   434.8   472.6   546.9  1112.3  2546.6  7115.2  52137.4    52082
read      313.8   176.0   101.3   168.9   187.4   299.6   339.2   359.3   372.5   390.6   413.7   459.8   929.5  2079.2  7058.4  24271.0    24258
read      383.7   474.8    86.8   157.0   174.3   290.8   358.0   397.6   429.5   471.0   536.7   718.9  2622.2  6227.3  8018.5  72027.0    72013
read      324.8   216.5    93.8   154.0   170.0   286.6   351.7   386.0   411.2   443.7   488.5   572.2  1108.6  2561.8  7023.2  57894.0    58012
read      326.0   223.6    93.8   155.9   172.6   294.3   355.4   385.3   406.1   433.2   468.9   541.7  1160.2  2572.9  7688.0  45456.8    45398
read      330.7   240.7    93.8   156.8   173.4   294.6   357.7   389.7   413.1   442.4   482.8   561.8  1143.1  3081.6  7619.2  50147.8    50177
read      326.1   185.9    93.8   166.6   184.0   306.5   357.8   383.3   401.0   424.3   455.4   511.9   982.9  2150.0  7300.8  34436.8    34504
read      363.8   329.5    93.8   161.1   177.8   299.1   366.7   406.6   439.9   482.7   544.7   680.5  1721.7  4217.0  7792.3  66031.4    66010
read      402.0   403.2    93.8   166.0   184.6   309.8   382.7   433.0   477.5   539.1   635.0   868.3  2109.4  4723.2  8047.5  73834.0    73937
read      342.8   244.8    93.8   161.6   177.6   298.5   364.1   399.2   426.9   461.6   510.1   612.3  1291.2  3021.7  7139.1  55074.8    55020
read      368.0   361.7    93.8   160.3   176.8   301.2   367.9   403.8   433.1   469.5   528.2   691.1  1898.4  4219.9  9313.9  53194.6    53235
read      539.6   648.8    93.8   186.2   209.2   332.9   405.5   468.5   545.1   737.9  1169.2  1771.1  3276.0  7268.6  9082.4  97725.8    97743
read      282.0   187.0   101.3   179.7   196.9   263.5   287.6   300.7   311.5   323.2   342.2   379.4   875.0  2743.4  7217.4   5427.0     5419
read      311.4   187.8   109.4   180.3   200.0   293.4   325.5   342.4   355.4   370.2   393.5   437.8   963.5  2373.3  7476.8  14638.6    14764
read      286.5   169.2   101.3   182.6   200.3   269.7   294.0   308.3   317.9   331.8   348.6   386.7   864.5  2268.3  7049.4   7488.6     7451

Total QPS = 53201.8 (15960550 / 300.0s)

Total connections = 64
Misses = 0 (0.0%)
Skipped TXs = 0 (0.0%)

RX 3942255850 bytes :   12.5 MB/s
TX          0 bytes :    0.0 MB/s
Warning! Detected max cpu usage > 95%
CPU Usage Stats (avg/min/max): 99.73%,50.00%,100.00%
