Random waveform, supplied seed
Total number of intervals = 60 (6927, 52892, 98921, 61129, 40613, 53226, 38560, 103465, 104758, 94759, 37799, 8296, 69443, 12517, 43591, 20430, 93758, 10485, 16518, 83230, 5484, 55611, 20774, 96726, 32442, 73039, 74055, 51197, 59442, 35654, 78747, 42212, 52488, 36950, 16762, 79473, 61431, 87172, 108181, 80515, 37149, 13444, 72057, 70041, 90162, 52082, 24258, 72013, 58012, 45398, 50177, 34504, 66010, 73937, 55020, 53235, 97743, 5419, 14764, 7451)
Average QPS expected = 53209
Timestamp start: 1778891946794
Timestamp end: 1778892247080

#type       avg     std     min      p5     p10     p50     p67     p75     p80     p85     p90     p95     p99    p999   p9999      QPS   target
read      227.1    97.9    86.8   151.4   163.4   220.8   242.2   254.3   264.2   274.4   290.2   314.0   387.0  1291.4  3132.7   6831.0     6927
read      271.8   115.0    74.4   129.2   143.7   256.2   313.0   345.2   368.1   393.5   424.2   470.3   570.5   761.8  2075.4  52683.8    52892
read      248.4   128.4    74.4   124.9   138.9   225.4   275.2   303.3   322.5   346.8   378.2   425.6   581.0  1377.7  3457.9  99077.8    98921
read      257.4   108.1    74.4   128.4   142.7   242.5   299.1   326.1   345.9   368.0   393.3   427.6   501.1   636.4  1232.8  61202.4    61129
read      272.9   102.3    74.4   137.4   153.0   266.7   315.1   341.2   359.1   378.0   400.5   433.4   509.3   692.0  2014.2  40599.4    40613
read      271.8   114.1    74.4   129.0   143.4   254.7   312.6   345.8   369.0   394.7   426.1   474.1   574.7   765.8  1568.4  53238.8    53226
read      275.7   113.6    80.4   137.8   153.2   267.8   317.7   345.3   363.7   383.5   405.6   439.4   516.6   912.4  3066.5  38457.8    38560
read      250.4   122.5    74.4   127.9   141.8   228.8   277.6   305.0   323.9   348.0   378.3   423.5   551.0  1560.9  2510.9 103344.4   103465
read      246.2   102.3    74.4   127.3   141.1   227.6   275.3   302.4   320.9   344.9   374.5   419.1   522.3   906.6  1806.6 104993.6   104758
read      245.7   109.4    74.4   125.4   139.2   225.7   276.0   304.7   324.4   348.3   377.9   420.1   514.0   846.9  3004.9  94676.2    94759
read      272.6   111.0    80.4   138.8   154.5   267.1   313.5   338.1   355.3   373.2   395.9   428.7   504.4   727.1  3499.8  37740.6    37799
read      236.5    71.9    93.8   154.6   167.7   231.7   255.6   269.6   279.4   291.4   307.4   333.7   395.2   688.1  3140.2   8304.6     8296
read      303.7   294.3    74.4   125.1   139.4   248.6   313.7   356.2   388.1   427.1   482.7   574.7  1298.7  3799.8  7883.9  69193.2    69443
read      248.4    94.5    93.8   155.7   169.8   242.8   270.6   285.2   294.8   307.6   321.8   348.9   408.5  1255.7  2871.7  12551.8    12517
read      286.3   219.9    74.4   132.7   147.8   262.3   317.1   347.8   368.7   391.7   420.0   465.5   659.0  3199.9  7461.5  43483.4    43591
read      269.9   120.7    86.8   153.2   168.8   262.8   296.5   313.6   326.0   342.5   363.0   393.3   492.0  1826.3  3159.0  20445.6    20430
read      261.3   189.3    74.4   127.5   141.3   230.9   283.4   312.5   333.9   359.7   392.1   441.7   697.9  2768.8  7104.4  93925.0    93758
read      247.4    78.1    93.8   158.9   173.8   244.0   270.1   283.8   292.9   304.7   319.3   346.0   400.5   669.7  2167.0  10401.8    10485
read      251.5    84.4    93.8   150.7   165.1   247.6   277.5   293.1   304.3   316.8   335.6   364.6   428.3  1040.3  2421.4  16559.4    16518
read      257.3   171.0    74.4   123.1   136.8   228.2   284.1   314.1   336.6   363.7   396.9   449.9   638.9  2535.2  4975.2  83211.6    83230
read      217.4    86.0    93.8   148.1   158.7   209.8   231.9   243.9   252.3   263.7   277.0   301.7   368.2  1054.8  3048.3   5535.8     5484
read      268.7   147.4    74.4   123.4   137.2   245.8   304.5   336.9   361.4   388.3   421.3   471.7   606.1  1821.9  2982.8  55325.4    55611
read      257.2   117.9    86.8   145.4   160.9   251.7   284.8   302.0   313.9   328.6   348.3   376.5   442.7  1454.9  4145.6  20819.2    20774
read      252.2   140.0    74.4   125.4   139.5   227.5   278.3   307.0   327.5   353.0   385.0   433.0   605.3  1514.2  4441.2  96755.0    96726
read      270.0    91.9    80.4   141.1   157.1   267.2   309.6   331.1   346.6   364.8   386.2   417.0   488.2   670.4  1530.0  32352.2    32442
read      285.7   236.1    74.4   123.7   137.6   243.2   308.3   348.7   379.8   417.5   468.7   546.3   833.3  2655.4  9413.0  72916.2    73039
read      291.0   230.7    74.4   123.9   137.9   243.5   309.4   351.1   383.5   423.6   478.9   564.7   962.4  3041.7  6049.6  74073.8    74055
read      273.4   139.9    74.4   127.6   141.7   252.7   311.3   344.3   367.5   393.0   424.5   472.4   586.8  1762.7  3016.4  51232.8    51197
read      281.1   179.1    80.4   125.5   139.5   250.9   313.2   350.5   377.2   406.6   445.9   506.2   692.5  2395.5  4650.0  59380.8    59442
read      270.1   124.5    80.4   134.6   149.9   261.4   309.3   334.7   352.9   372.4   395.9   430.2   511.7  1408.6  3139.9  35710.8    35654
read      264.7   172.4    74.4   125.6   139.5   234.2   291.5   321.8   345.7   372.9   406.6   467.7   681.6  2583.3  4653.6  78516.4    78747
read      272.9   111.8    74.4   135.3   151.0   264.1   314.3   341.5   360.1   380.0   403.2   440.0   530.3   870.9  2864.4  42209.4    42212
read      271.6   148.5    80.4   124.5   138.9   250.7   308.2   341.3   365.4   391.7   424.2   476.4   602.4  1696.2  4209.6  52444.0    52488
read      271.6   120.6    74.4   133.9   148.9   261.0   310.7   336.8   355.6   375.6   400.0   435.8   533.6  1527.1  2731.2  36996.2    36950
read      251.1    94.1    86.8   150.0   164.6   247.1   277.1   293.0   304.2   316.5   334.7   362.6   424.8  1015.5  2558.8  16737.0    16762
read      264.2   166.5    74.4   124.2   138.1   233.5   292.3   323.8   348.3   376.9   412.7   475.1   673.2  2087.5  5280.3  79254.2    79473
read      258.5   106.3    80.4   128.5   142.9   242.9   298.6   326.9   346.7   369.2   395.1   430.7   509.3   687.8  2580.9  61559.8    61431
read      247.0   103.7    80.4   124.4   138.4   226.8   279.4   308.6   328.9   353.6   383.5   425.3   517.8   857.1  1761.2  87143.8    87172
read      249.9   120.2    74.4   128.0   142.2   230.3   277.8   304.5   323.0   346.1   375.9   422.1   546.4  1295.6  3032.7 108326.4   108181
read      249.4   105.7    74.4   124.9   138.7   228.9   283.1   312.2   333.3   358.3   388.1   429.6   523.8   781.6  2196.3  80681.4    80515
read      277.4   166.6    74.4   138.0   153.3   265.2   313.2   338.4   356.1   374.8   399.0   434.8   556.9  2031.2  7702.2  37192.6    37149
read      253.8    80.8    86.8   156.8   172.4   250.8   279.4   293.9   304.7   316.7   334.7   361.9   413.5   758.7  3022.4  13505.2    13444
read      302.1   301.5    74.4   125.3   139.3   246.8   312.4   354.4   386.6   426.0   481.9   575.1  1235.2  4061.8  8647.7  72073.4    72057
read      280.6   184.2    74.4   123.5   137.3   242.5   308.0   347.0   377.1   412.5   460.7   535.9   770.3  2362.1  4324.1  70142.4    70041
read      254.0   176.9    74.4   123.8   137.7   226.5   278.0   307.5   328.6   354.6   387.2   435.0   602.8  3065.3  5981.7  90081.6    90162
read      261.2   102.0    74.4   131.0   146.0   250.8   303.4   329.4   348.0   368.0   391.4   423.7   492.9   639.8  2619.3  52348.2    52082
read      264.0    99.1    74.4   146.9   162.7   260.8   296.6   314.2   327.1   343.2   363.3   392.2   462.8  1122.9  2855.9  24173.0    24258
read      287.0   216.3    74.4   124.1   137.8   243.2   309.3   349.7   380.9   418.6   469.8   548.6   893.9  3015.3  5334.0  72014.8    72013
read      281.1   185.8    74.4   124.6   138.8   251.0   313.4   351.5   378.0   407.9   449.2   510.0   682.9  2331.7  6264.8  58202.4    58012
read      276.5   155.4    74.4   129.5   143.9   257.4   313.9   346.1   368.0   391.6   420.5   465.5   581.3  2268.9  3833.0  45406.2    45398
read      275.6   156.3    74.4   127.9   141.9   254.2   311.7   345.1   368.5   394.1   425.8   475.2   609.1  2000.2  4018.0  50134.6    50177
read      273.1   113.1    80.4   138.0   152.8   264.6   312.2   337.9   356.3   375.5   399.2   433.9   522.5  1171.4  2514.4  34489.6    34504
read      278.2   171.1    74.4   122.7   136.8   245.8   308.0   345.5   373.7   407.3   452.2   519.1   729.1  2237.5  3667.4  65955.8    66010
read      299.2   230.3    74.4   127.3   141.1   248.8   316.5   360.8   395.2   438.6   499.1   592.2  1048.1  2800.4  7205.2  73793.6    73937
read      285.1   176.5    74.4   129.1   143.2   257.5   318.6   355.4   380.8   409.7   447.7   508.3   690.9  2218.9  4033.3  54856.4    55020
read      279.2   179.9    80.4   127.9   141.6   253.3   313.1   347.4   372.1   398.9   432.7   488.6   632.8  2649.2  4679.3  53191.2    53235
read      256.3   157.7    74.4   127.4   141.3   229.9   280.9   309.4   330.1   355.3   387.4   435.1   629.2  2121.5  4647.4  97569.0    97743
read      222.2    57.2    93.8   152.3   163.7   217.3   238.7   250.8   259.8   270.5   285.1   307.5   362.8   549.2  1531.9   5419.6     5419
read      254.1    83.3    93.8   154.8   169.3   250.2   279.5   295.0   306.6   318.8   337.9   365.7   427.9  1011.5  2121.0  14834.4    14764
read      225.2   108.4   101.3   150.2   161.8   217.5   239.4   252.0   261.7   272.6   287.7   311.2   374.5  1230.7  4908.1   7488.6     7451

Total QPS = 53196.1 (15958827 / 300.0s)

Total connections = 64
Misses = 0 (0.0%)
Skipped TXs = 0 (0.0%)

RX 3941830269 bytes :   12.5 MB/s
TX          0 bytes :    0.0 MB/s
Warning! Detected max cpu usage > 95%
CPU Usage Stats (avg/min/max): 99.73%,50.00%,100.00%
