Random waveform, supplied seed
Total number of intervals = 20 (6927, 52892, 98921, 61129, 40613, 53226, 38560, 103465, 104758, 94759, 37799, 8296, 69443, 12517, 43591, 20430, 93758, 10485, 16518, 83230)
Average QPS expected = 52565
Timestamp start: 1778663105205
Timestamp end: 1778663405497

#type       avg     std     min      p5     p10     p50     p67     p75     p80     p85     p90     p95     p99    p999   p9999      QPS   target
read      375.1   602.2   101.3   179.3   195.0   262.8   291.8   310.5   325.0   347.1   403.4   911.8  2907.7  7891.6  9993.8   6941.5     6927
read      719.3  1509.2    86.8   155.3   177.5   315.9   406.6   485.1   569.1   760.8  1322.6  2832.0  8201.6 16450.5 19500.0  52859.8    52892
read      694.1  1174.3    86.8   193.2   222.1   359.7   434.2   490.0   542.6   650.1  1458.4  3088.0  6942.5 10396.6 15397.4  99019.0    98921
read      413.3   476.6    80.4   148.6   166.9   298.3   377.5   435.6   488.3   561.9   686.7  1022.5  2362.1  6649.1  9692.0  61144.7    61129
read      544.5  1003.2    80.4   148.3   167.9   305.6   379.0   426.1   464.8   522.2   674.9  1930.5  6099.9  9412.2 14357.4  40665.9    40613
read      764.7  1835.9    80.4   155.0   177.2   315.2   394.7   454.7   512.9   628.7  1047.5  2856.5 11129.6 17562.9 21624.1  53226.5    53226
read      575.0  1042.9    86.8   148.3   168.0   305.7   378.7   425.4   463.5   523.4   787.5  2380.2  6078.1  9193.6 12549.0  38535.0    38560
read      945.9  1453.0    86.8   191.5   220.7   347.4   451.1   733.1  1448.4  1939.1  2724.5  3726.4  7014.5 12661.3 19425.2 103499.2   103465
read      639.9   892.2    86.8   202.8   233.2   372.4   444.8   498.4   550.8   675.7  1514.3  2339.3  4357.9  8131.2 12512.7 104783.7   104758
read      598.8   888.9    86.8   190.4   217.1   347.8   419.2   470.5   523.1   624.6  1124.3  2301.0  4364.0  8604.1 12794.7  94874.2    94759
read      626.8  1036.8    86.8   160.6   181.0   316.8   430.8   531.1   631.5   835.1  1241.2  2243.2  5746.6 10200.3 15533.1  37829.7    37799
read      340.2   403.9   101.3   172.3   188.8   262.8   294.4   314.3   330.9   355.2   409.3   835.9  1875.2  7230.0  9065.7   8289.0     8296
read      681.3  1093.9    80.4   164.3   188.2   337.7   443.8   550.1   685.6   983.1  1483.7  2592.9  6108.7 10730.7 15613.9  69409.5    69443
read      306.9   243.1    93.8   168.1   187.5   272.6   305.9   324.1   338.9   357.6   385.3   463.6  1256.9  2641.8  7907.4  12560.2    12517
read      342.4   315.8    86.8   145.5   162.9   289.4   347.7   382.6   408.6   443.2   495.9   613.4  1694.8  3799.0  7908.9  43572.2    43591
read      335.8   291.1    93.8   159.3   179.3   294.5   339.9   365.2   383.7   404.9   437.2   529.4  1524.2  3492.8  7951.6  20430.3    20430
read      621.4  1018.6    86.8   168.7   192.5   323.2   390.4   437.0   483.0   567.4  1311.0  3104.9  5847.3  8900.7 12040.2  93748.3    93758
read      304.4   266.6    93.8   171.5   189.3   265.8   295.9   313.8   327.1   344.1   370.9   463.3  1260.4  3122.1  8008.5  10447.1    10485
read      324.3   285.9    86.8   162.6   183.0   284.1   323.3   345.2   362.4   382.6   412.7   504.4  1424.1  3526.0  7969.1  16530.4    16518
read      659.1  1044.7    86.8   173.1   197.8   334.0   417.0   488.9   572.7   787.5  1385.8  2807.8  6219.0  8222.0 10927.6  83044.0    83230

Total QPS = 52570.5 (15771153 / 300.0s)

Total connections = 64
Misses = 0 (0.0%)
Skipped TXs = 0 (0.0%)

RX 3895474791 bytes :   12.4 MB/s
TX          0 bytes :    0.0 MB/s
Warning! Detected max cpu usage > 95%
CPU Usage Stats (avg/min/max): 99.72%,49.75%,100.00%
