Random waveform, supplied seed
Total number of intervals = 20 (6927, 52892, 98921, 61129, 40613, 53226, 38560, 103465, 104758, 94759, 37799, 8296, 69443, 12517, 43591, 20430, 93758, 10485, 16518, 83230)
Average QPS expected = 52565
Timestamp start: 1778673725086
Timestamp end: 1778674025359

#type       avg     std     min      p5     p10     p50     p67     p75     p80     p85     p90     p95     p99    p999   p9999      QPS   target
read      262.6   129.6   101.3   177.8   194.1   255.8   277.2   289.3   296.8   308.4   320.2   343.6   424.2  1374.5  6569.4   6914.3     6927
read      293.1   122.9    86.8   156.2   172.3   283.7   341.2   365.6   381.4   398.3   420.7   454.0   532.6   800.3  4188.7  52883.8    52892
read      297.1   128.8    86.8   160.2   176.9   278.3   332.4   362.2   382.4   404.0   431.6   471.5   606.6  1276.0  3132.2  98957.3    98921
read      290.0   118.8    86.8   154.8   170.5   276.2   337.4   364.0   380.8   398.5   421.3   454.7   532.2   771.6  3812.2  61107.6    61129
read      294.8   114.7    93.8   161.4   177.3   294.5   341.9   362.6   375.7   391.5   409.2   435.9   499.0   704.6  3408.3  40593.3    40613
read      290.6   116.0    86.8   155.5   171.4   281.0   339.0   363.7   379.5   396.5   418.0   449.3   516.0   725.3  3819.4  53270.7    53226
read      294.5   102.1    86.8   162.0   178.2   295.7   341.3   361.5   374.1   389.9   406.7   434.5   498.3   648.8  2615.1  38560.1    38560
read      309.1   146.6    86.8   165.6   184.0   289.6   342.4   371.7   392.3   415.7   444.4   490.8   642.6  1708.5  4368.0 103500.5   103465
read      305.3   144.7    86.8   164.0   181.7   285.3   337.9   367.5   388.0   410.7   438.7   484.3   637.8  1700.1  3706.5 104821.1   104758
read      295.4   135.6    80.4   159.2   175.8   276.0   330.9   361.0   381.2   402.6   429.9   469.4   597.9  1241.2  4299.3  94762.5    94759
read      296.8   102.1    93.8   163.7   180.1   298.5   343.9   363.7   376.4   391.9   409.4   436.1   498.9   630.0  2253.4  37708.1    37799
read      263.7   102.2   101.3   178.5   194.5   258.3   280.7   292.7   301.5   312.5   325.4   346.0   417.6  1146.3  3728.4   8297.7     8296
read      288.7   119.7    93.8   154.5   170.3   271.7   332.9   361.6   379.6   398.7   422.9   458.1   539.9   942.0  3323.7  69464.8    69443
read      275.2   107.0   101.3   178.1   195.5   271.7   296.7   310.7   319.5   332.1   345.4   369.6   432.6  1139.7  4425.3  12560.8    12517
read      297.7   130.0    93.8   155.6   170.7   287.3   342.3   368.4   386.4   405.7   431.9   470.5   561.1  1512.0  3357.4  43520.3    43591
read      291.1   119.9    93.8   171.1   188.6   288.9   321.0   338.0   349.2   363.8   381.2   408.7   488.9  1381.5  4031.0  20449.1    20430
read      299.0   139.8    93.8   160.6   176.9   278.9   334.3   364.3   384.6   406.2   433.7   475.6   617.4  1517.6  3871.4  93752.4    93758
read      270.3   121.6   101.3   176.3   193.3   265.8   290.6   303.9   313.3   323.7   339.2   362.7   426.0  1017.3  6551.4  10517.9    10485
read      284.5   100.5    86.8   174.0   191.4   283.0   312.8   328.3   339.2   351.9   368.5   395.1   459.8  1048.2  3101.9  16471.6    16518
read      297.7   145.3    86.8   159.5   176.0   278.7   336.5   366.2   385.6   406.0   431.9   469.7   586.8  1318.3  4463.9  83224.5    83230

Total QPS = 52566.9 (15770078 / 300.0s)

Total connections = 64
Misses = 0 (0.0%)
Skipped TXs = 0 (0.0%)

RX 3895209266 bytes :   12.4 MB/s
TX          0 bytes :    0.0 MB/s
Warning! Detected max cpu usage > 95%
CPU Usage Stats (avg/min/max): 99.71%,50.00%,100.00%
