Random waveform, supplied seed
Total number of intervals = 60 (6927, 52892, 98921, 61129, 40613, 53226, 38560, 103465, 104758, 94759, 37799, 8296, 69443, 12517, 43591, 20430, 93758, 10485, 16518, 83230, 5484, 55611, 20774, 96726, 32442, 73039, 74055, 51197, 59442, 35654, 78747, 42212, 52488, 36950, 16762, 79473, 61431, 87172, 108181, 80515, 37149, 13444, 72057, 70041, 90162, 52082, 24258, 72013, 58012, 45398, 50177, 34504, 66010, 73937, 55020, 53235, 97743, 5419, 14764, 7451)
Average QPS expected = 53209
Timestamp start: 1778889563487
Timestamp end: 1778889863770

#type       avg     std     min      p5     p10     p50     p67     p75     p80     p85     p90     p95     p99    p999   p9999      QPS   target
read      227.3    69.4   101.3   152.4   165.0   220.3   243.8   257.3   267.6   279.0   293.4   317.5   379.7   776.7  2625.9   6829.4     6927
read      270.5   111.6    68.9   127.2   141.5   256.5   314.3   344.1   366.2   392.4   424.1   468.2   565.8   707.5  1178.8  52657.8    52892
read      256.5   138.5    74.4   127.1   141.2   233.2   285.5   313.7   333.5   356.3   386.2   434.0   610.6  1610.3  3483.0  99133.8    98921
read      259.3   102.0    74.4   127.8   142.1   244.7   301.9   329.6   348.0   369.4   396.3   433.4   509.6   662.7  1541.4  61342.8    61129
read      270.6   102.0    74.4   133.9   150.0   265.2   314.4   338.5   355.5   374.3   399.7   434.9   515.3   692.8  1911.9  40625.0    40613
read      271.8   119.3    68.9   126.5   140.9   254.3   314.1   344.9   368.4   396.2   429.4   476.1   582.3   835.4  2317.6  53271.0    53226
read      275.9   115.7    80.4   135.0   150.7   268.9   319.9   344.7   363.3   384.6   410.6   447.7   528.2   766.3  3828.8  38493.8    38560
read      258.8   129.5    68.9   129.1   143.7   237.2   289.0   316.4   335.9   358.5   388.3   436.6   605.6  1475.3  2979.3 103519.0   103465
read      266.6   150.3    74.4   131.4   146.9   244.0   295.2   322.9   342.6   366.3   398.0   452.9   639.4  1999.6  4272.0 104769.8   104758
read      250.5   100.8    68.9   126.6   140.7   232.2   285.0   313.1   332.4   354.4   382.4   427.0   535.8   746.4  1118.9  94642.0    94759
read      273.8   107.6    80.4   135.9   152.1   268.1   315.5   339.0   355.9   375.2   402.2   441.2   530.8   709.9  2942.2  37822.6    37799
read      239.2    89.4    86.8   154.1   167.8   230.7   259.1   273.2   284.1   295.7   313.1   340.0   415.2   939.0  3608.4   8315.4     8296
read      301.2   283.1    74.4   124.9   139.1   251.3   316.6   355.9   387.9   427.1   478.9   567.5  1138.7  3859.4  8160.4  69412.8    69443
read      246.3    90.5    93.8   153.5   168.2   239.6   269.3   284.3   294.2   307.3   322.2   348.3   415.6  1055.8  2319.2  12498.0    12517
read      287.3   179.6    80.4   131.3   146.4   264.4   319.8   348.4   370.7   397.5   429.6   483.9   803.8  2424.2  3429.6  43563.6    43591
read      269.4   108.6    80.4   149.0   165.4   263.8   300.3   318.5   332.1   346.4   368.3   401.9   499.0  1376.9  2851.8  20543.4    20430
read      258.9   171.8    68.9   126.0   140.1   233.3   286.9   315.6   335.7   358.9   389.8   440.1   630.4  2502.5  6281.4  93530.8    93758
read      242.9    88.8    93.8   154.3   169.2   236.7   264.9   278.8   289.3   300.9   315.9   340.4   399.3   834.1  2761.8  10453.0    10485
read      259.5    96.0    93.8   153.0   168.4   255.9   286.9   302.7   314.2   328.0   345.1   375.1   448.6  1170.1  2923.7  16492.6    16518
read      262.8   168.4    74.4   125.1   139.1   233.2   291.7   322.6   344.2   370.0   404.3   462.1   667.0  1973.3  5358.1  83070.0    83230
read      219.2   150.1    93.8   147.2   158.0   208.5   230.1   243.1   253.1   265.3   280.0   304.8   366.4  1821.6  7916.6   5476.4     5484
read      279.6   169.2    74.4   125.8   139.9   254.0   315.9   348.8   374.0   403.7   439.5   496.3   643.9  2189.1  3735.9  55374.8    55611
read      264.7   111.8    80.4   148.1   163.8   261.1   296.1   314.6   327.6   342.1   362.5   393.6   466.1  1091.3  2918.1  20693.2    20774
read      267.8   215.2    74.4   127.9   142.3   236.7   289.7   317.8   338.1   362.4   394.8   450.3   711.7  3270.7  6629.0  96855.8    96726
read      274.2    98.6    74.4   140.8   157.1   272.3   315.5   337.0   352.0   369.9   393.1   426.4   499.4   715.4  2009.9  32419.6    32442
read      280.9   188.7    74.4   122.2   135.8   241.9   308.2   345.3   375.9   413.9   462.4   540.4   786.9  2585.6  4273.1  72890.0    73039
read      286.2   233.2    74.4   121.1   134.5   240.1   307.4   345.8   377.5   417.5   468.7   554.6   940.0  2902.3  7792.4  74204.6    74055
read      272.1   144.4    74.4   124.4   138.5   251.2   310.8   341.9   365.0   392.2   425.6   472.6   606.0  1726.9  3135.6  51226.8    51197
read      280.5   198.8    68.9   123.2   136.9   249.6   312.9   346.2   373.3   404.6   443.7   505.4   691.2  2962.3  4681.8  59442.8    59442
read      271.0   123.1    74.4   133.3   148.6   261.8   311.1   335.4   352.1   372.1   398.3   435.0   533.9  1399.5  2776.1  35639.6    35654
read      277.0   219.8    74.4   122.6   136.5   237.2   300.9   334.9   360.1   392.0   433.8   509.5   798.4  3292.7  6809.0  78654.0    78747
read      270.9   103.7    74.4   132.9   148.7   263.7   315.0   339.4   357.2   377.8   403.7   442.0   528.7   725.3  1536.0  42202.2    42212
read      275.1   144.4    74.4   126.6   140.9   255.4   315.2   346.6   370.7   398.7   432.1   482.6   598.4  1310.4  3454.3  52475.2    52488
read      275.4   132.6    80.4   134.0   149.4   263.8   314.6   340.1   358.9   380.7   407.4   447.7   550.2  1712.6  2785.5  36826.6    36950
read      251.8   102.3    80.4   148.4   163.6   246.8   278.2   293.9   305.6   318.4   336.0   362.8   427.7  1314.0  2532.9  16768.6    16762
read      258.4   149.7    74.4   125.4   139.4   233.6   290.9   320.1   340.2   363.8   394.2   440.9   593.5  1935.3  4252.2  79369.6    79473
read      257.4   109.6    74.4   126.6   140.8   242.1   299.0   326.0   344.1   365.7   392.8   431.5   517.2   696.5  3122.0  61325.8    61431
read      250.6   106.1    74.4   125.2   139.3   230.8   285.5   314.5   334.3   356.6   385.1   428.5   534.8   902.3  1882.1  86818.8    87172
read      257.9   118.7    74.4   130.3   145.4   239.3   289.1   315.8   334.7   356.7   385.7   431.9   567.0  1272.5  2991.8 108108.2   108181
read      251.6   107.1    74.4   125.1   139.2   232.0   288.2   317.3   336.7   359.4   388.6   431.2   533.2   786.7  1559.0  80511.8    80515
read      271.2   155.2    80.4   136.4   152.3   265.1   310.6   332.0   346.0   364.4   387.4   422.1   504.1  1341.9  7556.8  37385.2    37149
read      253.6    72.4    86.8   156.1   172.2   250.7   281.0   295.2   306.5   318.7   335.4   360.1   415.8   638.1  1967.5  13516.4    13444
read      277.1   231.9    74.4   127.3   141.6   240.8   300.0   330.3   350.9   375.4   409.4   466.5   947.5  3223.8  7740.8  72180.2    72057
read      257.0   117.6    74.4   126.3   140.5   237.7   296.4   325.1   344.3   367.3   396.3   436.5   529.7   773.0  3077.7  69939.2    70041
read      250.7   106.4    74.4   125.8   139.7   231.0   284.8   313.4   333.1   355.8   385.3   429.6   536.1   847.7  2316.7  90029.0    90162
read      262.6    98.2    80.4   130.0   145.0   253.5   307.5   332.7   349.3   369.2   394.2   429.2   501.1   626.8   910.4  52096.6    52082
read      274.4   110.6    80.4   150.5   166.8   271.3   308.6   327.1   340.2   356.3   376.3   409.3   487.2  1176.8  3164.2  24271.4    24258
read      263.1   139.0    74.4   127.8   141.8   238.9   298.2   328.0   348.2   372.7   404.0   453.4   603.7  1469.3  3769.9  72009.4    72013
read      263.0   109.6    74.4   129.6   144.2   247.7   306.0   333.8   352.2   373.5   400.2   436.9   522.0   745.2  3020.1  57892.2    58012
read      267.4   100.7    74.4   135.1   150.5   261.0   312.8   336.4   352.3   370.4   393.5   426.3   495.4   646.0  2121.5  45370.8    45398
read      269.7   116.1    80.4   132.9   148.1   258.0   313.1   339.3   357.6   378.1   403.4   440.9   542.7   900.9  3803.5  50222.8    50177
read      275.3   121.3    74.4   139.8   155.6   268.9   315.8   338.6   354.6   372.5   396.6   431.1   514.2  1375.5  2740.3  34604.6    34504
read      284.3   186.5    74.4   124.9   138.8   249.2   314.9   351.4   381.6   416.9   461.1   533.3   754.1  2469.8  4196.0  65957.8    66010
read      264.3   175.5    74.4   126.5   140.5   237.9   296.0   325.4   345.4   370.3   401.7   451.5   626.7  2287.4  6334.9  73711.8    73937
read      263.2   113.7    74.4   129.7   144.6   250.3   306.8   333.1   350.7   371.1   396.5   432.1   507.8   743.8  3377.6  55001.4    55020
read      262.4   100.1    74.4   129.7   144.7   251.9   307.1   332.8   349.7   369.7   394.9   429.5   501.1   645.6  2090.2  53453.4    53235
read      255.0   112.3    74.4   128.9   143.4   235.5   287.4   314.9   334.2   356.8   386.4   431.3   557.9  1006.4  2974.0  97861.8    97743
read      228.4   117.3   101.3   156.7   168.0   219.0   240.1   253.8   263.6   273.6   288.9   312.5   376.9  1181.6  7619.6   5446.8     5419
read      255.3   119.9    93.8   156.9   172.0   250.8   279.8   294.5   305.4   317.2   333.9   359.9   425.0  1288.6  3717.6  14750.6    14764
read      225.3    92.3    86.8   151.4   162.9   217.2   239.8   253.5   263.6   274.0   289.2   312.8   375.8  1127.0  3964.6   7419.2     7451

Total QPS = 53189.9 (15956958 / 300.0s)

Total connections = 64
Misses = 0 (0.0%)
Skipped TXs = 0 (0.0%)

RX 3941368626 bytes :   12.5 MB/s
TX          0 bytes :    0.0 MB/s
Warning! Detected max cpu usage > 95%
CPU Usage Stats (avg/min/max): 99.73%,50.00%,100.00%
