Random waveform, supplied seed
Total number of intervals = 60 (6927, 52892, 98921, 61129, 40613, 53226, 38560, 103465, 104758, 94759, 37799, 8296, 69443, 12517, 43591, 20430, 93758, 10485, 16518, 83230, 5484, 55611, 20774, 96726, 32442, 73039, 74055, 51197, 59442, 35654, 78747, 42212, 52488, 36950, 16762, 79473, 61431, 87172, 108181, 80515, 37149, 13444, 72057, 70041, 90162, 52082, 24258, 72013, 58012, 45398, 50177, 34504, 66010, 73937, 55020, 53235, 97743, 5419, 14764, 7451)
Average QPS expected = 53209
Timestamp start: 1778875524430
Timestamp end: 1778875824714

#type       avg     std     min      p5     p10     p50     p67     p75     p80     p85     p90     p95     p99    p999   p9999      QPS   target
read      229.6    92.9   101.3   153.0   164.4   220.4   243.7   257.3   267.4   278.6   294.8   323.2   398.7  1308.3  2675.0   6807.4     6927
read      273.7   162.6    74.4   124.5   138.6   248.3   304.2   337.7   362.4   392.1   431.0   492.3   676.5  1962.9  4387.5  52845.0    52892
read      428.0   576.4    74.4   137.4   154.9   270.6   341.4   395.8   447.4   527.6   727.0  1362.5  3203.1  6910.8  9719.6  99118.2    98921
read      279.7   158.7    74.4   125.0   139.2   247.6   309.7   346.7   374.4   409.1   455.6   524.9   748.9  1700.2  3173.4  60981.6    61129
read      280.2   140.8    80.4   134.9   150.3   262.0   316.1   345.8   367.1   391.6   424.0   471.9   618.3  1595.1  3936.1  40694.8    40613
read      280.9   153.8    74.4   129.7   144.1   254.9   314.5   349.2   373.8   402.6   440.9   499.7   690.3  1857.9  3380.9  53045.4    53226
read      274.2   116.2    80.4   137.3   152.8   261.0   311.8   339.7   358.7   379.5   404.9   449.8   555.1  1116.3  2371.4  38543.2    38560
read      428.0   577.9    74.4   138.3   155.9   267.2   332.4   380.8   429.6   517.0   775.5  1410.1  3194.1  6157.2  9107.3 103378.6   103465
read      513.5   726.5    80.4   151.9   174.3   299.9   378.8   438.2   488.6   562.7   979.6  1820.7  3557.9  7683.8  9836.9 104731.2   104758
read      362.1   403.1    74.4   131.6   147.6   252.6   318.4   368.4   419.2   498.2   642.8   954.6  2139.4  4300.7  7934.4  94665.6    94759
read      278.5   122.7    80.4   137.8   153.3   264.1   318.6   346.8   365.7   387.1   414.1   458.1   568.4  1295.0  2643.1  37974.6    37799
read      236.1    78.7    93.8   154.5   167.0   228.3   253.1   267.0   276.1   289.3   306.0   333.3   407.7  1080.0  2537.0   8302.8     8296
read      292.1   200.2    74.4   127.0   141.2   247.6   316.1   358.4   389.9   429.6   480.8   561.8   914.6  2426.6  4037.9  69146.8    69443
read      256.8    91.2    86.8   158.7   173.9   249.7   278.4   295.0   308.1   322.3   340.9   368.5   445.2  1189.7  2443.3  12578.4    12517
read      282.0   162.5    74.4   133.6   148.7   260.1   318.0   348.1   369.0   393.0   424.9   472.5   635.8  2254.8  4166.6  43586.0    43591
read      270.8   104.2    86.8   150.4   166.7   263.1   300.9   322.1   336.7   352.8   372.8   404.6   497.9  1260.8  2869.3  20453.6    20430
read      414.0   503.4    74.4   138.0   155.2   267.6   336.3   388.0   440.4   541.5   787.9  1279.6  2783.1  4681.2  8030.5  93918.4    93758
read      244.5    97.3    93.8   155.3   168.8   235.8   263.2   277.6   289.4   302.9   319.7   345.9   430.2  1133.9  3846.1  10486.6    10485
read      261.1    95.8    93.8   153.8   169.3   254.7   287.7   306.5   319.5   334.9   352.8   380.6   461.1  1079.6  2644.6  16464.6    16518
read      310.8   274.9    74.4   127.2   141.3   243.9   312.1   360.5   402.2   460.4   535.0   674.5  1221.4  3258.7  7526.1  83382.8    83230
read      230.1   176.4    93.8   151.8   162.4   214.4   235.5   249.2   258.9   270.2   287.0   316.2   540.7  2018.5  7877.9   5467.2     5484
read      287.6   177.2    68.9   128.3   142.4   254.0   318.0   355.2   382.5   415.6   458.9   527.3   824.1  2113.2  3530.8  55416.6    55611
read      272.4   124.8    86.8   149.9   165.6   261.8   300.6   322.1   337.2   354.1   374.3   411.0   551.6  1457.3  3464.5  20812.4    20774
read      645.3  1154.3    74.4   160.9   184.1   316.6   396.7   447.4   488.1   544.7   746.8  3341.3  6371.5  8642.5 12482.1  96801.8    96726
read      286.0   171.4    74.4   141.5   157.2   266.0   318.2   345.1   364.2   386.0   414.2   462.9   704.5  2045.1  7342.0  32352.8    32442
read      300.6   295.1    74.4   124.5   138.6   242.2   309.0   351.7   385.7   430.4   487.3   582.1  1217.6  3913.3  7704.0  72854.8    73039
read      308.5   312.6    74.4   123.5   137.7   240.9   308.4   352.0   387.6   434.5   496.6   613.9  1571.5  4003.6  7716.3  74136.0    74055
read      284.6   153.5    74.4   129.8   144.5   256.1   319.1   354.2   379.4   410.0   452.4   514.7   746.1  1443.4  3195.2  51234.2    51197
read      285.3   194.4    74.4   126.0   140.2   247.8   313.2   350.7   377.9   411.4   456.4   525.2   849.4  2537.4  4682.7  59399.6    59442
read      279.9   147.9    80.4   138.0   153.3   262.2   315.2   343.0   362.4   384.4   412.8   460.1   620.7  1744.2  4079.7  35752.0    35654
read      312.1   303.7    74.4   125.2   139.4   242.9   312.2   358.6   397.5   450.4   516.5   647.4  1437.0  4008.9  7901.2  78685.0    78747
read      276.3   143.1    74.4   132.5   147.5   256.6   313.1   343.4   364.2   388.2   420.0   468.3   616.7  1557.6  2690.8  42258.4    42212
read      282.8   178.4    74.4   127.4   141.4   250.6   312.3   346.8   373.0   404.3   448.1   510.6   806.1  2067.8  4631.9  52658.0    52488
read      272.6   116.3    74.4   135.7   150.7   257.9   310.1   337.5   356.3   377.6   405.6   452.4   583.0  1121.9  2682.3  36918.8    36950
read      265.9   105.1    86.8   154.0   169.8   256.6   291.3   311.0   324.2   339.7   360.1   393.5   504.7  1427.2  2536.0  16819.0    16762
read      302.4   291.2    74.4   122.5   136.6   237.6   304.8   347.9   385.4   435.0   498.8   616.4  1312.9  3836.0  7727.6  79535.0    79473
read      285.0   184.7    74.4   124.8   138.8   245.4   310.2   347.8   377.4   415.0   463.3   540.6   915.7  2108.9  3508.6  61360.8    61431
read      323.2   330.3    74.4   125.9   140.5   241.2   309.1   357.3   401.4   463.3   546.8   728.6  1635.5  3994.5  7741.8  87129.8    87172
read      557.0   887.5    74.4   148.2   170.6   294.0   379.6   432.3   470.4   524.4   731.6  3237.6  3742.9  7893.2 10234.3 108259.0   108181
read      365.7   556.0    74.4   128.2   143.2   246.7   312.1   357.8   399.0   458.1   549.0   834.1  2676.2  8302.7 10180.6  80583.2    80515
read      301.2   309.3    74.4   134.2   149.7   259.6   314.3   342.6   363.4   388.4   423.4   492.0  1305.3  4466.1  8631.0  37383.0    37149
read      248.5    96.3    93.8   152.3   166.4   239.5   268.7   285.7   297.8   311.9   329.0   356.3   442.0  1353.4  2546.3  13438.8    13444
read      290.2   252.6    74.4   121.9   135.6   237.1   304.0   343.9   376.0   418.8   471.4   558.7  1132.2  3236.0  7508.7  71974.0    72057
read      290.6   254.8    74.4   121.8   135.5   238.7   304.8   344.7   376.3   416.4   467.9   549.5  1132.4  3362.1  7679.2  70044.8    70041
read      378.6   514.6    74.4   128.1   143.6   251.5   320.6   372.2   419.6   483.0   582.3   924.3  3204.1  5480.5  8088.7  90299.4    90162
read      278.2   157.8    74.4   126.8   140.9   249.2   311.4   345.1   370.4   401.0   440.0   499.9   732.0  1819.9  3408.5  51991.2    52082
read      263.0   115.4    80.4   141.4   157.2   252.6   293.3   314.0   328.4   344.8   367.3   403.1   508.2  1731.3  2897.6  24299.8    24258
read      291.1   244.2    74.4   121.5   135.3   236.7   302.5   343.2   377.6   422.8   479.2   573.3  1134.2  3095.7  6722.3  71979.0    72013
read      279.7   165.6    74.4   124.3   138.3   245.0   309.2   344.7   373.1   408.9   454.7   523.2   796.3  1822.7  3459.7  58158.4    58012
read      274.9   149.7    74.4   128.9   143.2   250.9   308.9   339.9   362.7   389.9   425.8   480.2   671.9  1634.3  3390.0  45558.6    45398
read      277.8   148.5    74.4   127.8   142.1   250.9   311.6   344.6   369.1   398.8   436.3   495.9   722.7  1660.3  2722.3  50178.4    50177
read      276.9   132.9    74.4   136.6   152.0   260.5   312.7   339.1   358.2   380.5   409.2   456.7   594.5  1555.1  3146.4  34598.4    34504
read      288.6   215.3    74.4   123.1   137.1   241.7   307.8   346.6   378.8   420.8   472.0   556.9  1023.3  2772.4  6060.4  66047.8    66010
read      303.1   264.1    74.4   123.9   138.4   242.6   310.7   355.5   393.6   442.5   503.2   612.1  1260.8  3304.0  6727.8  73745.0    73937
read      289.2   226.8    74.4   126.8   140.8   250.5   314.0   350.5   379.4   416.0   462.2   534.8   851.0  2843.4  7493.5  55072.0    55020
read      290.4   212.8    74.4   127.9   142.2   253.6   315.7   351.5   379.8   415.0   459.7   531.4   835.5  2816.1  5060.8  53031.6    53235
read      552.5   870.5    80.4   147.4   168.8   295.4   374.0   428.9   471.7   536.0   800.7  3128.8  3714.9  7872.1 10178.0  97927.2    97743
read      227.6   115.9    86.8   152.7   164.3   216.1   238.9   251.7   261.8   273.3   291.7   319.8   424.3  1295.5  5239.7   5460.8     5419
read      267.9   248.0    86.8   151.0   166.2   244.6   276.6   296.4   310.4   325.8   345.6   387.7   735.5  3502.1  9185.8  14751.4    14764
read      232.3    80.7    86.8   153.3   165.6   222.9   247.2   261.0   271.0   284.5   302.7   331.6   424.7  1072.4  2313.3   7418.6     7451

Total QPS = 53215.0 (15964491 / 300.0s)

Total connections = 64
Misses = 0 (0.0%)
Skipped TXs = 0 (0.0%)

RX 3943229277 bytes :   12.5 MB/s
TX          0 bytes :    0.0 MB/s
Warning! Detected max cpu usage > 95%
CPU Usage Stats (avg/min/max): 99.73%,50.00%,100.00%
