Random waveform, supplied seed
Total number of intervals = 20 (6927, 52892, 98921, 61129, 40613, 53226, 38560, 103465, 104758, 94759, 37799, 8296, 69443, 12517, 43591, 20430, 93758, 10485, 16518, 83230)
Average QPS expected = 52565
Timestamp start: 1778889096542
Timestamp end: 1778889396817

#type       avg     std     min      p5     p10     p50     p67     p75     p80     p85     p90     p95     p99    p999   p9999      QPS   target
read      229.1    67.5    86.8   153.5   166.1   222.8   246.3   260.2   270.3   282.2   295.9   319.6   374.3   602.8  2183.9   6860.8     6927
read      276.0   128.1    68.9   128.3   142.7   259.7   318.9   349.5   372.0   399.9   432.6   481.6   588.4   871.3  3118.0  52706.9    52892
read      249.9   126.0    74.4   126.0   139.9   228.4   280.4   308.9   328.6   351.0   379.2   425.2   547.2  1241.8  3805.6  98935.6    98921
read      256.3   103.0    74.4   126.7   140.9   241.0   299.0   326.1   344.2   365.0   391.2   429.1   504.7   644.5  2008.9  61259.2    61129
read      274.3   110.6    74.4   133.0   149.1   266.9   318.5   343.7   362.0   383.3   410.7   450.2   536.6   762.0  2338.9  40590.2    40613
read      275.9   126.2    74.4   128.1   142.5   259.0   318.8   349.8   372.6   400.8   434.1   484.4   589.4   852.1  2876.8  53231.9    53226
read      275.7   106.8    74.4   134.5   150.3   270.2   320.3   345.4   363.7   385.0   411.6   449.6   531.5   708.2  2115.1  38504.7    38560
read      249.2   127.1    68.9   125.9   139.8   227.6   278.9   307.0   326.4   348.3   376.3   422.8   547.3  1483.3  3313.2 103408.0   103465
read      250.8   107.6    74.4   128.0   142.0   231.5   282.9   310.3   329.2   351.1   379.9   425.9   541.6   961.5  2453.1 104846.5   104758
read      247.9   109.7    68.9   125.5   139.4   227.9   280.6   309.4   329.0   351.3   379.4   424.3   531.1   882.8  2478.5  94843.9    94759
read      278.9   158.1    74.4   135.3   151.2   268.7   318.5   343.3   361.5   382.5   408.9   448.4   545.8  1831.6  7379.6  37847.1    37799
read      231.4   107.6    86.8   150.7   162.9   221.2   246.3   261.0   271.0   283.4   297.4   322.3   399.9  1574.7  3825.7   8297.5     8296
read      286.0   201.6    68.9   123.2   137.2   247.2   314.0   351.4   381.7   419.1   466.5   544.1   814.7  2746.6  4729.6  69371.2    69443
read      245.0    93.8    86.8   151.6   165.6   237.7   269.0   284.3   294.2   306.8   320.9   345.7   419.0  1124.0  3501.5  12512.1    12517
read      275.5   143.3    74.4   129.7   144.4   260.1   315.6   343.9   364.6   389.0   419.1   461.6   570.8  1845.9  3274.7  43461.9    43591
read      261.7   103.6    80.4   147.0   163.0   257.7   293.3   310.9   322.5   337.7   356.6   387.3   458.4  1155.9  2634.3  20439.7    20430
read      252.3   139.4    74.4   125.1   139.1   228.5   282.3   311.4   331.6   354.9   384.7   431.7   580.7  1416.4  4335.1  93696.5    93758
read      247.3   150.3    93.8   155.0   169.3   236.4   265.5   280.2   290.3   302.2   317.7   343.0   416.9  1914.0  7640.2  10482.2    10485
read      256.5    97.5    80.4   151.1   166.5   252.1   284.6   300.0   312.0   325.0   342.0   369.5   434.3  1122.3  3000.9  16485.4    16518
read      252.8   135.5    74.4   124.2   138.2   229.3   285.7   315.1   335.5   359.0   389.4   435.3   569.9  1200.5  4999.6  83268.5    83230

Total QPS = 52552.5 (15765746 / 300.0s)

Total connections = 64
Misses = 0 (0.0%)
Skipped TXs = 0 (0.0%)

RX 3894139262 bytes :   12.4 MB/s
TX          0 bytes :    0.0 MB/s
Warning! Detected max cpu usage > 95%
CPU Usage Stats (avg/min/max): 99.72%,50.00%,100.00%
