Random waveform, supplied seed
Total number of intervals = 60 (6927, 52892, 98921, 61129, 40613, 53226, 38560, 103465, 104758, 94759, 37799, 8296, 69443, 12517, 43591, 20430, 93758, 10485, 16518, 83230, 5484, 55611, 20774, 96726, 32442, 73039, 74055, 51197, 59442, 35654, 78747, 42212, 52488, 36950, 16762, 79473, 61431, 87172, 108181, 80515, 37149, 13444, 72057, 70041, 90162, 52082, 24258, 72013, 58012, 45398, 50177, 34504, 66010, 73937, 55020, 53235, 97743, 5419, 14764, 7451)
Average QPS expected = 53209
Timestamp start: 1778664897795
Timestamp end: 1778665198084

#type       avg     std     min      p5     p10     p50     p67     p75     p80     p85     p90     p95     p99    p999   p9999      QPS   target
read      422.1   819.1   101.3   172.1   188.8   261.0   291.5   311.1   327.4   355.5   467.9  1120.1  4640.0  9424.3 13797.3   6937.8     6927
read      744.7  1466.1    86.8   158.9   182.0   324.9   424.2   505.3   584.5   786.7  1493.9  3209.2  7730.6 15572.4 23048.7  52779.8    52892
read      807.1  1235.9    86.8   192.9   222.1   350.3   443.0   576.8   988.8  1463.5  1875.3  3236.7  6672.6  9974.8 12854.0  98939.8    98921
read      700.8  1415.1    80.4   165.3   188.0   308.1   377.2   430.0   482.0   583.1  1022.7  3378.6  7625.1 12109.2 15168.0  61045.4    61129
read      366.4   410.4    86.8   148.1   165.3   291.4   349.8   384.4   411.0   447.6   506.7   710.0  2214.5  5086.2  8045.3  40686.6    40613
read      378.6   393.9    86.8   147.3   164.9   295.9   367.1   411.9   449.0   499.4   580.1   798.3  2126.3  4676.8  8002.5  53173.2    53226
read      364.6   456.1    93.8   146.9   164.2   288.6   344.9   378.0   403.2   436.9   493.7   668.2  2258.7  6786.6  9100.7  38524.6    38560
read      723.3   976.0    86.8   194.8   225.2   359.3   448.0   545.8   735.0  1397.5  1737.7  2805.4  4700.0  8047.0 11528.1 103351.8   103465
read      607.1   825.1    86.8   198.0   227.7   360.6   430.5   485.9   544.2   678.1  1385.3  2081.4  3945.5  8097.1 12046.6 104868.2   104758
read      526.5   693.6    80.4   170.0   192.8   311.6   374.8   426.2   482.9   641.6  1245.1  1806.4  3398.9  7586.9  9343.4  94967.6    94759
read      379.9   472.9    86.8   147.6   165.5   290.2   349.6   385.5   413.6   451.5   513.3   797.6  2579.0  6284.9  8103.3  37766.6    37799
read      341.7   440.0    93.8   167.5   185.1   261.0   291.6   310.9   326.0   346.7   393.2   842.7  2036.0  7435.1  8322.8   8307.6     8296
read      871.4  1759.4    86.8   164.3   188.3   309.2   373.5   427.1   491.2   774.4  1963.1  5305.6  8629.4 12734.1 16007.2  69565.0    69443
read      432.3   700.0    93.8   164.3   183.6   280.6   321.4   347.3   369.5   403.1   570.4  1264.1  3465.0  8040.4 10234.6  12531.4    12517
read      828.6  2065.4    80.4   152.6   172.6   303.1   372.1   416.9   456.4   520.7   837.4  4166.2 11940.0 16227.0 18783.2  43619.2    43591
read      438.1   628.5    80.4   156.1   176.2   296.6   347.9   378.9   403.9   446.8   643.7  1374.8  3014.7  7911.1 11565.3  20447.2    20430
read      803.3  1793.0    86.8   178.6   203.7   309.4   382.8   480.2   729.6  1293.5  1553.5  2741.4 11090.3 19400.9 22587.1  93674.8    93758
read      412.8   781.3    86.8   152.9   168.7   250.8   288.1   311.9   333.4   370.1   568.5  1174.8  3736.2  9244.9 15910.4  10567.8    10485
read      394.4   482.6    93.8   162.7   182.2   289.1   331.8   357.4   376.8   407.3   505.5  1168.1  2495.0  7354.5  8093.1  16549.4    16518
read      911.5  1292.5    80.4   177.3   201.7   302.0   404.0  1088.3  1537.1  2191.6  2713.9  3464.3  6203.0  9276.6 12257.6  83023.4    83230
read      464.3   971.0   101.3   161.0   176.2   247.7   283.2   309.4   338.1   409.4   704.7  1339.4  7166.1  9787.8 14219.7   5515.0     5484
read      702.1  1601.0    80.4   151.1   171.5   302.3   378.7   433.5   485.4   570.1   921.5  2793.4  9363.3 13220.2 17043.9  55540.6    55611
read      376.5   485.9    93.8   157.9   177.0   283.2   325.1   349.9   369.8   397.2   447.5   947.8  2589.7  7194.4  8430.0  20854.2    20774
read      927.7  1590.5    80.4   182.9   214.3   320.0   385.8   483.2  1091.5  1622.2  2666.2  4215.4  8172.2 11895.9 15443.7  96808.2    96726
read      612.0  1014.4    86.8   159.1   180.0   303.6   401.4   503.9   642.4   930.5  1313.8  2071.9  5838.1  9486.8 15291.5  32362.0    32442
read      812.4  1240.6    86.8   166.5   190.5   302.4   429.2   822.0  1218.4  1617.2  2239.1  2978.6  6255.9 11009.5 15870.6  73159.2    73039
read      788.7  1301.8    80.4   166.9   191.2   312.5   421.8   648.1   969.0  1371.1  1918.0  3051.2  7536.1 11626.4 12905.8  74063.0    74055
read      517.3   838.6    86.8   149.5   169.6   308.6   396.1   454.7   501.8   569.6   737.1  1716.2  4597.4  9118.2 12397.4  51011.6    51197
read      590.5  1053.8    80.4   153.8   176.1   324.9   426.2   498.2   560.2   656.9   912.0  1855.3  6348.6 10056.9 12854.4  59467.4    59442
read      478.9   750.5    80.4   150.9   170.1   305.7   377.5   421.9   457.6   506.2   612.0  1495.3  4219.9  7932.6  9948.9  35606.2    35654
read      885.0  1778.1    86.8   182.4   210.6   361.6   445.8   509.0   586.0   946.8  1635.0  3762.8  9817.4 12807.1 17211.9  78848.8    78747
read      588.7  1031.8    86.8   154.2   175.1   314.1   399.8   466.9   536.8   682.7  1080.7  2105.4  6124.0 10190.7 14614.0  42165.2    42212
read      419.6   521.4    86.8   147.0   164.8   293.2   364.2   411.9   454.6   518.8   644.1  1143.2  2851.5  6222.1  8129.0  52394.4    52488
read      415.0   505.2    86.8   150.4   169.2   300.8   367.4   409.4   445.0   494.3   582.4  1107.2  2827.3  5897.2  8075.9  36986.2    36950
read      310.5   253.7    93.8   163.1   181.2   273.8   308.1   327.2   341.8   361.5   390.5   478.5  1393.6  2619.4  7842.4  16737.2    16762
read      560.7   799.9    86.8   163.1   185.4   318.4   409.1   492.6   577.3   730.3  1086.7  2029.9  4329.5  7830.3 10058.2  79340.0    79473
read      477.1   663.1    80.4   150.7   169.8   306.0   389.0   449.7   506.7   598.6   802.3  1389.4  3298.4  7899.4 10132.2  61399.2    61431
read      555.6   805.2    80.4   164.7   187.8   321.2   403.1   474.9   557.4   717.5  1081.5  1866.5  4190.0  7985.4 11094.9  87071.0    87172
read      611.7   899.4    86.8   192.7   222.5   351.0   414.6   461.1   506.3   595.4  1258.0  2716.7  4524.5  8015.0 10892.0 107976.8   108181
read      559.5   817.8    86.8   166.1   189.3   323.7   407.4   481.9   563.5   715.6  1068.0  1868.9  4360.0  8002.5 12201.2  80383.0    80515
read      389.4   465.1    86.8   149.4   167.5   296.2   359.9   399.4   431.6   474.0   542.3   877.2  2453.8  6554.9  9236.8  37110.8    37149
read      298.9   246.6   101.3   163.9   182.1   263.9   294.2   311.8   324.5   342.1   368.1   435.5  1280.5  3064.9  7645.8  13455.2    13444
read      450.5   547.7    80.4   147.8   166.4   299.5   391.6   465.0   532.3   634.9   816.7  1231.7  2870.3  6700.0  9164.0  71991.2    72057
read      425.1   515.0    80.4   146.3   164.3   293.5   372.2   430.1   482.3   563.1   719.1  1132.4  2753.5  6790.0  8596.2  70092.6    70041
read      569.5   818.1    80.4   167.4   191.0   320.4   401.5   478.2   574.0   769.1  1174.4  1921.4  4273.7  7838.2 10201.6  90229.0    90162
read      421.4   524.3    86.8   147.6   166.0   301.9   381.8   433.3   476.6   536.5   634.6  1037.8  2837.5  7043.7  9663.3  52140.6    52082
read      336.1   326.1    93.8   156.7   175.6   285.9   327.9   351.4   369.7   393.7   431.3   551.8  1824.8  3957.1  7942.1  24262.8    24258
read      513.2   644.7    86.8   153.6   173.9   307.5   402.0   489.5   583.8   749.7  1074.8  1687.4  3231.1  7304.9  9252.5  71818.4    72013
read      443.7   533.6    80.4   149.9   169.6   314.1   406.9   470.8   525.3   593.5   711.8  1097.0  2808.9  7243.2  9653.1  58115.0    58012
read      423.7   539.5    80.4   150.1   169.4   309.4   387.3   435.2   475.7   528.4   609.6   972.4  2903.4  7442.1  8804.7  45508.2    45398
read      459.7   663.2    86.8   150.6   169.8   308.5   388.9   442.8   488.8   550.1   663.2  1196.0  3552.7  7916.4 10367.5  50090.8    50177
read      406.0   528.2    86.8   150.0   169.2   299.5   364.2   402.8   434.1   474.2   540.4   920.5  2974.3  7044.0  9071.2  34407.4    34504
read      515.6   636.4    86.8   153.4   174.2   323.7   446.9   548.7   637.0   752.8   975.5  1471.6  3271.6  7487.1  9280.8  65829.6    66010
read      505.5   649.7    80.4   152.2   172.2   302.5   394.4   479.0   569.9   727.4  1034.9  1659.3  3218.6  7173.6  9610.0  74011.8    73937
read      454.0   604.6    86.8   149.6   169.5   311.6   398.2   457.1   505.8   571.9   679.4  1151.9  3282.4  7477.0  8695.3  55044.0    55020
read      466.8   637.0    86.8   150.6   170.1   310.9   397.6   459.0   510.2   583.4   709.6  1251.7  3490.5  7592.5  9550.3  53309.4    53235
read      598.9   878.6    80.4   176.1   201.9   334.1   399.9   448.6   496.2   599.8  1350.7  2653.8  4365.1  7849.7 10437.5  97750.0    97743
read      267.8   209.6   109.4   166.5   180.9   240.8   263.9   276.4   287.2   298.6   318.1   365.6  1045.7  2374.2  7881.4   5420.4     5419
read      314.2   269.0   101.3   163.8   182.4   271.6   305.9   325.9   341.1   360.9   391.2   507.6  1493.3  2713.9  7907.2  14770.4    14764
read      284.8   233.0   101.3   167.3   183.7   252.0   277.7   292.8   304.8   319.2   342.4   419.4  1148.7  2636.9  7952.4   7576.6     7451

Total QPS = 53199.2 (15959753 / 300.0s)

Total connections = 64
Misses = 0 (0.0%)
Skipped TXs = 0 (0.0%)

RX 3942058991 bytes :   12.5 MB/s
TX          0 bytes :    0.0 MB/s
Warning! Detected max cpu usage > 95%
CPU Usage Stats (avg/min/max): 99.73%,49.75%,100.00%
