Random waveform, supplied seed
Total number of intervals = 450 (6927, 52892, 98921, 61129, 40613, 53226, 38560, 103465, 104758, 94759, 37799, 8296, 69443, 12517, 43591, 20430, 93758, 10485, 16518, 83230, 5484, 55611, 20774, 96726, 32442, 73039, 74055, 51197, 59442, 35654, 78747, 42212, 52488, 36950, 16762, 79473, 61431, 87172, 108181, 80515, 37149, 13444, 72057, 70041, 90162, 52082, 24258, 72013, 58012, 45398, 50177, 34504, 66010, 73937, 55020, 53235, 97743, 5419, 14764, 7451, 48208, 16149, 78989, 18886, 75954, 44409, 16431, 85707, 58253, 103867, 21604, 90401, 84467, 99700, 32052, 18173, 67789, 51929, 83850, 18614, 29315, 108090, 27024, 49907, 9150, 34328, 51881, 14569, 81517, 78694, 93409, 39093, 18729, 70818, 21942, 91810, 39588, 40957, 62645, 15539, 107672, 32954, 58866, 23739, 54701, 60706, 72350, 58661, 34912, 103268, 38703, 83358, 57408, 86837, 33517, 66204, 73758, 99742, 109462, 94453, 44096, 100467, 8576, 59359, 7614, 60329, 43762, 67038, 26095, 71173, 109276, 13150, 61250, 84472, 82226, 27671, 98736, 106314, 105027, 96867, 89493, 50538, 22083, 48618, 94298, 63579, 64573, 77178, 29824, 64495, 20917, 85651, 61935, 50216, 72251, 71798, 19701, 24952, 81838, 26648, 24837, 29420, 103882, 70314, 61679, 49557, 19325, 9128, 94933, 24327, 71896, 93771, 20452, 42338, 72627, 80603, 49049, 92305, 56889, 78036, 71583, 72609, 107382, 86530, 16550, 84534, 72631, 49291, 62175, 80213, 16566, 53985, 101949, 24076, 52574, 106271, 105451, 86087, 29108, 101115, 74326, 75832, 94901, 15809, 28874, 51882, 32653, 41676, 63019, 99164, 47055, 62394, 98519, 32122, 49464, 24034, 77363, 91698, 38997, 86028, 83012, 15024, 56640, 97362, 107412, 65030, 79278, 47544, 105368, 58181, 56960, 14849, 63672, 48289, 11797, 10781, 49362, 102119, 46213, 97025, 18351, 21426, 43013, 67376, 36043, 6255, 102499, 26263, 56974, 40869, 46514, 11431, 58600, 68058, 54502, 64022, 52142, 101375, 40606, 47485, 48977, 38615, 80279, 75843, 67095, 41325, 55752, 85561, 14194, 88002, 90515, 109283, 26699, 37400, 19307, 11527, 83787, 22209, 75169, 73833, 94641, 61338, 91825, 77235, 37257, 32057, 108618, 72930, 43714, 87369, 56640, 97360, 79788, 11352, 87962, 40663, 59386, 48302, 19398, 82197, 77387, 72753, 7720, 46279, 42102, 90892, 39976, 61084, 16735, 45909, 28976, 84704, 101822, 92571, 12106, 58568, 51319, 21556, 14191, 29072, 16350, 86891, 104441, 8906, 42175, 51797, 76678, 19630, 100132, 40498, 108559, 23964, 70760, 99567, 107548, 53742, 103931, 60359, 9725, 52014, 40053, 86436, 23983, 66595, 26056, 51764, 40202, 76665, 11133, 80405, 79106, 97258, 36307, 28636, 41620, 75736, 44979, 31478, 37586, 108330, 64301, 11203, 7291, 87477, 77485, 42055, 26865, 94592, 66869, 17835, 55977, 82437, 15775, 87559, 105401, 88752, 94531, 101303, 86640, 84818, 20221, 43599, 52779, 89855, 48532, 107423, 46535, 47535, 49633, 30334, 17207, 106074, 48912, 96483, 39228, 92350, 85084, 81993, 101617, 16730, 71079, 108942, 55406, 42279, 21876, 34140, 42897, 18462, 100375, 41347, 101594, 47486, 73393, 51134, 58201, 71020, 72071, 93446, 28724, 59269, 74624, 52368, 9687, 44165, 6895, 55457, 61164, 108384, 33319, 97895, 39720, 68554, 86849, 30264, 100754, 98098, 86028, 93054, 42348, 29490, 18187, 95113, 8570, 62285, 52582, 34260, 59493, 58208, 93458, 18056)
Average QPS expected = 58024
Timestamp start: 1778502315784
Timestamp end: 1778504116190

#type       avg     std     min      p5     p10     p50     p67     p75     p80     p85     p90     p95     p99    p999   p9999      QPS   target
read      241.5    98.0    93.8   159.2   172.3   232.3   255.6   269.5   279.3   291.5   309.6   341.7   422.7  1007.6  4157.9   6837.5     6927
read      311.2   273.1    80.4   124.1   139.4   261.6   337.0   386.3   421.1   460.5   510.3   593.4   868.2  3923.8  8087.2  52887.5    52892
read      280.1   210.0    74.4   124.6   139.5   236.5   290.6   324.6   353.0   388.7   438.7   536.8  1033.3  2594.6  4529.4  99048.0    98921
read      258.6   110.0    80.4   125.0   139.7   242.6   292.3   320.8   343.5   369.3   400.8   448.4   545.1   760.9  2727.3  61065.5    61129
read      259.1    95.0    74.4   132.3   148.5   252.8   292.3   315.3   333.2   354.1   380.0   417.4   490.3   615.7  1368.1  40882.2    40613
read      257.9   107.7    74.4   126.3   141.1   246.1   292.6   319.4   340.1   363.3   391.9   432.9   515.2   690.9  2652.4  53281.0    53226
read      259.7    94.6    74.4   133.6   149.9   254.2   292.4   315.0   332.5   352.6   377.0   413.3   487.8   629.4  2130.0  38569.8    38560
read      262.7   135.1    74.4   126.0   140.7   238.3   290.8   321.6   346.8   376.4   415.0   471.6   610.5  1153.6  3071.3 103397.0   103465
read      263.7   124.0    74.4   126.5   141.4   239.7   292.3   323.7   348.3   377.5   416.7   474.0   613.3  1177.5  2449.4 104547.5   104758
read      259.2   126.4    74.4   124.5   139.5   235.8   287.8   317.9   342.5   371.7   410.2   466.3   588.1  1144.1  2451.1  95042.8    94759
read      260.5    98.3    80.4   135.1   151.4   255.0   292.4   314.7   332.1   352.1   376.5   413.7   490.6   618.2  2762.7  37702.8    37799
read      240.8   116.1    93.8   162.0   176.0   232.6   253.5   266.2   274.5   287.0   302.2   331.7   403.2  1116.6  5837.9   8316.0     8296
read      255.9   128.9    68.9   123.0   137.7   236.5   288.4   316.7   339.8   366.7   399.5   448.5   544.1   777.4  3813.0  69286.8    69443
read      243.4    82.2    86.8   158.5   174.7   237.5   261.6   274.2   284.4   295.0   313.8   343.1   408.0   908.3  2004.9  12640.8    12517
read      260.8   102.6    80.4   131.4   147.0   253.0   294.6   318.5   337.4   359.4   386.3   425.0   505.3   670.1  3084.1  43686.2    43591
read      251.4    87.5    80.4   148.8   166.6   246.5   274.3   289.6   300.4   316.1   337.5   369.2   434.8   769.9  3891.1  20475.2    20430
read      258.9   134.7    74.4   123.8   138.2   234.2   287.0   316.8   341.6   370.9   408.0   465.8   605.6  1230.9  3717.4  93913.5    93758
read      239.0    85.5    93.8   160.5   174.7   233.2   254.5   267.4   275.6   288.0   303.4   333.3   400.0   911.2  2029.5  10484.2    10485
read      250.8    73.4    93.8   156.3   174.2   246.1   271.7   285.9   295.3   310.6   330.5   360.0   424.6   903.7  2635.9  16587.0    16518
read      257.6   136.5    80.4   123.1   137.6   234.1   286.6   316.4   340.9   369.8   405.3   460.6   580.4  1463.7  3528.2  82987.0    83230
read      236.3   146.4    93.8   160.0   173.1   226.6   247.5   259.2   268.1   278.0   292.6   319.4   401.9  1282.4  7776.7   5506.2     5484
read      259.3   108.5    74.4   127.0   141.8   246.7   294.5   320.9   342.0   365.5   394.5   436.9   533.6   773.3  2551.8  55369.5    55611
read      252.8    84.4    80.4   150.0   167.8   248.4   276.0   291.2   302.6   317.8   339.5   370.6   434.7   651.7  2147.3  20719.8    20774
read      256.6   130.5    74.4   123.4   138.1   233.3   285.0   314.1   338.2   367.3   404.5   462.0   591.2  1095.8  2934.2  96750.2    96726
read      257.6    88.1    74.4   138.5   155.7   253.6   288.3   307.2   321.1   340.0   363.3   397.4   470.0   595.6  1951.3  32415.8    32442
read      254.2   108.2    74.4   122.8   137.1   235.1   287.7   316.2   339.7   367.3   400.5   450.5   545.0   732.2  1427.2  72717.8    73039
read      255.2   120.2    74.4   122.3   136.6   235.4   287.6   315.4   338.5   366.1   399.5   450.6   561.3   942.1  2920.4  74023.5    74055
read      258.0   108.1    74.4   127.2   141.8   248.6   294.0   319.3   339.0   361.4   388.5   427.9   506.1   640.8  3465.8  51205.5    51197
read      257.2   132.8    74.4   124.3   139.0   242.1   291.4   318.6   340.8   366.4   397.3   440.9   528.8   719.1  2531.1  59326.8    59442
read      261.2    97.6    80.4   136.5   153.5   256.3   293.1   314.5   331.1   350.5   374.1   410.2   483.0   620.2  1988.7  35586.0    35654
read      255.0   115.5    68.9   122.6   137.0   234.6   286.9   315.9   339.7   367.6   402.4   454.6   557.0   802.8  2455.6  78735.5    78747
read      262.8   100.2    80.4   132.8   149.1   255.3   295.6   320.1   339.7   361.7   388.2   427.0   505.4   692.4  2308.0  42127.8    42212
read      258.3   105.3    74.4   126.6   141.4   246.6   292.7   318.4   339.8   364.5   394.2   436.0   525.2   700.2  1887.0  52397.8    52488
read      258.9    93.0    74.4   135.5   152.0   253.9   290.9   311.8   327.9   347.2   371.4   405.6   476.4   628.8  2492.8  36904.0    36950
read      249.3    71.5    80.4   155.4   173.1   244.0   269.9   284.2   294.1   308.5   327.5   360.0   430.0   880.4  1954.5  16818.8    16762
read      252.6   111.2    74.4   121.7   136.1   232.7   285.2   313.7   336.9   364.6   398.6   450.2   551.4   739.0  1983.6  79263.2    79473
read      259.5   137.9    74.4   125.4   140.2   242.7   292.9   320.6   343.6   368.9   399.5   445.4   543.5   768.5  6081.0  61399.0    61431
read      256.5   131.4    74.4   123.0   137.5   233.3   286.0   315.6   340.2   369.3   404.9   460.8   592.0  1044.8  2161.4  87369.2    87172
read      259.0   126.5    74.4   123.8   138.8   234.7   286.7   316.3   340.7   370.0   409.1   469.1   615.5  1114.0  2482.8 108391.2   108181
read      252.6   125.4    68.9   120.4   134.4   232.1   284.0   312.3   335.1   362.8   397.8   453.2   563.9   848.3  3108.1  80457.8    80515
read      258.1   103.7    80.4   133.5   150.6   253.0   290.3   311.0   326.5   345.6   369.4   403.7   475.9   626.4  2727.4  37287.8    37149
read      243.4    82.2    86.8   156.5   172.8   237.5   261.9   274.2   284.8   295.8   315.1   344.4   410.2   902.1  2890.5  13460.5    13444
read      256.9   119.5    74.4   123.5   138.2   238.0   289.8   318.0   341.6   369.6   403.5   453.7   549.3   780.4  4032.3  71627.8    72057
read      257.1   111.8    74.4   124.8   139.4   238.5   290.0   319.0   343.1   370.4   402.1   451.1   547.5   768.0  1705.0  69780.2    70041
read      260.3   133.4    80.4   125.6   140.1   236.1   288.6   317.7   341.8   370.6   408.5   466.3   609.7  1342.3  4122.5  90310.5    90162
read      261.5   103.9    74.4   129.7   145.0   250.4   297.0   324.2   344.9   368.1   395.9   435.2   517.8   645.5  1708.8  52169.0    52082
read      257.6    93.3    80.4   147.3   165.4   253.1   282.7   298.4   313.1   330.1   351.3   383.9   453.4   798.8  3675.0  24252.2    24258
read      256.7   132.8    74.4   123.2   137.9   236.8   288.6   317.4   341.2   368.7   401.8   452.8   554.2   846.8  3817.4  71859.2    72013
read      256.6   103.7    74.4   124.7   139.6   242.8   292.2   319.2   341.1   365.3   395.0   438.2   527.1   678.1  1476.8  58207.8    58012
read      258.0   100.4    74.4   129.7   145.2   250.7   292.6   315.4   333.8   355.6   381.5   420.5   499.3   637.0  2844.4  45038.0    45398
read      259.5   113.9    74.4   128.4   143.4   249.2   295.0   319.4   340.3   363.3   391.2   431.8   508.0   647.4  3900.5  50264.8    50177
read      260.6   119.0    80.4   137.9   154.6   254.8   290.8   311.0   326.4   345.7   369.2   401.8   469.1   697.5  3974.5  34567.8    34504
read      257.2   108.0    74.4   123.9   138.6   239.7   291.4   319.4   343.3   370.4   402.6   452.1   548.0   724.9  1783.1  65911.0    66010
read      253.2   109.4    74.4   121.9   136.0   234.7   286.8   314.6   337.4   364.7   397.9   448.7   547.9   749.5  1665.2  73768.5    73937
read      257.5   107.0    74.4   125.8   140.6   245.2   293.1   319.5   341.0   364.9   393.5   434.6   518.6   684.1  2448.5  54847.5    55020
read      257.5   100.7    74.4   126.2   141.0   246.3   293.7   320.2   341.5   364.5   392.2   432.7   510.2   640.8  1490.1  53134.8    53235
read      260.5   136.3    74.4   124.6   139.2   236.5   289.1   318.8   343.6   372.6   409.9   467.2   600.4  1213.3  3699.9  97577.0    97743
read      236.5   154.1    93.8   161.6   173.8   225.2   245.4   256.5   266.1   275.8   292.4   320.7   416.9  1973.7  6946.4   5459.2     5419
read      247.4   103.1    80.4   156.4   173.5   240.9   265.4   278.6   289.2   301.6   319.8   350.1   413.2   978.6  3805.5  14705.8    14764
read      234.7    98.6    86.8   158.3   171.1   227.0   247.8   260.0   269.1   280.0   295.0   322.4   403.8   979.2  4235.5   7484.0     7451
read      256.0    99.5    74.4   127.8   142.7   247.7   291.7   315.6   334.5   356.3   382.0   421.5   499.6   632.1  1909.9  48014.0    48208
read      244.5    74.8    80.4   153.0   170.3   239.4   264.6   278.0   288.7   300.8   319.3   349.9   415.8   831.2  2295.2  16144.8    16149
read      250.7   116.4    74.4   120.5   134.4   230.2   282.5   310.5   332.9   360.3   394.1   445.8   553.2   864.8  2741.3  78983.5    78989
read      249.4    72.2    80.4   151.2   169.0   245.5   272.1   286.9   296.4   311.4   330.7   361.6   426.0   540.3  2226.2  18873.0    18886
read      252.2   116.9    74.4   121.5   135.8   232.0   284.9   313.0   335.8   363.6   397.1   448.4   549.3   783.7  2892.1  75904.0    75954
read      258.3   104.0    74.4   129.9   145.5   250.7   292.7   315.8   334.2   355.5   380.5   419.3   495.5   681.6  3128.8  44317.0    44409
read      247.4    98.9    80.4   153.0   171.0   241.3   266.9   280.8   291.1   304.1   321.7   354.1   422.6   958.7  3913.9  16538.0    16431
read      251.7   126.9    74.4   119.8   133.9   230.4   281.8   309.6   331.8   360.8   397.0   451.4   574.8  1043.3  3326.5  85875.5    85707
read      254.3   105.4    74.4   123.3   138.2   241.0   289.6   315.2   336.1   360.8   390.8   435.2   529.5   686.7  1157.1  58390.0    58253
read      257.9   137.9    74.4   124.1   139.0   233.6   285.6   314.0   337.3   366.7   403.7   461.7   593.3  1475.2  3806.1 103712.8   103867
read      254.6    79.2    86.8   150.0   168.1   250.5   278.9   294.1   306.5   320.5   342.6   372.4   436.8   726.1  1895.3  21721.8    21604
read      255.2   156.9    74.4   121.2   135.4   230.6   282.6   310.7   332.9   361.6   398.8   456.6   594.4  1631.7  4746.8  90312.5    90401
read      250.3   116.4    74.4   120.2   134.2   229.9   281.5   309.1   330.7   358.9   395.1   450.5   565.5   869.8  1732.8  84690.5    84467
read      252.3   126.1    74.4   121.6   135.9   229.3   280.8   308.7   330.7   359.2   396.5   455.6   585.1  1123.9  2881.9 100001.0    99700
read      259.1    90.3    74.4   138.7   156.1   255.5   289.8   308.6   321.8   340.8   364.6   399.5   472.4   612.0  2419.4  31925.5    32052
read      246.9    70.3    80.4   150.7   168.4   242.7   268.8   283.3   293.4   307.4   326.0   357.9   421.0   788.5  1974.5  18258.8    18173
read      253.7   116.3    74.4   121.8   136.0   235.7   287.0   314.0   336.2   363.1   395.7   445.3   545.3   877.1  2842.2  67689.2    67789
read      256.3    97.6    74.4   126.2   141.2   246.4   292.2   316.3   336.2   359.8   388.2   430.0   509.4   641.4  1168.4  51487.2    51929
read      250.9   113.3    74.4   120.8   134.9   230.4   283.0   310.7   332.7   361.2   396.0   448.4   559.0   841.9  1752.8  83830.2    83850
read      254.8    75.9    86.8   154.1   172.8   250.0   277.1   292.0   303.4   317.8   339.3   370.9   436.8   777.4  1912.0  18704.2    18614
read      260.4    98.6    74.4   139.4   157.4   254.9   289.0   308.1   321.8   341.8   366.6   404.1   487.9   634.4  2550.0  29159.0    29315
read      276.5   162.8    74.4   128.4   144.0   247.6   303.3   337.4   364.3   396.8   439.9   508.5   681.4  1522.7  5752.5 107879.2   108090
read      260.4    98.3    80.4   144.2   162.6   256.6   288.3   305.8   318.5   336.3   358.6   391.3   459.5   955.4  3269.5  27139.0    27024
read      257.2    97.2    74.4   127.7   142.8   248.4   293.7   317.1   336.3   358.7   385.4   425.6   507.3   651.4  1336.1  49880.5    49907
read      240.9   107.8    93.8   161.3   175.6   233.6   255.8   268.3   276.5   288.8   304.2   332.4   404.0  1010.1  3077.7   9112.8     9150
read      258.5    84.9    80.4   137.3   153.8   255.2   290.8   310.0   323.7   343.3   367.3   401.1   469.5   615.9  1201.0  34340.8    34328
read      258.1   119.3    74.4   126.7   141.8   246.8   293.3   317.4   337.0   360.7   389.7   430.1   514.2   732.9  3718.8  52082.5    51881
read      247.6    87.9    80.4   157.2   174.6   242.1   267.0   280.8   291.2   303.9   320.0   350.8   413.4   898.8  3447.3  14601.2    14569
read      251.7   119.2    74.4   120.8   135.0   231.3   283.2   310.4   331.8   359.8   395.4   449.3   563.9   911.7  3412.1  81623.5    81517
read      249.8   112.8    74.4   120.2   134.2   230.7   282.2   309.0   329.4   356.7   391.7   444.2   553.3   804.9  2328.4  78846.0    78694
read      250.4   111.0    74.4   121.1   135.3   229.4   280.8   308.4   329.6   357.9   394.4   450.7   571.1   918.7  1708.7  93379.2    93409
read      259.9    97.1    74.4   134.1   150.8   254.7   292.9   313.6   329.9   350.4   374.2   411.0   492.1   648.0  2424.8  39191.8    39093
read      251.8    79.5    74.4   153.3   171.8   247.6   273.8   288.7   298.7   313.2   332.0   363.2   430.1   677.9  3296.5  18756.0    18729
read      252.0   106.2    74.4   121.7   135.9   234.5   286.6   313.3   334.8   361.6   394.8   443.5   540.3   721.9  1360.2  70727.0    70818
read      257.1    91.7    80.4   149.8   168.4   252.9   281.7   296.8   310.4   325.7   346.4   376.7   439.1   748.5  4173.4  22028.5    21942
read      255.0   122.6    74.4   122.7   137.2   232.7   284.8   312.6   335.1   364.1   401.1   458.8   581.1  1109.8  3138.4  91753.8    91810
read      262.9   102.8    74.4   134.7   151.4   256.7   296.2   317.3   335.1   356.2   381.2   418.5   496.9   744.6  2788.0  39617.0    39588
read      261.4   103.2    74.4   133.4   149.9   255.0   295.6   316.9   334.1   354.7   379.7   417.1   498.9   765.4  2693.4  40945.8    40957
read      256.2   107.1    74.4   124.1   138.9   240.6   291.7   317.9   340.1   366.4   397.6   443.8   535.3   688.2  1942.3  62832.8    62645
read      249.4    97.0    86.8   156.1   173.9   243.9   268.9   282.7   292.5   305.4   321.2   353.7   419.0   974.5  5037.6  15602.0    15539
read      251.1   117.3    74.4   122.5   137.2   229.5   280.0   307.8   328.7   357.0   393.6   450.8   571.5   937.1  2531.2 107286.2   107672
read      259.7    90.6    80.4   138.8   155.9   256.9   291.5   310.3   323.7   342.5   366.5   400.1   468.1   591.9  1948.9  32913.0    32954
read      255.9   113.0    74.4   124.7   139.5   242.3   291.3   316.8   337.1   361.7   392.3   435.8   527.8   689.2  2172.0  58827.8    58866
read      258.4    97.3    80.4   148.1   166.6   254.5   284.6   300.8   313.1   328.3   350.1   382.7   450.5   617.6  3355.6  23806.5    23739
read      257.8   108.3    74.4   126.3   141.3   246.1   293.7   318.1   338.2   362.0   391.3   433.9   525.6   705.3  3195.5  54797.5    54701
read      255.1   107.5    74.4   123.9   138.7   240.5   291.0   316.5   337.6   362.5   393.3   439.2   532.4   679.6  2054.2  60897.5    60706
read      253.8   120.5    74.4   121.8   136.2   234.3   286.6   313.4   334.7   361.8   395.7   447.6   554.2  1135.4  2886.9  72272.8    72350
read      256.4   105.8    74.4   124.5   139.4   243.0   292.2   317.4   338.0   363.1   393.9   438.2   530.3   725.7  1945.9  58528.2    58661
read      260.5    92.5    80.4   137.6   154.8   256.1   292.7   312.6   327.6   346.5   371.6   405.0   474.3   618.2  2121.0  34917.5    34912
read      259.0   126.4    74.4   124.8   139.5   235.6   288.2   316.4   339.7   369.0   406.6   465.3   598.0  1223.6  2711.7 103351.0   103268
read      258.6    90.5    74.4   133.8   150.8   254.5   292.8   312.8   327.9   346.7   370.7   404.3   476.2   632.1  2219.2  38619.0    38703
read      250.2   114.7    74.4   120.7   135.0   230.1   281.6   308.9   329.5   357.0   392.4   446.8   559.3   860.6  2686.0  83285.8    83358
read      256.1   103.0    74.4   124.6   139.6   242.7   292.2   317.3   338.2   363.1   393.1   436.7   531.0   704.3  1329.0  57530.8    57408
read      247.4   107.1    74.4   119.6   133.5   227.5   279.0   306.6   327.0   354.4   389.1   442.1   550.6   854.1  1463.5  86684.5    86837
read      259.3    93.9    74.4   137.8   154.9   255.7   290.5   309.2   322.2   341.2   364.8   399.4   472.3   721.8  2793.4  33234.5    33517
read      261.7   173.6    74.4   122.1   136.9   238.6   290.1   316.5   338.6   366.0   400.5   458.2   626.1  1944.1  7844.8  66161.8    66204
read      249.7   111.5    74.4   120.5   134.6   231.6   283.9   310.8   331.3   357.7   390.7   439.5   540.3   736.6  1912.2  73695.0    73758
read      254.9   127.5    80.4   122.7   137.3   231.8   284.0   312.0   334.2   362.5   398.9   457.2   587.3  1263.5  3049.3  99634.0    99742
read      260.1   136.4    74.4   124.3   139.2   234.5   286.7   315.3   338.6   368.1   407.2   470.5   643.7  1323.3  2559.0 109464.8   109462
read      247.9   118.5    74.4   120.0   134.1   226.4   277.8   305.9   326.6   354.0   389.5   444.3   558.7   916.0  3579.3  94328.0    94453
read      260.5    93.7    74.4   133.6   150.2   254.4   295.8   317.4   335.1   356.0   381.1   418.4   492.0   609.4  1926.1  44173.0    44096
read      251.0   123.2    74.4   121.4   136.0   228.0   279.5   307.8   328.7   356.5   393.3   451.3   584.1  1153.0  3016.2 100053.0   100467
read      241.7    87.4    93.8   164.9   179.0   234.9   255.6   267.9   275.7   288.1   303.0   330.8   403.0   967.3  3543.6   8580.0     8576
read      254.0   101.8    74.4   124.4   139.2   241.7   291.1   315.8   335.1   358.3   386.9   430.2   516.4   661.7  1988.0  59116.5    59359
read      231.2    69.9    93.8   158.1   171.2   225.4   245.6   256.8   265.9   275.0   291.0   316.0   391.0   933.8  2117.0   7539.8     7614
read      253.8   122.4    74.4   122.5   137.5   239.6   289.8   314.5   334.5   358.9   388.0   430.4   520.5   730.1  4301.9  60253.8    60329
read      257.9    94.9    74.4   130.6   147.0   252.2   293.9   315.0   331.7   352.3   377.5   414.1   489.0   613.0  1726.3  43658.5    43762
read      252.2   112.3    74.4   121.5   136.1   235.8   287.3   313.8   334.7   360.2   391.0   435.6   532.1   717.4  2386.5  67358.8    67038
read      255.4    87.4    80.4   143.6   162.1   252.0   282.5   298.5   311.2   326.1   348.5   379.9   444.5   852.5  2438.1  25899.8    26095
read      252.4   130.4    74.4   121.2   135.5   233.8   286.3   313.1   334.2   360.7   393.3   441.8   539.6   752.6  4134.3  71149.0    71173
read      256.1   126.4    74.4   124.3   139.1   233.2   285.0   313.6   336.3   364.7   401.2   461.4   590.4   965.9  2506.3 109387.0   109276
read      241.5    70.8    93.8   156.9   173.3   236.2   259.7   272.1   282.0   293.7   310.5   338.8   402.9   904.7  2027.8  13097.8    13150
read      251.5   104.3    74.4   122.0   137.0   237.9   288.0   312.7   332.1   356.8   386.6   430.3   521.4   655.2  1980.1  61257.8    61250
read      247.4   124.5    74.4   119.1   132.9   226.7   278.8   306.3   326.1   353.1   387.4   438.7   549.0  1027.3  4209.0  84456.5    84472
read      245.9   112.1    74.4   118.7   132.2   226.5   278.7   306.2   326.0   353.1   386.8   437.6   541.2   736.0  2124.8  82099.2    82226
read      255.1    84.7    80.4   141.4   159.6   251.6   284.1   300.7   313.4   329.2   351.3   384.0   453.0   599.1  2839.7  27677.0    27671
read      254.4   140.9    74.4   121.2   135.7   229.0   281.2   309.8   331.7   360.2   397.3   457.7   625.2  1589.9  3260.3  98639.0    98736
read      251.5   114.9    74.4   122.5   136.9   229.6   281.0   309.3   330.4   358.2   393.9   449.6   571.8  1021.1  2398.0 106489.5   106314
read      252.9   116.1    74.4   122.6   137.3   230.8   282.4   310.6   332.3   360.5   396.6   454.5   582.9   990.4  2400.3 105152.5   105027
read      247.1   114.0    74.4   119.7   133.7   226.0   277.2   305.0   324.8   352.1   387.6   442.8   565.6   867.0  2316.6  96718.2    96867
read      250.3   123.3    74.4   121.1   135.2   229.5   282.0   309.9   331.1   358.5   392.6   445.3   550.0   799.9  3833.6  89336.5    89493
read      256.3   104.6    74.4   126.2   141.6   247.5   293.3   316.2   334.9   357.4   384.5   424.2   505.2   633.2  2974.5  50618.2    50538
read      253.8    89.4    80.4   148.7   166.6   250.5   279.1   294.1   305.6   318.4   339.1   370.4   437.7   699.9  2808.7  22075.2    22083
read      255.7    98.9    74.4   126.8   142.2   247.4   292.1   314.4   332.2   354.3   379.9   420.3   503.8   635.4  2164.3  48588.5    48618
read      245.6   120.3    74.4   118.8   132.5   224.7   276.1   303.7   322.4   349.4   383.9   436.0   551.9   950.6  3773.5  94446.2    94298
read      250.8   102.6    74.4   121.3   135.7   236.4   287.8   313.4   333.3   358.0   387.7   430.7   514.9   647.8  1791.2  63641.0    63579
read      248.5   115.2    74.4   119.5   133.7   233.5   284.0   309.0   327.0   350.9   381.6   428.0   525.4   789.9  3144.0  64605.8    64573
read      248.8   105.5    74.4   119.7   133.6   230.4   283.0   310.2   330.8   357.4   390.5   440.0   547.3   734.8  1457.4  77338.5    77178
read      258.7   100.0    80.4   139.9   158.0   254.7   287.9   305.5   317.8   336.4   360.4   395.5   470.3   738.9  2641.8  29722.5    29824
read      252.5   108.9    74.4   121.7   136.2   237.0   288.5   314.1   334.3   359.7   391.4   436.5   534.5   712.1  2296.2  64280.0    64495
read      250.8    92.7    80.4   148.2   166.5   246.0   273.4   289.1   299.9   314.0   334.0   366.4   435.5   899.0  3151.9  20864.8    20917
read      247.9   115.9    74.4   119.4   133.2   227.8   279.6   307.2   326.9   354.4   389.0   441.3   552.6   836.6  3042.9  85690.0    85651
read      253.6   101.6    74.4   123.0   138.0   239.6   289.9   315.0   335.2   360.0   390.7   435.9   531.9   670.0  1174.6  61969.2    61935
read      256.4   106.4    74.4   125.9   141.4   247.0   292.8   315.5   333.7   356.2   384.0   424.9   510.4   689.9  2533.9  50419.0    50216
read      248.9   103.4    74.4   120.2   134.2   231.8   284.0   310.3   330.0   356.2   389.0   436.6   533.4   690.1  1262.0  72269.2    72251
read      249.3   106.2    74.4   120.0   134.1   232.1   284.4   310.9   330.9   357.0   389.2   438.2   536.1   724.0  1510.1  71688.5    71798
read      250.7    79.5    80.4   150.1   168.1   246.1   273.4   288.9   299.4   313.7   333.5   366.0   430.9   715.7  2833.1  19699.5    19701
read      254.8    80.2    74.4   145.3   163.6   251.8   282.2   297.4   310.0   323.7   345.8   377.6   439.3   572.0  2772.2  24987.8    24952
read      245.8   105.6    74.4   118.8   132.5   227.2   279.4   306.6   325.3   351.6   385.4   436.0   540.0   721.0  1370.7  81511.8    81838
read      255.5    97.0    80.4   142.5   160.9   252.5   283.1   299.2   311.8   326.6   348.4   380.7   446.9   873.9  3272.6  26718.8    26648
read      251.5    78.0    74.4   143.6   161.9   248.4   278.2   293.9   306.0   319.4   341.0   372.3   435.9   593.0  2272.5  24832.0    24837
read      254.7    97.2    74.4   139.0   156.5   251.2   284.5   301.9   314.5   330.8   353.1   386.4   453.9   586.5  3393.3  29385.0    29420
read      254.4   129.0    74.4   122.2   137.0   231.1   283.1   311.3   333.1   361.5   398.1   457.3   587.7  1318.6  3844.4 103835.2   103882
read      251.8   155.2    74.4   120.4   134.6   233.1   285.0   311.3   331.5   357.3   389.1   436.0   541.4   936.4  6488.8  70626.2    70314
read      249.6   102.4    74.4   120.6   135.1   236.3   286.3   310.8   328.7   352.2   382.1   426.5   516.8   692.7  2043.8  61854.8    61679
read      254.8   114.9    74.4   126.1   141.5   245.9   290.5   312.6   329.7   351.8   379.0   419.4   504.7   639.0  5548.3  49648.0    49557
read      250.5    88.7    80.4   150.4   168.7   246.0   273.0   288.1   298.2   312.7   331.9   363.9   430.9   714.2  3846.9  19314.2    19325
read      236.2    74.1    93.8   159.6   173.8   229.9   250.8   263.4   272.2   284.0   297.6   326.3   397.7   935.5  2437.9   9227.0     9128
read      249.8   110.9    74.4   121.0   135.3   229.1   280.9   308.5   328.5   356.0   392.3   448.6   567.0   910.0  1670.1  94714.0    94933
read      254.4    82.8    80.4   145.7   163.9   250.8   280.8   296.3   309.0   322.7   345.2   376.9   440.8   580.3  1955.1  24477.5    24327
read      249.1   111.2    68.9   120.0   134.3   232.0   283.7   310.0   329.7   355.7   387.8   435.0   536.3   700.5  3030.2  71717.8    71896
read      247.6   138.6    74.4   118.9   132.7   224.8   276.1   303.9   323.0   350.1   385.6   440.4   574.7  1294.6  5073.0  93764.2    93771
read      249.7    72.0    80.4   150.0   167.8   246.1   273.3   288.4   298.4   312.5   331.1   363.2   428.7   681.6  1976.1  20520.0    20452
read      256.2    95.0    74.4   130.0   146.3   250.7   291.3   311.7   326.8   346.9   372.5   410.2   488.8   626.0  2043.2  42402.8    42338
read      249.1   112.4    74.4   119.4   133.5   231.3   283.0   309.7   329.7   355.6   388.2   437.0   546.1   801.1  2598.0  72645.8    72627
read      248.3   106.0    74.4   119.7   133.5   229.5   282.6   310.1   330.5   357.3   390.6   439.5   543.3   720.1  1532.3  80594.5    80603
read      253.5    99.6    74.4   125.7   141.3   246.2   290.5   312.6   329.2   350.1   374.9   414.3   492.2   626.6  1893.7  49230.8    49049
read      247.0   111.0    74.4   119.2   133.0   226.4   277.9   305.6   325.2   352.5   387.8   443.0   563.1   858.1  1887.3  92431.5    92305
read      255.5   118.8    74.4   123.5   138.7   242.7   291.2   315.2   334.9   359.2   388.8   432.5   526.1   740.8  3047.5  56783.2    56889
read      250.5   122.6    74.4   120.0   134.1   230.9   283.6   310.4   330.5   357.2   391.8   444.6   553.5   847.5  3227.9  78175.5    78036
read      249.3   111.7    74.4   120.1   134.4   232.3   284.5   310.6   330.1   355.8   387.6   435.2   534.0   730.6  3585.7  71547.2    71583
read      250.3   119.2    74.4   120.0   134.1   231.9   284.8   311.3   331.5   357.9   390.1   436.4   539.9   822.1  3629.9  72526.0    72609
read      255.9   126.1    74.4   123.5   138.4   232.7   284.3   312.3   334.4   362.9   399.8   459.5   598.0  1291.1  2982.3 107364.2   107382
read      245.1   106.4    74.4   118.6   132.3   225.5   277.5   305.1   324.5   351.7   385.5   435.5   544.5   746.3  1625.7  86474.5    86530
read      245.8    71.6    86.8   152.8   170.5   241.5   267.0   281.1   291.3   303.8   319.4   351.2   414.6   734.8  2223.0  16509.8    16550
read      248.6   123.3    74.4   119.6   133.4   228.2   280.4   307.8   327.5   354.5   389.1   441.2   550.2   822.4  4507.6  84324.5    84534
read      248.8   103.7    74.4   119.8   134.0   231.7   283.7   310.3   330.2   356.2   388.6   436.0   537.5   704.8  1538.4  72414.2    72631
read      254.8   100.6    74.4   127.0   142.1   247.0   291.9   313.7   330.6   352.2   378.3   416.9   496.7   616.6  2092.0  49069.2    49291
read      250.8   108.8    74.4   121.4   136.0   236.5   287.4   312.3   331.0   354.8   384.7   428.7   516.1   685.6  3177.3  62291.5    62175
read      249.6   115.1    74.4   120.2   133.9   229.9   282.3   309.5   329.7   357.2   391.6   443.7   549.2   820.7  2497.2  80346.2    80213
read      244.7    70.4    80.4   152.2   170.0   240.5   265.9   279.6   289.9   301.8   317.6   347.8   410.7   873.6  2086.2  16741.8    16566
read      252.2   102.8    74.4   123.2   138.5   242.3   289.1   312.2   329.8   352.5   379.8   420.7   506.2   648.1  2013.1  53930.8    53985
read      252.2   127.5    74.4   121.4   135.8   229.8   281.2   309.0   329.8   357.7   394.8   453.6   585.7  1090.4  3789.1 102157.5   101949
read      252.9    98.0    80.4   144.2   162.9   249.1   279.4   295.1   307.5   320.6   342.4   372.2   434.6   590.6  3084.8  24038.5    24076
read      254.8   105.8    74.4   125.0   140.3   244.9   291.6   314.9   333.4   355.9   383.2   424.2   504.9   666.0  2802.6  52507.8    52574
read      252.2   119.2    74.4   122.2   136.8   229.9   281.6   309.7   330.7   358.4   394.8   454.4   587.4   955.1  2557.8 105946.5   106271
read      258.5   152.9    74.4   123.9   139.0   233.4   286.1   314.5   337.0   365.7   403.1   464.8   614.3  1252.4  5578.4 105517.8   105451
read      248.9   118.5    74.4   119.7   133.7   228.5   280.4   308.0   328.0   355.4   390.8   444.7   557.4   840.1  3543.8  85851.8    86087
read      257.9    82.8    80.4   141.5   160.1   255.2   288.0   305.6   317.8   335.6   357.8   388.7   454.6   595.4  1945.1  29115.2    29108
read      252.9   127.8    74.4   122.0   136.7   230.9   282.9   311.0   332.7   360.3   395.7   453.2   581.4   992.3  3211.3 100764.8   101115
read      253.9   132.0    74.4   122.6   137.5   235.1   288.1   314.7   336.0   362.8   395.7   445.4   544.3   741.6  2687.6  74147.0    74326
read      249.6   117.5    74.4   119.8   133.9   231.0   283.5   310.5   330.6   356.9   390.3   437.7   541.8   771.9  2790.5  76053.5    75832
read      245.0   116.8    68.9   118.6   132.3   224.3   275.4   303.4   322.5   349.8   383.9   436.5   554.3   809.7  2997.4  94902.0    94901
read      245.4    73.9    80.4   152.8   170.5   240.9   266.2   279.8   290.3   302.7   319.1   352.1   418.4   792.3  2182.9  15776.5    15809
read      255.4    90.2    80.4   139.4   157.4   251.7   285.0   302.3   315.0   331.8   354.6   387.2   455.3   709.0  2457.5  28900.5    28874
read      256.0    96.3    74.4   126.0   141.2   246.6   293.9   317.0   335.9   358.4   385.6   426.1   506.4   630.5  1390.4  51842.5    51882
read      257.2   104.7    74.4   137.7   154.9   253.6   288.8   307.1   319.3   337.8   360.4   393.1   461.0   633.1  2989.3  32731.0    32653
read      260.7   108.7    74.4   131.5   148.0   254.0   295.8   316.6   334.0   355.0   379.7   415.9   496.0   677.8  3665.0  41896.8    41676
read      254.4   110.1    74.4   122.5   137.2   239.6   290.9   316.2   337.0   362.5   393.2   438.4   533.3   676.3  2364.6  62976.8    63019
read      254.1   133.7    74.4   122.0   136.6   231.3   283.6   311.5   332.9   360.7   396.9   456.3   590.5  1175.9  3821.8  99142.0    99164
read      256.6   100.2    74.4   128.5   143.8   249.3   293.3   315.2   332.6   354.1   379.6   417.7   495.3   632.4  2695.9  47075.8    47055
read      254.3   110.6    74.4   122.4   137.4   239.4   290.6   315.9   336.2   361.2   391.5   435.5   528.7   736.2  2751.3  62408.0    62394
read      251.1   118.1    74.4   121.7   136.2   229.1   280.8   309.0   330.0   357.8   393.7   449.8   575.5  1015.5  2425.1  98409.2    98519
read      257.8    95.5    80.4   139.2   157.0   254.7   289.0   307.0   319.1   337.4   360.0   392.4   460.3   583.0  2947.0  32138.8    32122
read      257.6   100.1    74.4   127.8   143.3   248.9   294.1   316.3   334.7   357.2   384.4   425.3   507.4   641.2  2431.9  49374.5    49464
read      250.0    93.9    80.4   143.3   161.8   246.7   275.3   290.9   301.9   315.4   335.2   367.4   434.2   590.1  3350.3  24075.0    24034
read      247.3   117.3    74.4   119.0   132.8   229.0   280.9   307.6   326.6   352.3   385.2   436.1   548.2   749.4  1655.8  77240.2    77363
read      247.8   122.4    74.4   118.8   132.6   226.6   278.3   305.7   324.7   351.1   386.3   441.5   576.9  1054.3  3614.2  91503.0    91698
read      253.7    91.7    74.4   131.6   148.5   250.0   287.2   305.8   318.2   336.6   360.5   396.2   473.4   640.7  2457.0  38951.2    38997
read      246.7   112.0    74.4   119.1   132.8   227.4   279.2   306.6   325.3   351.3   385.7   437.2   548.1   803.1  2628.2  85980.8    86028
read      247.1   108.8    74.4   119.2   133.2   228.5   280.5   307.2   326.0   351.4   385.4   437.8   546.8   788.7  1528.2  83055.5    83012
read      235.2    63.9    80.4   150.6   166.9   231.4   254.1   267.2   275.5   288.3   303.6   329.8   398.8   603.1  1019.5  14980.8    15024
read      253.6   117.5    74.4   123.7   138.7   242.3   290.0   312.6   329.4   351.5   380.4   424.9   520.9   747.0  4139.5  56666.2    56640
read      254.2   138.7    68.9   121.9   136.4   230.8   283.0   311.0   332.0   359.3   395.4   455.5   602.0  1318.3  3508.9  97403.8    97362
read      263.7   137.5    74.4   127.2   142.1   239.9   292.2   320.1   343.5   372.5   411.7   473.2   621.4  1171.2  3827.7 107348.8   107412
read      253.5   111.9    74.4   122.2   136.8   237.8   289.4   314.7   334.9   359.9   390.9   436.9   535.4   726.2  3266.7  64827.5    65030
read      247.8   106.8    74.4   119.2   133.1   229.3   281.6   308.6   328.0   354.0   388.3   439.5   545.5   750.7  1978.1  79310.2    79278
read      255.7   110.0    74.4   127.7   143.0   247.7   291.9   313.7   330.6   352.0   378.5   419.9   497.4   633.3  1883.9  47823.8    47544
read      254.4   120.5    74.4   123.0   137.7   231.7   283.5   311.7   333.2   361.1   397.7   457.1   589.3  1106.5  2866.8 105228.2   105368
read      253.1   102.7    74.4   123.7   138.4   241.0   290.5   314.2   332.6   355.9   385.5   429.8   516.5   654.6  1447.7  58339.0    58181
read      252.2   103.4    74.4   123.3   138.3   240.8   289.7   313.3   331.3   354.3   383.0   426.4   506.7   633.1  1996.2  57020.5    56960
read      245.4    98.2    80.4   156.8   173.5   239.8   264.3   277.4   287.7   298.4   314.8   343.1   413.3   927.1  4082.0  14840.8    14849
read      252.6   119.0    74.4   121.8   136.4   237.5   287.7   312.2   330.9   355.1   385.8   432.7   538.5   895.5  3148.4  63624.8    63672
read      254.9    96.0    74.4   126.6   142.4   247.4   291.4   312.8   329.2   351.0   377.4   418.9   501.5   637.3  1611.1  48342.8    48289
read      241.1    68.9    86.8   157.3   173.5   235.9   259.2   271.9   281.8   293.3   309.2   335.7   403.4   906.2  1930.3  11764.2    11797
read      236.2    94.9    80.4   156.0   171.3   230.0   251.7   264.2   272.7   284.5   298.2   323.3   400.0   926.2  3970.6  10848.2    10781
read      255.5   112.6    74.4   126.8   142.2   246.9   291.6   313.1   329.2   350.0   376.7   419.1   505.9   684.3  3945.6  49396.5    49362
read      247.1   121.2    74.4   120.7   134.7   226.0   276.9   304.5   323.2   348.7   384.1   440.4   564.6   869.1  2915.7 101736.8   102119
read      256.3   133.3    74.4   127.9   143.4   249.0   292.7   313.8   330.0   350.4   375.7   415.0   495.7   625.3  3816.4  46346.0    46213
read      248.4   114.5    74.4   120.3   134.4   227.2   278.9   306.6   326.3   353.2   388.4   442.7   569.1   936.4  2441.3  97057.2    97025
read      246.5    71.1    80.4   150.8   169.1   243.2   268.8   283.0   293.1   305.8   320.5   351.8   416.8   649.1  2171.6  18363.0    18351
read      248.2    77.8    80.4   146.8   164.8   245.2   272.0   287.1   297.0   310.8   328.1   360.5   428.0   757.5  1957.1  21464.8    21426
read      266.8   192.7    80.4   131.6   148.2   254.4   295.3   315.9   332.7   353.6   379.3   422.3   544.2  2099.0  8607.8  42708.8    43013
read      252.6   103.8    74.4   122.2   136.9   236.5   288.2   313.7   333.5   358.7   390.8   438.5   540.8   750.2  1271.6  67520.8    67376
read      254.9    85.7    74.4   135.7   152.3   252.3   288.1   306.4   318.6   336.6   359.7   393.2   464.7   581.4  1558.8  36134.5    36043
read      233.8    91.0    93.8   161.4   173.9   226.3   246.4   257.7   267.0   276.9   292.6   318.1   399.5   942.6  3720.4   6333.0     6255
read      258.7   122.8    68.9   124.9   139.8   236.0   288.2   315.9   338.1   366.5   404.5   466.2   596.7  1035.6  2909.1 102259.0   102499
read      255.7    80.0    80.4   144.6   162.8   252.6   283.8   300.0   312.1   326.3   347.8   378.3   445.5   676.3  2287.6  26252.5    26263
read      278.5  3433.9    74.4   124.7   139.8   243.7   292.5   316.3   336.1   360.3   389.2   432.0   522.1   693.0  3079.2  57082.2    56974
read      260.3   114.1    74.4   133.0   149.8   254.4   294.3   314.5   330.5   350.6   374.6   412.0   491.2   682.8  3751.8  40652.5    40869
read      257.0    96.7    74.4   129.2   145.0   250.6   293.7   314.7   330.7   350.4   376.8   417.4   502.3   630.3  1143.8  46267.5    46514
read      244.8    83.5    86.8   161.8   177.4   239.0   261.5   273.5   283.5   294.4   310.7   339.0   409.6   932.6  2466.2  11550.0    11431
read      255.3   103.9    74.4   124.3   139.4   242.7   292.0   316.3   336.3   360.6   389.8   432.8   524.0   675.5  1851.8  58612.0    58600
read      251.9   112.0    74.4   121.6   136.2   235.8   287.4   313.3   333.2   358.3   389.4   436.1   535.2   707.9  2342.0  67980.0    68058
read      256.8   110.3    74.4   125.3   140.5   245.1   294.0   317.0   336.9   360.1   387.7   429.4   517.3   814.3  2938.5  54284.8    54502
read      252.5   102.4    74.4   122.3   136.8   238.0   289.6   315.0   334.9   359.4   390.0   434.3   523.4   668.5  1538.1  63942.8    64022
read      257.1   101.9    74.4   126.5   141.9   247.5   294.5   317.3   336.2   359.0   386.7   427.6   512.2   663.3  1573.0  52085.5    52142
read      254.7   122.8    74.4   124.0   138.7   232.2   283.8   311.9   333.2   360.9   397.2   455.0   585.9  1081.3  3606.7 101271.2   101375
read      259.5    97.6    74.4   132.3   149.2   254.5   295.0   315.0   331.4   352.2   375.6   410.3   485.4   629.3  2530.7  40547.2    40606
read      259.8   102.2    74.4   129.6   145.4   252.1   296.6   318.3   336.9   358.9   385.9   426.1   508.9   664.9  1285.4  47410.5    47485
read      256.8    96.0    74.4   127.1   142.7   248.7   294.2   316.3   334.5   356.5   383.1   423.6   505.3   631.5  1435.9  49070.5    48977
read      260.5    94.1    74.4   134.3   151.3   256.1   295.4   315.4   331.4   350.9   373.9   409.4   482.7   591.7  2013.9  38638.5    38615
read      251.5   129.9    74.4   121.0   135.2   231.2   283.4   310.8   331.0   357.4   391.7   444.4   555.2   938.3  3861.7  80120.5    80279
read      251.4   118.6    74.4   121.5   135.8   232.5   284.8   311.7   331.6   357.4   391.1   441.0   546.2   830.6  3364.7  75970.0    75843
read      252.8   104.7    74.4   122.5   137.2   236.9   289.2   315.1   335.5   360.5   391.2   437.6   530.5   687.7  1639.9  67054.8    67095
read      258.2    91.3    74.4   132.4   149.1   253.9   294.3   314.3   329.8   349.1   373.0   407.6   479.4   590.1  1483.2  41256.8    41325
read      256.4   114.6    80.4   125.1   140.2   244.2   293.0   316.6   335.6   358.7   387.5   430.4   519.5   737.6  3260.6  55574.2    55752
read      249.8   111.2    74.4   120.9   135.1   230.4   282.4   309.7   330.1   357.1   391.0   442.4   548.9   812.6  1956.5  85488.2    85561
read      246.4   104.7    86.8   156.5   174.2   240.3   264.8   277.9   288.5   300.1   316.5   346.7   419.8   920.5  5609.5  14208.8    14194
read      248.5   114.2    74.4   120.3   134.2   227.9   279.4   307.1   326.7   353.9   389.0   441.7   561.6   951.0  2563.6  87816.5    88002
read      249.3   113.4    74.4   120.9   134.9   229.3   280.6   308.2   328.4   355.3   389.7   442.1   557.5   881.6  1957.6  90619.8    90515
read      266.2   132.1    74.4   127.6   142.5   241.3   294.1   322.9   346.9   377.4   418.1   481.2   637.3  1447.9  2690.8 109233.5   109283
read      255.5    78.4    80.4   144.4   162.8   253.1   284.3   300.6   312.5   326.8   348.0   379.0   443.1   560.9  2060.2  26782.2    26699
read      259.8   105.8    80.4   135.0   152.0   254.9   293.3   312.6   326.9   346.1   370.5   405.0   482.4   678.1  4138.4  37435.8    37400
read      253.0    71.5    80.4   153.3   172.5   249.7   276.1   291.1   301.7   314.7   333.8   365.2   428.1   562.9  1415.9  19330.5    19307
read      243.9    90.7    86.8   164.6   179.2   238.8   260.5   272.3   281.6   292.5   307.6   333.2   398.9   911.2  3881.3  11577.8    11527
read      251.5   112.1    74.4   122.6   137.3   231.8   283.6   310.9   331.3   358.4   393.3   444.7   551.5   820.9  2080.8  83539.5    83787
read      257.4    85.9    80.4   152.8   171.3   253.7   282.2   297.0   308.7   320.4   342.2   373.0   438.8   778.9  3781.3  22126.8    22209
read      250.8   108.8    74.4   121.9   136.5   233.1   284.9   311.4   331.4   357.6   390.1   437.8   542.4   743.2  1806.8  74914.2    75169
read      250.6   107.0    74.4   121.1   135.3   233.1   285.6   312.2   332.3   358.0   390.2   437.0   541.5   745.6  2252.2  73772.5    73833
read      245.5   117.4    74.4   119.5   133.2   224.7   276.0   303.9   322.9   348.7   383.0   435.3   550.2   876.4  2553.2  94658.8    94641
read      253.2   109.8    74.4   122.9   137.7   239.4   289.8   314.2   333.1   357.0   387.1   430.3   526.6   750.2  2407.3  61272.0    61338
read      247.0   114.2    74.4   120.4   134.1   226.4   277.9   305.6   324.8   350.7   385.3   436.5   562.6   917.4  1855.5  92070.8    91825
read      248.4   109.6    74.4   119.8   133.9   229.9   282.3   309.4   328.9   354.7   387.3   436.0   546.2   807.2  1889.1  77241.8    77235
read      257.8    95.8    74.4   133.8   151.0   253.9   291.4   310.5   323.8   343.1   367.2   401.7   478.0   627.0  2574.1  37399.5    37257
read      254.6    81.5    80.4   138.0   155.2   252.1   286.4   304.0   315.9   332.3   354.4   387.1   456.3   579.1  1543.0  32124.0    32057
read      258.2   142.2    74.4   123.5   138.2   231.7   283.0   311.4   333.3   361.8   399.5   463.9   662.6  1635.6  3499.3 108474.2   108618
read      249.8   106.8    74.4   120.4   134.5   231.8   284.2   310.9   330.8   357.1   390.5   439.1   541.3   746.2  1990.7  72988.5    72930
read      257.5   113.4    80.4   129.8   145.6   251.0   292.9   313.9   330.2   350.9   375.9   414.1   491.5   617.1  4429.2  43643.2    43714
read      249.4   119.1    74.4   119.8   133.9   229.3   280.9   308.4   328.5   355.8   390.5   444.2   562.4   915.5  2304.8  87050.5    87369
read      252.8   100.7    74.4   123.1   138.2   241.4   290.1   313.6   331.9   355.1   384.2   427.5   516.4   651.7  1138.3  56773.5    56640
read      248.2   116.6    68.9   120.3   134.3   227.1   277.6   305.5   324.9   351.4   387.2   443.4   571.2  1017.6  2664.4  96981.0    97360
read      248.7   110.1    74.4   119.8   133.4   229.6   282.0   309.2   329.2   355.8   389.5   440.3   551.4   780.7  1961.8  79940.5    79788
read      240.5    91.0    80.4   159.4   174.7   234.3   256.2   269.0   277.8   290.0   305.5   332.3   405.2  1009.6  3389.1  11432.0    11352
read      248.0   119.5    74.4   119.7   133.7   228.4   279.9   307.2   326.4   352.3   386.6   440.8   557.4   858.7  2622.0  87912.5    87962
read      258.5   111.7    80.4   132.0   148.8   253.2   292.6   312.3   326.8   346.1   371.6   406.4   489.2   677.5  3906.5  40710.8    40663
read      254.2   106.9    74.4   123.9   138.9   241.5   291.1   315.0   333.9   357.4   387.3   431.8   521.6   685.9  2865.8  59320.0    59386
read      257.1   121.1    74.4   128.2   143.6   249.0   293.4   314.8   331.6   352.7   379.3   419.2   502.6   674.1  3368.8  48113.2    48302
read      248.5    93.1    80.4   149.7   168.0   244.3   271.2   286.1   296.0   309.5   325.9   358.0   424.3   699.0  3959.9  19351.2    19398
read      252.1   126.1    74.4   121.0   135.2   231.5   283.6   310.9   331.3   358.1   393.0   446.5   566.5   956.5  3774.8  82144.5    82197
read      247.1   102.0    74.4   119.6   133.6   229.8   281.8   308.5   327.1   352.4   385.3   433.9   535.0   696.5  1324.3  77541.8    77387
read      250.4   107.8    74.4   120.4   134.7   233.0   284.8   311.3   331.3   357.6   390.1   439.4   545.1   753.0  1367.0  72813.0    72753
read      244.7   191.9    93.8   160.6   174.4   231.3   252.9   265.7   274.1   286.9   303.0   334.1   446.2  2577.3  7766.7   7722.0     7720
read      257.5   127.8    74.4   127.9   143.7   249.6   292.2   313.1   329.1   350.3   376.3   417.1   501.7   774.3  5715.3  46030.2    46279
read      258.5    92.3    74.4   131.1   147.9   253.2   294.6   315.0   330.9   350.5   375.4   414.0   491.8   623.0  1374.3  42024.0    42102
read      250.6   122.9    74.4   120.4   134.4   228.7   280.9   309.0   329.2   356.0   392.4   450.5   587.5   946.2  2818.4  90731.8    90892
read      259.2   119.4    74.4   132.3   149.3   254.2   293.3   313.2   327.9   346.3   372.0   411.6   494.9   637.6  3391.6  39794.8    39976
read      255.5   117.6    74.4   123.5   138.4   240.9   291.0   315.5   334.6   358.7   390.2   437.5   544.6   804.2  3638.1  61255.2    61084
read      247.9    71.9    86.8   154.2   172.0   243.5   269.4   283.8   293.9   307.0   321.9   354.4   423.7   874.5  1903.9  16904.0    16735
read      257.5   100.4    74.4   129.3   145.3   251.0   293.6   314.4   330.5   350.6   377.1   417.9   498.2   637.8  2310.6  45925.8    45909
read      257.0    94.8    80.4   141.1   159.2   253.5   286.2   303.2   315.2   331.3   353.8   388.4   461.0   680.1  2714.6  29128.8    28976
read      250.0   108.4    74.4   120.8   134.9   230.7   282.6   309.8   329.8   356.2   391.3   444.4   557.6   792.8  1696.8  84774.8    84704
read      255.8   127.3    74.4   123.2   138.2   234.2   285.6   312.9   334.0   361.3   398.0   458.8   593.4   994.9  2719.7 101878.8   101822
read      252.3   115.5    74.4   121.6   135.9   230.8   282.6   310.1   330.4   357.1   393.5   454.3   604.0   915.2  2174.4  92722.8    92571
read      241.9    87.0    86.8   157.3   173.8   235.2   258.4   271.4   281.6   293.6   310.3   339.5   418.0   972.4  3168.2  12004.5    12106
read      251.6   100.1    74.4   122.6   137.7   239.6   287.9   311.5   328.8   351.2   381.6   427.3   524.0   680.8  1716.3  58473.8    58568
read      256.1   110.9    74.4   126.0   141.4   246.4   292.1   314.4   331.3   352.5   380.8   424.5   515.1   718.0  3084.5  51420.5    51319
read      251.6    73.5    86.8   147.5   166.2   248.2   275.9   291.7   303.0   316.0   336.2   369.6   436.7   645.8  1703.8  21640.8    21556
read      243.2    84.6    86.8   155.1   171.9   237.3   261.6   274.5   285.6   296.9   313.8   342.8   417.8   929.2  3034.7  14124.0    14191
read      256.5   107.1    80.4   140.2   158.3   253.1   285.3   302.2   314.3   329.9   351.7   385.5   455.1   619.7  4910.7  28936.5    29072
read      246.1    82.1    80.4   152.8   170.9   241.9   267.0   280.5   290.7   302.8   318.6   348.9   415.0   877.9  3793.5  16331.8    16350
read      248.5   122.6    74.4   119.8   133.9   228.9   280.4   307.1   325.6   350.5   385.0   438.0   554.5   940.0  2370.4  86681.5    86891
read      267.4   157.2    74.4   125.9   141.1   239.1   291.8   319.9   343.0   372.7   414.7   486.0   739.7  1783.2  4096.3 104241.8   104441
read      235.7    91.4    86.8   160.0   173.9   229.3   250.1   262.1   270.6   281.4   295.2   319.0   397.5   969.2  3831.7   8976.5     8906
read      259.7    98.1    74.4   133.5   150.0   255.1   295.7   315.9   331.7   350.8   375.7   411.4   488.4   607.5  1198.3  42241.2    42175
read      272.7   197.3    74.4   129.5   145.2   253.6   301.6   325.4   345.5   370.3   401.3   454.8   612.8  2406.8  8283.3  51696.0    51797
read      253.6   111.7    74.4   122.6   137.2   235.2   287.8   314.4   334.8   360.6   394.3   445.7   549.7   813.2  2702.3  76727.8    76678
read      249.1    81.2    80.4   149.9   167.9   245.2   271.9   287.1   297.1   310.9   328.0   360.6   428.5   737.1  3009.9  19820.8    19630
read      260.4   145.3    74.4   124.0   139.2   236.5   288.8   316.7   339.0   367.8   405.7   469.9   638.0  1076.9  3203.7 100177.2   100132
read      257.7    94.9    74.4   132.2   149.0   252.9   292.2   312.0   326.3   345.1   371.0   407.4   489.7   658.4  2182.1  40542.2    40498
read      258.5   128.2    74.4   124.6   139.6   235.1   287.1   315.0   336.6   364.4   401.7   464.4   608.3  1249.0  4117.9 108591.0   108559
read      251.6    73.6    80.4   145.9   164.0   248.9   278.2   293.7   305.2   317.8   338.1   370.0   433.4   586.3  1481.9  23872.8    23964
read      252.2   115.4    68.9   121.3   135.9   234.7   287.2   313.2   332.8   358.0   390.8   437.2   540.4   826.4  3257.4  70790.2    70760
read      255.1   113.2    68.9   123.5   138.3   234.1   286.4   313.7   334.6   361.7   397.9   456.7   583.9   956.8  1609.7  99612.8    99567
read      261.4   146.8    74.4   126.2   141.1   237.6   290.3   318.3   341.0   369.6   407.6   468.9   611.8  1088.6  5980.8 107510.0   107548
read      255.7   104.6    74.4   125.7   140.7   245.1   293.2   316.5   334.8   357.0   385.3   426.9   511.1   650.4  3515.5  53891.5    53742
read      256.6   121.4    74.4   124.0   138.8   233.8   286.1   314.2   335.5   362.9   399.3   459.8   602.4  1173.8  2618.4 103655.5   103931
read      254.4   107.9    74.4   123.7   138.8   241.7   291.8   315.7   334.6   358.2   388.3   432.0   521.6   690.0  2327.3  60251.5    60359
read      234.5   100.7    93.8   156.1   170.5   228.3   249.0   260.7   269.2   279.5   294.3   318.5   391.4  1096.0  4002.9   9777.0     9725
read      256.1   106.8    74.4   126.5   141.7   246.9   293.8   316.2   334.1   356.3   384.0   423.8   502.7   633.2  1992.8  51876.0    52014
read      258.6    99.4    74.4   133.1   149.7   253.9   293.8   313.6   328.3   346.4   371.2   405.1   480.7   629.2  2565.8  40007.0    40053
read      250.9   108.2    68.9   121.5   135.8   231.5   283.7   310.9   330.9   357.2   392.6   446.1   557.8   792.7  1554.7  86486.2    86436
read      249.6    79.6    80.4   144.9   163.0   247.6   276.2   291.7   302.7   315.5   334.2   364.6   424.0   568.5  1859.5  23920.2    23983
read      252.9   104.5    74.4   122.1   136.9   237.6   290.2   315.7   335.7   360.4   391.0   435.1   530.6   706.9  1768.5  66305.2    66595
read      256.2    90.5    86.8   144.3   162.5   253.0   284.5   300.7   312.4   326.1   346.0   380.1   448.4   710.3  2786.3  26121.5    26056
read      256.3   102.7    74.4   127.2   142.2   247.3   294.1   316.6   334.3   355.7   383.0   423.2   502.4   643.4  2842.2  51789.5    51764
read      259.6   106.0    74.4   132.8   149.7   254.1   294.4   314.4   329.5   348.0   372.7   409.7   489.4   686.8  3606.4  40252.5    40202
read      252.5   115.8    74.4   121.3   135.5   233.3   286.4   313.4   333.6   359.4   393.4   444.3   559.8   859.7  3028.1  76394.0    76665
read      239.1    69.5    93.8   159.6   174.8   234.3   255.9   268.3   276.5   288.5   302.7   326.9   397.8   932.5  2300.0  11075.8    11133
read      254.3   157.2    68.9   120.9   135.2   231.6   284.1   311.3   331.0   356.4   391.0   445.2   583.6  1543.7  7010.1  80343.2    80405
read      259.8   165.1    74.4   121.3   135.7   234.7   287.6   315.0   336.6   364.4   400.9   463.5   640.8  1866.7  6651.6  79208.5    79106
read      257.4   134.9    74.4   123.1   138.0   234.2   286.3   314.2   335.5   363.2   400.2   461.0   607.2  1336.8  3495.6  97325.2    97258
read      257.2    96.3    80.4   135.3   152.7   253.9   290.2   308.9   321.1   339.3   362.5   397.0   471.4   632.2  2450.5  36066.0    36307
read      258.3    78.8    80.4   143.5   162.0   256.2   288.3   305.3   317.0   333.1   354.3   387.7   453.9   564.2  1362.0  28681.5    28636
read      259.6    92.9    74.4   132.8   149.6   254.7   295.4   315.3   331.2   350.9   375.9   413.5   492.2   619.3  1405.2  41645.0    41620
read      253.2   118.3    74.4   122.1   136.8   234.1   286.9   313.5   333.8   359.7   393.2   444.8   554.2   887.9  3020.4  75480.2    75736
read      259.6    93.1    74.4   131.6   148.1   253.6   295.8   316.6   333.2   353.4   380.1   418.6   496.6   623.4  1883.0  45052.2    44979
read      257.9    88.3    80.4   139.1   156.9   255.8   289.7   307.2   318.8   336.1   358.9   393.1   462.8   600.1  2271.9  31474.8    31478
read      258.7   104.8    80.4   134.0   151.1   255.5   293.2   312.4   326.1   343.5   368.2   402.4   477.8   617.3  2035.4  37594.2    37586
read      264.3   141.2    74.4   127.5   142.4   240.8   292.8   320.5   342.6   371.2   410.0   472.7   621.0  1331.0  4013.0 108399.0   108330
read      252.9   103.9    68.9   122.4   137.3   238.1   289.9   315.3   334.5   358.2   388.7   433.5   530.1   680.3  1927.1  64093.5    64301
read      242.5    80.8    93.8   159.5   174.8   237.3   260.6   273.1   283.1   293.9   310.0   337.7   410.3   892.0  3358.3  11280.8    11203
read      242.7    95.7    86.8   162.7   177.4   235.6   257.7   270.2   279.4   291.3   307.4   335.1   421.0   928.1  6030.3   7250.5     7291
read      249.1   119.5    74.4   120.1   134.0   228.7   280.7   308.1   327.2   352.1   387.1   442.4   563.5  1032.6  3827.6  87357.0    87477
read      247.5   107.3    74.4   119.5   133.4   230.0   282.6   309.6   328.4   352.2   385.6   435.1   535.3   685.2  1594.5  77341.0    77485
read      254.4   114.9    74.4   129.2   145.3   249.1   289.8   309.8   323.3   342.3   367.9   403.4   483.1   624.0  4415.5  42241.5    42055
read      255.6    77.3    74.4   142.5   161.6   253.0   285.3   301.9   313.8   328.4   347.5   382.3   453.9   623.6  1064.1  26959.0    26865
read      252.6   140.9    74.4   121.5   136.0   230.7   282.4   310.1   329.8   355.3   391.3   448.0   579.6  1071.1  4728.5  94842.0    94592
read      252.3   116.5    74.4   121.8   136.3   236.5   288.5   314.1   332.9   356.6   388.9   435.7   537.7   723.2  2103.7  66922.5    66869
read      249.7    80.6    80.4   152.5   171.2   245.5   271.6   286.4   296.4   310.2   327.3   358.0   424.1   787.8  3163.6  17866.0    17835
read      257.8   103.2    74.4   125.7   141.0   245.7   295.2   319.1   338.6   362.4   391.8   434.0   530.8   706.4  1804.9  55956.5    55977
read      249.1   120.2    74.4   119.9   133.8   229.4   281.7   309.1   328.5   354.0   388.3   439.3   552.3   810.4  3714.5  82447.8    82437
read      247.2    81.1    80.4   154.4   173.0   243.1   268.4   282.3   292.3   304.7   319.7   347.9   417.5   813.5  3155.4  15801.8    15775
read      251.0   125.1    74.4   121.3   135.6   230.7   282.8   310.2   329.8   354.9   389.5   443.3   563.6   936.4  3588.8  87452.2    87559
read      264.9   138.0    74.4   125.1   140.4   240.6   293.5   321.8   344.8   373.8   413.3   477.9   638.9  1474.9  3380.6 105610.5   105401
read      249.4   120.4    74.4   119.5   133.5   229.0   280.7   308.0   327.3   352.5   388.1   443.4   570.0  1019.6  2641.9  88871.8    88752
read      250.1   123.9    74.4   120.4   134.6   228.3   279.8   307.6   327.2   352.3   388.2   448.1   588.9  1060.6  3065.6  94672.2    94531
read      252.1   135.7    74.4   121.8   136.1   229.0   280.4   308.6   328.7   354.6   390.7   450.2   588.0  1289.8  4207.2 101266.5   101303
read      252.1   123.9    74.4   121.3   135.6   231.6   284.1   311.3   331.1   356.7   392.0   447.0   569.6   929.6  3697.5  86593.2    86640
read      249.4   112.4    74.4   120.5   134.5   229.9   282.3   309.9   329.5   354.6   389.5   442.9   555.2   783.6  2091.6  84954.0    84818
read      255.3    97.0    80.4   151.5   170.4   251.2   278.5   293.6   304.9   317.4   336.8   369.0   437.0   821.0  4017.0  20217.5    20221
read      259.8   104.1    74.4   131.3   147.8   253.8   296.0   316.7   332.9   352.6   379.3   417.4   499.0   633.2  1962.6  43602.8    43599
read      257.1   111.1    80.4   126.6   141.9   247.4   294.2   317.0   334.5   355.8   384.0   425.7   508.8   761.4  3109.4  52758.2    52779
read      249.1   107.9    74.4   120.9   135.2   229.1   281.2   308.8   328.2   353.4   388.8   442.2   560.5   850.8  1618.5  89816.5    89855
read      257.6   112.3    80.4   128.2   143.6   249.6   294.9   316.5   333.2   353.4   380.3   421.0   502.0   641.2  3908.6  48711.2    48532
read      254.9   120.9    74.4   123.7   138.5   232.4   284.0   312.1   333.0   359.8   396.4   456.5   590.6  1151.9  2597.4 107690.5   107423
read      257.8   109.2    74.4   128.9   144.8   250.1   294.2   315.6   331.7   350.9   377.0   418.0   498.4   767.8  3432.0  46583.8    46535
read      257.5   104.2    74.4   129.2   144.9   251.0   295.0   316.2   332.4   351.6   377.6   417.7   498.7   632.3  1893.3  47377.5    47535
read      257.6    99.8    74.4   128.3   143.5   249.3   295.2   317.5   334.7   355.5   383.1   423.8   504.6   654.4  2245.6  49791.2    49633
read      259.5    82.8    80.4   141.0   159.2   257.4   291.0   308.7   320.4   337.8   360.5   394.8   463.4   574.2  1175.7  30363.0    30334
read      255.9   167.0    86.8   153.9   172.0   247.0   273.5   288.6   298.6   312.0   329.5   362.8   450.9  1596.6  7995.7  17258.5    17207
read      260.8   139.3    74.4   125.6   140.5   236.5   288.6   316.4   337.9   366.0   404.5   468.6   629.8  1319.5  3561.5 106165.8   106074
read      254.9    94.3    74.4   127.9   143.3   247.8   292.3   314.0   330.1   349.5   374.7   415.1   497.0   619.7  1695.8  48782.5    48912
read      253.3   123.4    74.4   122.6   137.1   231.5   283.6   311.5   332.0   358.3   394.1   451.2   580.9  1095.8  2955.0  96814.2    96483
read      260.0    93.4    74.4   134.7   151.7   255.7   294.8   314.5   329.3   346.8   372.4   407.4   482.4   655.6  2129.8  39313.8    39228
read      252.0   193.6    74.4   121.1   135.4   230.4   282.4   310.0   329.9   355.4   390.7   445.3   577.5   975.4  4076.0  92399.8    92350
read      252.2   121.0    68.9   121.6   135.8   231.7   284.3   311.8   331.8   357.5   392.3   447.0   564.3   920.0  3442.9  85273.8    85084
read      251.2   115.8    74.4   121.1   135.5   231.7   284.3   311.7   331.3   356.5   391.2   443.6   553.3   867.9  2662.7  82014.5    81993
read      258.4   123.0    68.9   125.1   140.0   236.3   288.0   315.6   337.2   365.2   402.2   463.4   599.3  1039.5  3004.8 101492.8   101617
read      246.8    74.5    80.4   153.0   170.7   242.7   268.3   282.5   292.7   305.6   320.8   351.9   418.9   797.5  2434.8  16723.0    16730
read      257.2   112.0    74.4   124.1   138.8   239.3   291.9   318.2   338.9   365.8   400.2   455.0   557.2   764.6  1611.6  70985.8    71079
read      334.2   238.2    74.4   134.5   152.4   278.2   350.3   401.9   443.4   493.2   563.1   726.1  1087.4  2426.5  7373.5 109147.8   108942
read      253.7    99.3    74.4   125.2   140.6   244.4   291.5   314.4   331.3   351.5   379.1   420.0   503.5   627.2  1773.3  55559.8    55406
read      257.6    98.5    74.4   131.6   148.6   253.3   293.1   313.2   327.9   345.5   371.0   408.1   482.6   602.8  1388.9  42316.0    42279
read      256.3    81.5    86.8   151.6   170.5   253.6   282.2   297.2   309.1   321.0   340.9   372.4   435.6   573.9  1421.6  21810.8    21876
read      257.3    84.1    74.4   138.4   156.4   255.1   289.9   307.8   319.5   336.2   358.2   392.7   460.7   582.8  1841.0  34023.2    34140
read      257.7    92.7    74.4   132.1   148.8   253.3   294.0   313.7   328.1   345.6   371.0   406.5   483.4   603.6  1942.1  42847.0    42897
read      252.5    81.8    86.8   154.0   173.1   248.7   275.0   290.0   300.1   313.2   330.6   361.2   428.1   689.4  3152.5  18328.0    18462
read      246.9   107.5    68.9   121.7   136.1   227.8   277.8   305.2   323.7   346.6   381.2   435.1   544.8   744.9  2402.2 100238.8   100375
read      259.5   101.0    74.4   134.1   151.2   255.6   294.8   314.8   329.5   346.4   370.9   405.0   480.5   610.1  3901.7  41265.0    41347
read      248.0   127.1    74.4   122.2   136.7   228.6   278.8   305.9   324.6   347.6   382.0   434.2   545.1   770.3  4269.0 101365.2   101594
read      256.6   108.1    74.4   130.0   146.0   250.3   293.0   314.1   329.4   347.1   373.7   411.7   488.3   612.1  4070.7  47536.8    47486
read      249.1   115.7    74.4   121.1   135.7   232.6   283.7   309.7   327.5   349.7   381.6   428.7   529.6   704.4  3817.5  73424.8    73393
read      255.4    93.7    74.4   128.0   143.6   248.2   293.1   314.7   330.7   349.7   376.4   416.6   496.9   617.0  1449.3  51121.2    51134
read      252.6    98.1    74.4   125.0   140.3   241.4   290.0   313.8   330.8   351.0   379.4   421.4   504.9   636.0  1384.4  57994.8    58201
read      247.6   110.5    74.4   120.8   135.3   232.4   282.5   308.2   325.6   346.8   378.0   424.9   518.7   681.0  2917.1  70968.2    71020
read      248.7   109.9    74.4   121.5   136.1   233.1   284.0   310.0   327.9   349.5   381.1   427.3   521.1   682.7  2660.6  72114.0    72071
read      244.4   105.0    74.4   120.1   134.2   226.5   276.7   303.8   321.8   344.9   377.3   428.3   533.4   698.0  2784.4  93494.2    93446
read      256.5   103.5    74.4   142.2   161.0   254.4   286.1   302.6   314.3   328.8   347.7   382.4   450.0   586.0  2670.2  28728.2    28724
read      252.3    94.9    74.4   124.4   139.9   241.8   290.3   313.9   330.8   350.9   379.0   420.7   503.6   609.5  1253.0  59014.5    59269
read      247.6   112.1    74.4   120.9   135.3   231.0   281.9   308.1   326.0   348.1   380.2   427.2   523.1   707.6  2744.6  74759.2    74624
read      255.1    94.2    74.4   126.8   142.7   247.0   292.7   315.3   331.8   351.2   378.3   419.7   498.4   608.0  1385.9  52528.2    52368
read      241.2    93.5    93.8   161.1   176.4   235.0   256.8   269.2   277.7   289.7   304.7   330.4   401.0   920.1  4584.9   9667.2     9687
read      256.2    99.9    74.4   131.0   147.6   251.3   291.8   312.1   326.3   344.1   368.1   403.2   481.3   632.9  3254.2  44147.0    44165
read      237.9    73.0    86.8   163.3   176.7   231.8   252.8   265.0   273.0   285.0   299.7   324.7   400.4   928.0  1998.4   6911.0     6895
read      253.3   110.7    74.4   125.6   140.9   243.3   290.5   313.3   329.8   349.4   378.4   419.4   499.9   628.6  2987.7  55399.8    55457
read      251.1   101.3    74.4   123.4   138.4   239.3   289.0   312.8   329.7   350.1   378.5   420.6   503.6   638.4  2617.8  61198.8    61164
read      254.5   126.1    74.4   125.0   139.7   233.0   284.1   311.7   332.0   357.9   394.2   453.5   580.5   849.5  3912.3 108065.5   108384
read      257.8    99.8    74.4   138.2   156.2   254.5   289.2   307.1   319.1   336.1   358.2   393.0   463.8   685.4  3323.0  33242.8    33319
read      247.6   104.3    74.4   122.4   136.8   229.1   279.7   306.9   325.6   348.7   383.1   434.6   541.7   691.1  1266.1  97751.2    97895
read      260.9    92.8    74.4   137.5   154.7   257.0   295.4   314.6   328.8   345.3   369.3   404.3   477.1   629.8  1989.5  39702.5    39720
read      254.1   104.4    74.4   126.1   141.2   239.5   289.5   314.5   332.4   354.4   385.3   430.9   528.3   677.5  2415.3  68231.0    68554
read      250.1   109.5    74.4   123.6   138.6   232.4   282.6   309.2   327.8   351.2   385.3   435.6   540.7   703.2  2024.3  86873.2    86849
read      260.8   106.2    80.4   146.0   164.5   257.8   290.4   307.4   318.8   334.7   355.1   389.1   456.0   581.2  3878.3  30321.2    30264
read      247.4   106.3    74.4   122.3   136.9   228.8   278.3   305.6   324.3   347.2   381.4   434.1   543.9   729.4  2064.3 100788.8   100754
read      246.8   113.6    74.4   121.3   135.6   228.3   278.5   305.3   323.5   345.6   378.4   432.6   543.8   748.8  3026.5  97887.8    98098
read      246.7   107.4    74.4   120.8   135.1   230.8   280.1   305.6   322.6   343.8   374.4   427.3   542.0   744.3  1867.5  86316.5    86028
read      247.6   107.8    74.4   122.2   136.6   230.8   280.6   306.6   324.1   345.5   377.6   430.1   542.9   722.6  2055.0  93048.8    93054
read      254.5    92.4    74.4   132.3   149.0   250.9   289.2   308.2   320.6   338.0   360.8   396.7   476.2   673.7  1809.7  42277.2    42348
read      251.9    77.6    74.4   141.5   160.0   250.4   281.5   297.0   309.0   321.1   340.8   372.7   436.1   583.8  1271.2  29442.0    29490
read      245.3    73.9    86.8   151.9   169.8   241.5   267.0   280.7   291.0   303.2   318.6   345.6   415.3   836.2  2264.7  18154.0    18187
read      246.1   109.2    74.4   121.4   135.8   228.6   277.9   304.4   322.2   344.5   376.1   428.8   540.3   723.9  2723.1  94835.8    95113
read      237.0    97.4    86.8   160.9   174.6   229.3   250.2   262.2   270.6   281.6   296.1   319.7   404.5  1209.9  3899.1   8580.8     8570
read      249.2    95.3    68.9   124.5   139.3   238.2   286.1   309.6   325.3   344.1   370.9   413.0   503.6   643.1  1560.9  62008.8    62285
read      252.6    92.6    74.4   127.3   142.9   245.8   290.0   311.5   326.4   343.9   369.8   408.3   491.1   621.7  1358.1  52739.8    52582
read      256.7    84.9    74.4   138.8   156.4   254.3   288.8   306.5   318.4   334.6   355.5   390.6   466.4   630.9  2014.7  34332.8    34260
read      253.4   104.1    74.4   125.7   140.8   243.0   290.7   313.5   329.8   348.7   376.5   420.3   508.4   692.0  2132.2  59329.5    59493
read      252.6    99.5    74.4   125.6   140.9   243.0   290.3   312.7   328.4   346.6   374.0   417.2   505.8   643.3  1990.0  58105.0    58208
read      251.8   125.6    74.4   122.7   137.5   233.1   284.0   310.2   328.7   351.5   386.2   442.2   564.0   843.1  2525.1  93396.2    93458
read      247.9    76.3    80.4   152.2   170.9   244.3   269.8   284.0   293.8   306.8   321.8   352.8   425.3   705.1  2932.1  18184.5    18056

Total QPS = 58007.4 (104413240 / 1800.0s)

Total connections = 64
Misses = 0 (0.0%)
Skipped TXs = 0 (0.0%)

RX 25790071021 bytes :   13.7 MB/s
TX          0 bytes :    0.0 MB/s
Warning! Detected max cpu usage > 95%
CPU Usage Stats (avg/min/max): 100.00%,49.50%,100.00%
