Random waveform, supplied seed
Total number of intervals = 20 (6927, 52892, 98921, 61129, 40613, 53226, 38560, 103465, 104758, 94759, 37799, 8296, 69443, 12517, 43591, 20430, 93758, 10485, 16518, 83230)
Average QPS expected = 52565
Timestamp start: 1778663822289
Timestamp end: 1778664122561

#type       avg     std     min      p5     p10     p50     p67     p75     p80     p85     p90     p95     p99    p999   p9999      QPS   target
read      386.7   732.6   101.3   167.6   184.1   257.0   287.7   306.9   321.6   346.4   419.4   960.0  3313.4  8853.7 16577.5   6898.3     6927
read      679.1  1497.2    86.8   149.8   169.1   295.1   368.5   424.7   480.7   600.3  1125.1  2625.7  8519.2 15381.6 20000.2  52933.0    52892
read      886.1  1472.4    86.8   173.5   202.2   331.2   412.6   516.7  1070.8  1602.6  2580.8  3817.1  7465.7 11711.4 18464.4  98825.3    98921
read      720.0  1128.5    86.8   175.7   199.6   321.4   399.5   484.0   663.6  1212.0  1792.6  3076.7  6107.1  9183.2 12943.9  61129.5    61129
read      526.1   856.5    80.4   149.0   167.8   297.1   378.9   436.8   493.0   595.6   956.0  1754.3  4760.6  8209.6 12986.7  40555.9    40613
read      492.0  1031.4    80.4   145.8   164.0   291.2   363.5   411.1   452.2   511.8   637.3  1258.0  4953.8 14115.0 18111.0  53160.9    53226
read      521.0   859.1    86.8   146.4   165.6   300.6   375.8   426.0   469.3   544.8   941.7  1933.3  4415.0  8991.0 15094.9  38556.7    38560
read      937.8  1813.9    80.4   187.3   218.8   346.3   423.3   504.0   746.1  1441.1  1882.5  3687.8  9842.5 12821.9 15953.1 103473.2   103465
read      838.4  1453.6    86.8   184.7   217.0   342.9   413.5   484.7   610.7  1422.3  2260.1  3450.9  7794.3 12516.3 16118.3 104730.8   104758
read      615.7   986.0    86.8   185.4   211.4   339.5   409.2   464.8   524.0   654.1  1248.0  2385.3  5289.6  9629.4 15216.6  94777.9    94759
read      441.8   685.5    86.8   156.1   172.8   265.0   321.9   368.0   413.7   497.0   732.9  1385.6  3222.9  7977.4 11636.4  37823.5    37799
read      310.2   358.0    93.8   155.0   170.1   245.9   278.8   298.6   315.3   338.5   382.6   654.8  1778.0  5477.3  8053.1   8280.7     8296
read      562.4   724.2    86.8   155.2   176.1   318.0   438.7   560.4   686.2   885.6  1199.4  1887.0  3547.9  7658.7  9884.9  69466.5    69443
read      315.2   289.4    86.8   161.8   179.7   269.6   304.6   323.7   339.3   359.6   391.6   545.7  1477.7  3087.5  8070.2  12536.2    12517
read      364.8   450.2    86.8   142.5   159.1   282.4   344.7   381.5   409.5   447.1   505.8   693.3  2340.3  6208.8  9422.9  43482.5    43591
read      340.4   347.4    93.8   152.3   171.2   287.4   333.9   359.3   377.4   400.9   435.2   556.3  1857.0  4205.6  8044.7  20417.7    20430
read      546.5   852.6    80.4   159.3   180.9   306.5   377.6   436.7   501.8   625.4  1014.8  1959.8  4711.4  8005.7 11196.9  93812.9    93758
read      300.4   266.9   101.3   164.4   181.5   258.8   289.6   307.6   320.3   338.9   366.8   487.2  1353.9  2998.6  7911.1  10466.9    10485
read      349.9   399.3    86.8   154.8   173.6   279.2   321.3   345.0   364.1   388.6   430.2   747.8  2109.7  5261.1  8067.6  16496.7    16518
read      602.6   910.3    80.4   163.0   185.9   321.6   410.4   491.8   583.7   779.8  1241.3  2274.4  5269.2  8027.5 10464.6  83121.3    83230

Total QPS = 52547.3 (15764195 / 300.0s)

Total connections = 64
Misses = 0 (0.0%)
Skipped TXs = 0 (0.0%)

RX 3893756165 bytes :   12.4 MB/s
TX          0 bytes :    0.0 MB/s
Warning! Detected max cpu usage > 95%
CPU Usage Stats (avg/min/max): 99.72%,50.50%,100.00%
