Random waveform, supplied seed
Total number of intervals = 20 (6927, 52892, 98921, 61129, 40613, 53226, 38560, 103465, 104758, 94759, 37799, 8296, 69443, 12517, 43591, 20430, 93758, 10485, 16518, 83230)
Average QPS expected = 52565
Timestamp start: 1778882588934
Timestamp end: 1778882889215

#type       avg     std     min      p5     p10     p50     p67     p75     p80     p85     p90     p95     p99    p999   p9999      QPS   target
read      227.9    76.4    93.8   154.4   168.2   221.6   242.7   254.2   263.8   273.6   289.8   314.0   369.8   822.0  3212.2   6944.5     6927
read      262.9   100.9    74.4   131.9   147.1   250.8   307.0   334.5   352.1   370.6   393.3   427.0   499.6   624.0  1860.6  52902.5    52892
read      244.5   108.4    74.4   125.7   139.3   223.5   272.4   302.2   323.2   346.7   375.9   422.9   525.2   797.1  2691.1  98899.9    98921
read      258.4   102.8    74.4   129.1   143.5   242.1   299.8   329.6   348.6   369.2   393.8   430.5   505.2   640.9  1984.1  61156.9    61129
read      269.7   100.0    74.4   139.7   155.8   264.4   314.5   337.3   352.0   367.9   387.7   416.3   475.7   589.9  2650.1  40595.3    40613
read      263.2   101.1    74.4   132.0   147.3   250.9   307.2   334.7   352.3   371.0   394.0   428.3   500.1   624.5  2029.8  53254.9    53226
read      267.8    93.2    74.4   140.3   156.8   263.1   310.4   332.7   346.7   363.3   382.5   409.7   469.9   587.0  1938.7  38537.4    38560
read      249.9   105.6    74.4   128.5   142.3   229.4   278.0   307.3   327.9   351.6   382.1   430.9   547.3   888.1  1937.9 103521.7   103465
read      244.3   104.3    74.4   126.3   139.9   225.7   273.3   300.7   319.8   341.7   369.0   415.0   529.1   850.4  2357.4 104612.1   104758
read      244.5   105.5    74.4   125.1   138.7   224.2   273.5   302.6   323.0   345.9   374.3   421.8   531.0   838.2  2062.4  94677.1    94759
read      269.6   108.5    80.4   140.0   156.3   263.7   310.9   333.7   348.3   365.3   385.7   416.0   485.9   725.1  2986.8  37777.1    37799
read      231.3   121.8    93.8   151.3   164.2   221.3   243.9   256.7   266.6   277.3   294.8   320.9   403.0  1643.4  5450.9   8287.5     8296
read      254.2   112.0    74.4   126.0   139.8   233.9   289.7   320.9   341.9   365.2   392.9   434.3   534.6   869.5  2346.8  69526.5    69443
read      248.7    69.3    86.8   158.7   175.8   244.5   270.5   285.7   296.4   309.9   325.0   346.9   401.5   535.1  2103.4  12516.3    12517
read      263.8   100.4    74.4   134.2   149.7   256.0   306.7   331.5   347.3   365.3   386.7   418.6   491.0   634.2  2141.4  43631.0    43591
read      260.3    81.4    80.4   151.9   169.7   257.8   290.1   307.7   319.3   333.4   349.0   373.8   433.9   561.7  2700.7  20457.3    20430
read      245.5   113.0    74.4   124.4   138.1   224.0   274.3   303.9   324.5   347.7   376.7   424.5   543.0   959.4  2430.0  93717.3    93758
read      241.6   122.4    80.4   156.4   172.8   234.3   259.3   272.2   282.7   295.0   311.4   335.6   391.4   975.9  6201.6  10417.9    10485
read      254.8    73.4    74.4   155.9   174.1   251.8   280.1   296.1   307.9   320.0   337.3   362.2   417.7   546.9  1999.0  16503.5    16518
read      248.2   109.5    74.4   124.7   138.4   226.9   279.8   310.3   331.4   355.1   384.2   429.3   537.2   900.8  2549.5  83142.0    83230

Total QPS = 52553.9 (15766180 / 300.0s)

Total connections = 64
Misses = 0 (0.0%)
Skipped TXs = 0 (0.0%)

RX 3894246460 bytes :   12.4 MB/s
TX          0 bytes :    0.0 MB/s
Warning! Detected max cpu usage > 95%
CPU Usage Stats (avg/min/max): 99.73%,50.00%,100.00%
