#type       avg     std     min      p5     p10     p50     p67     p75     p80     p85     p90     p95     p99    p999   p9999      QPS   target       ts_start         ts_end
read      203.6    81.2    93.8   142.9   152.7   193.4   212.2   224.1   233.0   245.2   262.1   292.5   360.9   703.1  4403.5   4913.0     5000  1778341010171  1778341012436
read      250.5    81.5    80.4   140.4   156.1   247.4   281.1   297.9   310.5   324.1   343.2   373.6   447.6   876.5  1569.2  14958.5    15000  1778341013940  1778341016180
read      275.4   126.7    80.4   135.1   150.3   275.4   317.6   339.5   354.7   371.2   394.0   428.2   505.1  1217.8  3227.6  25190.8    25000  1778341017686  1778341019888
read      286.4   126.5    80.4   133.5   148.9   281.1   336.4   364.3   383.6   404.3   432.3   471.1   553.9   697.8  3870.0  35028.0    35000  1778341021393  1778341023600
read      300.9   135.4    80.4   131.1   148.4   289.7   351.8   385.5   409.0   436.0   469.2   517.7   617.5   774.3  4084.5  44801.1    45000  1778341025105  1778341027305
read      321.0   142.3    86.8   138.0   156.9   304.0   371.0   409.0   436.5   468.0   506.9   566.5   690.1  1050.3  1978.6  54647.5    55000  1778341028809  1778341031010
read      353.8   150.4    80.4   152.5   176.5   333.8   405.1   446.9   477.3   512.7   556.0   621.8   751.7  1014.3  1618.1  64910.0    65000  1778341032515  1778341034714
read      956.5   413.9   148.8   688.1   723.8   846.5   894.9   927.7   964.4  1299.2  1551.9  1677.1  1844.8  7245.4  9117.5  68715.2    75000  1778341036219  1778341038419
read      983.7   438.8   118.1   689.9   741.6   871.1   921.6   950.8  1000.4  1277.8  1592.1  1720.0  1884.0  7261.5  8893.2  67074.5    85000  1778341039924  1778341042125
read      946.4   411.4   101.3   659.9   709.5   844.5   894.5   927.9   964.3  1180.6  1529.4  1672.9  1853.1  7182.7  9245.8  69655.5    95000  1778341043629  1778341045832
read      894.1   391.6   118.1   619.4   663.3   786.7   840.7   873.3   936.5  1266.7  1442.6  1560.1  1731.0  7134.4  8077.7  73669.0   105000  1778341047335  1778341049535
read      970.1   420.1   160.7   702.7   737.9   852.0   902.9   933.9   981.5  1373.5  1574.0  1690.3  1857.0  7262.3  9465.2  68226.0   115000  1778341051041  1778341053242
read     1048.0   452.1   160.7   757.6   800.4   927.1   981.9  1011.3  1059.0  1318.2  1687.5  1827.0  2011.8  7373.1  9431.6  63358.5   125000  1778341054747  1778341056947
Warning! Detected max cpu usage > 95%
CPU Usage Stats (avg/min/max): 50.50%,1.00%,100.00%
