#type       avg     std     min      p5     p10     p50     p67     p75     p80     p85     p90     p95     p99    p999   p9999      QPS   target       ts_start         ts_end
read      207.0    70.2    93.8   141.4   151.0   194.0   216.1   230.5   241.8   255.9   274.9   308.9   397.9   895.5  2571.1   4871.0     5000  1778340944835  1778340947101
read      243.0   108.2    80.4   139.3   154.8   239.0   271.1   287.6   298.6   312.4   329.2   355.3   410.8   640.6  4670.5  15062.0    15000  1778340948605  1778340950853
read      275.0   107.1    86.8   133.0   148.2   275.0   317.3   338.9   354.1   371.4   394.7   429.6   513.6  1191.8  2200.4  24947.0    25000  1778340952358  1778340954558
read      284.1   111.1    80.4   130.2   145.2   281.3   334.6   361.8   380.6   401.6   429.9   469.7   554.5   669.2   946.9  34773.9    35000  1778340956063  1778340958266
read      324.6   236.9    80.4   132.8   149.5   294.2   359.0   394.5   420.4   451.6   493.4   565.2  1050.8  3321.2  5589.9  44866.5    45000  1778340959771  1778340961971
read      304.5   137.7    80.4   135.6   151.8   284.1   354.6   393.1   420.5   451.4   488.8   541.6   643.9   805.9  3314.3  55236.8    55000  1778340963474  1778340965682
read      420.4   207.8    74.4   167.7   199.4   387.7   472.9   523.2   559.5   604.6   665.1   769.5  1071.9  1530.9  4207.0  65061.5    65000  1778340967186  1778340969387
read      938.9   419.8   101.3   662.5   707.8   831.6   873.0   916.4   946.1  1311.1  1528.0  1640.4  1789.6  7215.7 12935.0  69721.9    75000  1778340970891  1778340973094
read      910.3   396.5   148.8   621.5   665.8   796.6   852.7   898.3   987.3  1323.3  1466.1  1579.0  1735.1  7150.4  8766.1  72224.5    85000  1778340974599  1778340976801
read      954.3   418.7   137.8   675.7   718.2   845.7   894.4   927.8   966.0  1269.0  1543.7  1673.3  1838.4  7260.3  9877.9  69260.5    95000  1778340978306  1778340980506
read      901.8   394.5   148.8   613.6   658.2   788.0   846.9   896.4  1003.8  1325.3  1451.2  1559.4  1720.2  7137.9  9421.1  73089.0   105000  1778340982010  1778340984213
read      949.3   408.1   148.8   677.7   712.0   834.2   880.6   923.5   972.5  1361.9  1540.0  1654.9  1833.2  7205.0  8120.8  69566.0   115000  1778340985718  1778340987916
read      921.1   410.7   137.8   650.7   695.3   809.3   858.2   896.4   939.0  1310.6  1492.5  1599.8  1742.1  7203.2 10040.7  71767.5   125000  1778340989420  1778340991624
Warning! Detected max cpu usage > 95%
CPU Usage Stats (avg/min/max): 50.00%,0.00%,100.00%
