#type       avg     std     min      p5     p10     p50     p67     p75     p80     p85     p90     p95     p99    p999   p9999      QPS   target       ts_start         ts_end
read      208.9    74.3    93.8   144.4   154.0   196.8   218.1   232.3   243.7   257.8   277.5   308.2   376.4   662.7  2771.1   4999.0     5000  1778341140423  1778341142684
read      244.6    77.3    86.8   140.6   155.3   240.3   274.6   292.3   304.7   318.3   337.3   367.3   432.0   586.8  1988.0  14854.0    15000  1778341144189  1778341146427
read      290.4   164.4    80.4   135.4   152.3   281.5   327.6   351.6   369.0   389.9   416.2   460.1   646.6  2672.9  4235.5  24934.5    25000  1778341147933  1778341150135
read      294.2   119.6    80.4   134.4   150.4   286.2   343.6   374.6   396.3   420.9   451.2   495.6   584.4   742.7  2517.3  35103.5    35000  1778341151639  1778341153841
read      314.2   162.8    80.4   135.5   151.2   300.2   367.7   403.8   430.6   460.7   498.0   550.0   667.8   830.2  6979.5  44895.5    45000  1778341155346  1778341157547
read      322.8   178.7    74.4   131.7   147.2   294.4   375.0   423.0   456.5   494.1   538.8   607.3   745.1  1330.7  4153.3  54971.3    55000  1778341159051  1778341161253
read      388.4   252.1    86.8   144.2   163.3   315.6   423.4   504.4   559.4   622.9   704.4   846.0  1194.3  2024.8  5000.4  65079.3    65000  1778341162757  1778341164959
read     1008.8  1269.1    86.8   283.4   313.0   454.0   665.8   743.8   814.6  3223.8  3417.1  3655.6  4682.6  8055.3 10136.7  66487.5    75000  1778341166464  1778341168664
read      948.9  1219.2   101.3   263.9   290.2   432.3   613.6   683.3   741.4  2986.5  3394.6  3605.8  4012.6  8040.0  9768.3  71055.0    85000  1778341170167  1778341172369
read      922.3  1203.7   109.4   258.2   281.6   425.5   597.2   659.8   712.7  1958.0  3386.7  3596.8  3970.5  8018.3  9840.3  73041.0    95000  1778341173874  1778341176073
read      937.3  1218.5    93.8   257.5   282.5   437.3   598.5   670.2   734.9  2364.8  3388.4  3610.4  4240.5  8041.0 10040.8  72133.0   105000  1778341177578  1778341179782
read      925.6  1218.1   109.4   258.8   282.4   419.9   599.4   660.2   712.7  1920.1  3392.3  3606.2  4051.0  8024.2  9786.2  73023.0   115000  1778341181288  1778341183494
read      954.9  1244.1    93.8   264.7   291.2   443.0   616.0   681.8   739.2  2593.2  3394.1  3624.7  4768.4  8062.7 10187.8  70736.5   125000  1778341184999  1778341187208
Warning! Detected max cpu usage > 95%
CPU Usage Stats (avg/min/max): 50.99%,1.98%,100.00%
