#type       avg     std     min      p5     p10     p50     p67     p75     p80     p85     p90     p95     p99    p999   p9999      QPS   target       ts_start         ts_end
read      217.0    69.8    86.8   149.4   160.2   203.1   226.0   240.2   251.9   266.6   286.1   317.8   414.7   947.5  2202.6   4920.0     5000  1778341271700  1778341273968
read      232.5    87.8    86.8   140.7   156.7   226.2   255.5   270.2   280.6   292.7   309.3   335.5   397.7   585.2  4179.6  15027.5    15000  1778341275472  1778341277710
read      258.0    95.8    80.4   134.8   149.5   257.3   297.3   316.0   329.6   344.8   366.8   399.0   471.9   640.3  2845.6  24958.0    25000  1778341279215  1778341281415
read      257.7   110.6    86.8   132.3   146.2   259.1   299.7   317.9   331.0   345.0   365.4   395.6   462.4   713.8  2538.7  34949.0    35000  1778341282919  1778341285122
read      264.9   101.5    80.4   130.2   144.2   264.5   313.9   335.9   350.4   367.8   389.6   423.1   495.1   610.4  2866.2  44977.7    45000  1778341286627  1778341288827
read      269.3   119.7    80.4   129.5   143.8   261.3   318.5   343.9   361.4   380.4   403.1   439.6   525.0   866.1  2702.6  55014.8    55000  1778341290331  1778341292534
read      270.5   114.2    86.8   130.6   144.9   256.0   317.7   346.2   366.1   388.5   415.9   458.5   546.2   699.6  3244.2  64768.0    65000  1778341294037  1778341296236
read      273.5   111.7    80.4   130.8   145.6   258.8   319.2   349.3   369.8   393.2   423.0   468.3   566.0   732.0  1211.9  75066.9    75000  1778341297741  1778341299940
read      277.9   119.4    80.4   133.0   149.2   261.3   319.4   349.9   371.6   397.2   429.8   478.9   580.9   783.7  3121.5  84623.0    85000  1778341301445  1778341303645
read      301.9   152.6    80.4   140.8   158.1   280.1   340.0   372.9   396.9   426.7   465.8   532.8   734.1  1093.3  3786.1  94466.5    95000  1778341305150  1778341307349
read      341.2   172.6    80.4   146.7   166.4   308.3   378.9   420.4   452.4   492.9   549.9   670.6   932.2  1161.7  1844.4 104877.7   105000  1778341308854  1778341311056
read      545.2   252.6    86.8   247.6   298.5   498.6   580.6   640.4   705.1   795.1   895.1  1003.0  1169.4  1460.6  7394.4 108033.4   115000  1778341312560  1778341314760
read      564.2   227.8   109.4   315.9   350.0   501.6   603.5   695.3   754.2   814.3   882.3   967.8  1091.5  1377.9  7055.7 113170.8   125000  1778341316264  1778341318464
Warning! Detected max cpu usage > 95%
CPU Usage Stats (avg/min/max): 50.74%,1.49%,100.00%
