#type       avg     std     min      p5     p10     p50     p67     p75     p80     p85     p90     p95     p99    p999   p9999      QPS   target       ts_start         ts_end
read      212.1    99.0   101.3   151.9   162.3   202.6   221.7   232.9   242.2   253.4   269.8   294.5   360.6   503.4  7536.6   4997.5     5000  1778341469951  1778341472208
read      237.8    63.3    93.8   151.3   165.5   233.4   261.0   274.8   285.7   296.8   313.8   338.7   392.5   491.8  1960.1  15085.5    15000  1778341473712  1778341475950
read      250.3    78.7    86.8   138.8   153.4   252.0   285.0   301.1   312.7   325.8   342.9   369.6   426.7   548.4  1144.3  25022.0    25000  1778341477454  1778341479650
read      256.4   102.8    86.8   133.4   147.8   258.4   297.8   315.6   328.1   341.9   360.5   387.7   444.0   748.9  4234.4  35005.0    35000  1778341481154  1778341483351
read      259.9    91.3    80.4   133.3   147.2   260.0   306.6   326.8   340.5   356.4   374.3   403.3   468.9   580.7  1408.7  44934.0    45000  1778341484856  1778341487058
read      259.8    99.7    80.4   130.3   144.2   251.8   307.5   331.8   347.4   366.0   388.7   422.4   494.8   607.4  1074.4  54572.9    55000  1778341488562  1778341490762
read      260.6   101.6    80.4   130.1   143.6   247.5   308.1   335.0   352.5   371.3   395.5   430.2   505.0   616.9  1607.8  65379.5    65000  1778341492266  1778341494466
read      258.1   119.8    80.4   128.8   142.1   238.5   301.5   331.3   350.5   371.7   397.1   433.4   508.6   701.8  3062.1  74857.5    75000  1778341495970  1778341498171
read      255.3   107.5    80.4   129.1   142.3   233.6   295.0   325.1   344.7   366.8   393.2   431.3   521.6   892.5  2273.0  85017.8    85000  1778341499675  1778341501876
read      257.3   106.6    80.4   131.7   145.5   235.8   293.3   323.8   344.4   368.0   396.3   436.3   529.8   835.6  1733.4  94964.0    95000  1778341503379  1778341505579
read      259.6   118.8    80.4   133.2   147.8   239.7   293.7   322.5   342.9   366.1   394.3   434.4   534.3   992.0  4121.7 104607.5   105000  1778341507082  1778341509280
read      289.2   140.2    86.8   144.4   162.3   270.7   322.5   350.5   370.8   394.9   426.9   479.5   632.7  1919.4  3485.9 115281.9   115000  1778341510784  1778341512986
read      331.0   144.0    80.4   157.1   178.5   305.4   363.8   398.6   426.7   462.6   515.1   606.3   795.6  1043.2  2037.0 124972.4   125000  1778341514489  1778341516689
Warning! Detected max cpu usage > 95%
CPU Usage Stats (avg/min/max): 52.24%,4.48%,100.00%
