#type       avg     std     min      p5     p10     p50     p67     p75     p80     p85     p90     p95     p99    p999   p9999      QPS   target       ts_start         ts_end
read      202.1    77.3    93.8   144.3   154.0   192.6   210.4   220.8   229.5   239.8   255.3   279.6   351.0  1196.5  2883.8   4915.0     5000  1778341403995  1778341406255
read      234.3    69.4    86.8   141.2   156.6   230.1   259.6   274.3   285.5   297.0   313.6   337.8   390.9   489.1  1617.1  14991.0    15000  1778341407759  1778341409996
read      256.3    88.6    86.8   137.4   152.2   258.9   293.2   310.5   321.8   336.7   354.4   381.2   434.8   536.4  3494.3  24742.5    25000  1778341411502  1778341413701
read      269.7    96.9    80.4   133.5   148.2   273.7   315.6   336.3   350.4   367.5   388.8   420.1   485.1   577.4  1728.1  34904.0    35000  1778341415206  1778341417404
read      270.8   108.1    80.4   127.9   142.0   271.0   320.3   343.4   360.4   379.4   402.9   439.3   518.6   655.5  2850.4  44632.5    45000  1778341418908  1778341421106
read      273.5   110.5    80.4   130.1   143.8   264.6   321.1   348.5   368.2   391.6   421.5   467.2   557.6   679.6  1285.8  54666.5    55000  1778341422611  1778341424812
read      281.1   142.1    80.4   130.2   144.5   263.3   325.2   356.0   378.6   405.6   444.1   504.0   628.0   847.8  3405.1  64933.5    65000  1778341426316  1778341428517
read      279.9   135.2    80.4   130.2   143.8   249.8   316.0   351.8   378.9   414.4   463.6   538.1   680.7   877.9  2562.8  75314.4    75000  1778341430022  1778341432224
read      291.8   153.9    80.4   133.5   148.0   254.3   320.7   359.3   389.6   429.3   486.7   576.8   809.2  1318.4  2471.5  84644.1    85000  1778341433728  1778341435928
read      329.9   237.1    80.4   139.7   155.4   266.7   333.3   377.3   418.2   482.0   582.0   749.6  1183.5  2544.0  3926.7  94805.3    95000  1778341437432  1778341439631
read      395.7   417.0    80.4   147.6   166.4   285.7   350.5   396.2   438.7   514.6   689.0  1073.7  2358.4  3595.6  7955.4 104425.9   105000  1778341441135  1778341443333
read      590.0   828.7    93.8   204.3   232.3   374.3   451.4   495.1   528.7   572.9   647.6  3159.4  3757.0  7742.3  8735.2 108807.2   115000  1778341444837  1778341447037
read      642.1   894.8    93.8   222.4   252.5   399.8   491.2   544.9   586.1   636.3   722.8  3303.3  4248.5  7845.1  9350.2 103337.2   125000  1778341448540  1778341450742
Warning! Detected max cpu usage > 95%
CPU Usage Stats (avg/min/max): 51.75%,3.50%,100.00%
