Random waveform, supplied seed
Total number of intervals = 600 (6927, 52892, 98921, 61129, 40613, 53226, 38560, 103465, 104758, 94759, 37799, 8296, 69443, 12517, 43591, 20430, 93758, 10485, 16518, 83230, 5484, 55611, 20774, 96726, 32442, 73039, 74055, 51197, 59442, 35654, 78747, 42212, 52488, 36950, 16762, 79473, 61431, 87172, 108181, 80515, 37149, 13444, 72057, 70041, 90162, 52082, 24258, 72013, 58012, 45398, 50177, 34504, 66010, 73937, 55020, 53235, 97743, 5419, 14764, 7451, 48208, 16149, 78989, 18886, 75954, 44409, 16431, 85707, 58253, 103867, 21604, 90401, 84467, 99700, 32052, 18173, 67789, 51929, 83850, 18614, 29315, 108090, 27024, 49907, 9150, 34328, 51881, 14569, 81517, 78694, 93409, 39093, 18729, 70818, 21942, 91810, 39588, 40957, 62645, 15539, 107672, 32954, 58866, 23739, 54701, 60706, 72350, 58661, 34912, 103268, 38703, 83358, 57408, 86837, 33517, 66204, 73758, 99742, 109462, 94453, 44096, 100467, 8576, 59359, 7614, 60329, 43762, 67038, 26095, 71173, 109276, 13150, 61250, 84472, 82226, 27671, 98736, 106314, 105027, 96867, 89493, 50538, 22083, 48618, 94298, 63579, 64573, 77178, 29824, 64495, 20917, 85651, 61935, 50216, 72251, 71798, 19701, 24952, 81838, 26648, 24837, 29420, 103882, 70314, 61679, 49557, 19325, 9128, 94933, 24327, 71896, 93771, 20452, 42338, 72627, 80603, 49049, 92305, 56889, 78036, 71583, 72609, 107382, 86530, 16550, 84534, 72631, 49291, 62175, 80213, 16566, 53985, 101949, 24076, 52574, 106271, 105451, 86087, 29108, 101115, 74326, 75832, 94901, 15809, 28874, 51882, 32653, 41676, 63019, 99164, 47055, 62394, 98519, 32122, 49464, 24034, 77363, 91698, 38997, 86028, 83012, 15024, 56640, 97362, 107412, 65030, 79278, 47544, 105368, 58181, 56960, 14849, 63672, 48289, 11797, 10781, 49362, 102119, 46213, 97025, 18351, 21426, 43013, 67376, 36043, 6255, 102499, 26263, 56974, 40869, 46514, 11431, 58600, 68058, 54502, 64022, 52142, 101375, 40606, 47485, 48977, 38615, 80279, 75843, 67095, 41325, 55752, 85561, 14194, 88002, 90515, 109283, 26699, 37400, 19307, 11527, 83787, 22209, 75169, 73833, 94641, 61338, 91825, 77235, 37257, 32057, 108618, 72930, 43714, 87369, 56640, 97360, 79788, 11352, 87962, 40663, 59386, 48302, 19398, 82197, 77387, 72753, 7720, 46279, 42102, 90892, 39976, 61084, 16735, 45909, 28976, 84704, 101822, 92571, 12106, 58568, 51319, 21556, 14191, 29072, 16350, 86891, 104441, 8906, 42175, 51797, 76678, 19630, 100132, 40498, 108559, 23964, 70760, 99567, 107548, 53742, 103931, 60359, 9725, 52014, 40053, 86436, 23983, 66595, 26056, 51764, 40202, 76665, 11133, 80405, 79106, 97258, 36307, 28636, 41620, 75736, 44979, 31478, 37586, 108330, 64301, 11203, 7291, 87477, 77485, 42055, 26865, 94592, 66869, 17835, 55977, 82437, 15775, 87559, 105401, 88752, 94531, 101303, 86640, 84818, 20221, 43599, 52779, 89855, 48532, 107423, 46535, 47535, 49633, 30334, 17207, 106074, 48912, 96483, 39228, 92350, 85084, 81993, 101617, 16730, 71079, 108942, 55406, 42279, 21876, 34140, 42897, 18462, 100375, 41347, 101594, 47486, 73393, 51134, 58201, 71020, 72071, 93446, 28724, 59269, 74624, 52368, 9687, 44165, 6895, 55457, 61164, 108384, 33319, 97895, 39720, 68554, 86849, 30264, 100754, 98098, 86028, 93054, 42348, 29490, 18187, 95113, 8570, 62285, 52582, 34260, 59493, 58208, 93458, 18056, 94134, 37808, 53481, 25666, 108853, 41576, 70282, 45769, 92383, 12100, 67747, 68933, 63242, 72993, 51022, 67069, 24895, 68588, 42706, 49479, 64792, 73879, 31893, 74262, 57246, 91617, 55173, 108633, 15720, 99961, 102613, 57169, 56950, 49938, 5383, 39719, 36653, 69482, 46749, 65109, 46501, 109480, 69433, 58157, 70737, 34617, 77563, 90036, 36689, 46832, 104903, 14153, 21674, 5689, 37781, 15507, 102064, 71340, 79815, 44352, 109562, 86219, 47335, 41962, 45802, 13389, 95780, 87844, 55903, 100902, 70988, 53831, 26948, 32347, 41050, 56197, 94617, 71839, 79082, 107630, 60164, 97878, 63680, 73888, 65499, 96906, 103287, 49664, 32535, 46477, 7459, 74137, 57061, 34213, 7432, 41605, 32998, 61636, 64695, 14063, 91302, 6064, 41354, 19863, 19488, 14040, 19538, 20199, 106657, 92457, 92780, 68203, 81753, 57748, 21027, 49680, 82042, 93691, 45291, 30437, 67422, 69956, 35404, 80225, 105585, 20088, 12672, 15696, 25951, 65007, 10189, 78008, 12678, 15922, 41774, 38788, 34559, 54825, 42697, 12669, 70047, 96137, 92934, 20597, 66597, 59987, 58456, 59958, 98221, 55912)
Average QPS expected = 57644
Timestamp start: 1778508059638
Timestamp end: 1778509860096

#type       avg     std     min      p5     p10     p50     p67     p75     p80     p85     p90     p95     p99    p999   p9999      QPS   target
read      240.7    79.6    93.8   158.6   173.2   230.8   253.0   266.2   274.9   289.4   310.7   346.8   460.3  1034.2  2030.2   6957.3     6927
read      314.7   256.7    80.4   129.2   143.6   265.3   343.6   389.2   422.7   462.0   509.9   594.2   863.7  3731.1  7209.9  52822.3    52892
read      289.6   225.2    80.4   126.1   140.3   231.9   286.5   326.1   357.7   399.7   471.3   659.7  1183.4  2361.4  3941.1  98653.3    98921
read      253.0   110.5    80.4   127.0   140.6   237.7   286.0   315.0   336.9   360.7   388.7   428.5   508.6   703.1  3038.9  61407.7    61129
read      257.1    94.6    80.4   135.7   151.1   251.2   288.4   311.4   328.5   346.7   369.6   402.9   479.6   715.7  2478.4  40929.3    40613
read      254.4   113.5    80.4   128.9   142.9   243.3   288.0   314.4   333.8   355.1   380.3   419.0   498.3   691.8  4319.5  53037.0    53226
read      257.4    87.4    80.4   138.5   154.2   253.0   288.6   310.0   326.2   344.4   367.4   399.8   468.6   591.5  1174.8  38730.7    38560
read      246.2   112.9    74.4   123.8   137.5   222.6   270.0   298.7   323.5   352.0   386.8   437.6   560.2  1157.9  2182.5 103210.3   103465
read      243.9   113.5    74.4   123.2   137.0   221.8   268.8   296.8   320.9   348.4   382.0   431.0   535.5   992.6  2741.2 104921.0   104758
read      241.5   107.4    74.4   120.8   134.1   219.3   268.1   296.0   320.5   347.6   380.3   429.0   536.6   882.5  2063.4  94489.7    94759
read      254.6    83.8    80.4   139.2   154.5   250.9   285.0   304.4   320.0   338.4   360.4   392.7   461.4   584.6   997.8  37851.7    37799
read      230.0    84.7    86.8   160.8   173.8   224.1   243.0   253.2   261.4   270.5   283.8   308.4   381.3   997.9  3365.2   8285.0     8296
read      246.7   106.1    74.4   123.1   136.7   229.2   277.9   306.7   329.8   355.2   384.8   426.4   509.0   667.8  3280.1  69628.0    69443
read      234.4    75.6    93.8   155.2   170.8   229.4   250.3   262.1   270.2   280.5   294.6   320.5   395.4   982.2  2307.2  12597.7    12517
read      254.3   100.4    80.4   132.5   147.5   247.7   286.2   308.9   326.2   345.5   369.2   402.8   479.3   705.8  3111.8  43371.7    43591
read      245.1    68.3    93.8   150.2   167.2   241.2   266.1   279.3   290.1   303.5   322.6   353.2   424.5   639.2  1604.3  20350.0    20430
read      245.2   107.8    80.4   121.9   135.3   222.6   271.5   301.6   326.3   354.4   388.9   437.0   553.4   806.9  1931.7  94243.7    93758
read      234.7    95.9    93.8   157.9   173.0   227.7   247.6   258.8   267.6   277.4   293.2   320.7   399.5   989.9  4055.4  10537.7    10485
read      240.9    72.6    93.8   152.9   170.1   236.8   259.1   271.1   280.6   292.6   311.1   340.3   401.5   920.7  2040.9  16498.7    16518
read      248.1   114.6    74.4   123.0   136.7   226.9   276.7   307.5   331.3   357.9   390.0   436.0   534.5   793.2  2980.7  83077.0    83230
read      228.1    92.8   109.4   158.5   170.5   220.2   239.3   250.2   258.2   268.8   283.2   310.4   404.5  1059.0  4881.1   5508.3     5484
read      251.8    98.0    74.4   127.8   141.6   240.8   285.4   312.0   332.2   354.0   379.9   419.8   498.0   634.4  1765.4  55296.0    55611
read      245.9   114.0    93.8   148.7   166.0   241.5   265.9   279.1   289.9   303.4   323.1   353.0   416.1   934.3  4217.4  20697.7    20774
read      258.2   139.2    74.4   125.0   139.5   233.4   284.0   315.8   339.9   368.9   406.4   467.3   599.4  1220.7  2853.0  96816.0    96726
read      256.9    97.6    80.4   137.3   153.1   249.6   283.5   304.8   322.2   342.5   367.4   404.3   488.5   804.0  3053.9  32407.0    32442
read      248.1   114.9    74.4   122.9   136.4   229.3   279.8   309.7   333.0   358.1   387.8   430.3   513.5   681.0  3912.2  72718.0    73039
read      247.6   108.5    74.4   122.4   135.9   228.1   278.4   308.6   331.8   357.2   387.9   430.9   526.9   787.1  2058.8  73963.3    74055
read      252.6    96.9    80.4   128.4   142.6   243.3   286.7   312.3   331.4   352.1   375.9   413.6   494.6   657.0  1491.2  51069.7    51197
read      251.7    99.7    80.4   126.1   140.1   238.4   285.7   314.2   335.2   357.7   384.4   424.1   506.7   646.6  1391.3  59386.0    59442
read      255.1    98.3    80.4   137.8   153.7   250.7   283.7   303.1   319.0   337.5   359.6   391.9   462.1   642.8  3385.1  35590.0    35654
read      245.4   100.4    74.4   121.7   135.1   226.0   275.6   305.2   329.3   355.9   387.0   431.5   522.3   713.9  1235.9  78347.3    78747
read      255.3    88.4    80.4   134.3   150.0   249.9   287.4   309.4   326.3   345.7   369.6   402.7   471.4   594.2  1650.7  42316.7    42212
read      253.4   101.2    74.4   129.2   143.4   243.5   286.8   312.8   332.2   353.3   378.1   416.8   495.0   649.8  3244.5  52696.7    52488
read      255.8    91.2    80.4   137.7   153.2   250.9   285.3   305.8   321.8   340.7   363.4   397.2   469.9   653.2  2760.5  37011.0    36950
read      242.5    79.4    86.8   153.4   171.3   238.3   260.7   272.5   282.3   293.6   311.9   341.8   406.1   928.0  2482.0  16949.7    16762
read      244.9   105.1    80.4   121.7   135.2   225.1   274.3   303.6   327.0   353.3   384.8   430.0   524.3   743.7  2130.0  79503.3    79473
read      252.8   115.0    74.4   126.0   140.1   237.7   285.2   313.0   333.9   357.2   385.7   428.2   514.7   748.6  3407.6  61432.0    61431
read      246.1   110.6    74.4   122.0   135.3   224.2   273.8   304.4   329.0   356.2   389.7   436.5   539.8   828.7  1929.6  87029.3    87172
read      243.8   116.8    74.4   123.4   137.0   221.5   268.4   296.7   320.1   347.0   381.2   431.4   539.3  1012.6  2552.3 108556.0   108181
read      245.0   113.7    74.4   121.4   134.7   224.5   273.5   303.2   327.3   354.2   385.7   430.2   526.5   779.3  3604.7  80478.3    80515
read      255.1    85.7    80.4   136.4   152.0   250.8   285.7   306.1   321.7   341.0   363.8   396.8   469.5   631.1  1475.9  37169.3    37149
read      239.7   148.2    93.8   156.3   173.2   232.8   253.7   266.1   274.0   286.0   300.3   331.2   400.1   932.7  8798.3  13257.0    13444
read      246.6   111.9    74.4   122.3   135.9   228.8   278.4   307.6   330.2   354.8   383.8   426.7   509.4   681.9  2894.0  71882.3    72057
read      251.5   110.9    74.4   124.6   138.3   232.8   283.9   315.1   338.4   362.9   392.0   434.5   525.1   688.7  3224.4  70324.7    70041
read      246.6   113.3    74.4   122.3   135.6   223.7   273.4   303.8   328.3   356.0   389.7   437.5   546.7  1003.5  2904.1  90001.0    90162
read      254.7    99.2    80.4   129.1   143.4   243.9   288.4   315.5   335.2   356.8   382.6   421.3   501.9   672.8  1974.4  52180.0    52082
read      250.1    98.3    80.4   146.9   164.2   246.9   272.1   287.0   297.1   314.0   334.9   366.2   435.3   577.4  4550.4  24196.7    24258
read      247.7   100.7    80.4   122.8   136.5   230.1   279.9   309.9   332.7   357.3   386.4   429.2   517.5   690.2  1165.2  71764.0    72013
read      255.7   117.1    74.4   127.9   141.8   241.6   288.9   317.4   338.0   360.5   387.7   428.4   514.0   755.1  3618.2  58119.3    58012
read      254.5    94.0    80.4   132.4   147.3   248.0   287.7   310.6   328.1   347.1   371.0   404.5   482.5   629.4  2265.1  45428.7    45398
read      256.3   104.1    80.4   129.8   144.4   246.6   289.8   316.2   335.3   356.1   380.8   419.9   500.8   721.1  2550.3  49841.0    50177
read      255.1    90.6    80.4   139.4   155.3   252.2   284.5   303.2   318.3   336.6   358.5   390.4   459.3   595.5  2193.1  34416.3    34504
read      249.5   103.4    74.4   124.5   138.3   233.8   281.7   310.3   332.5   356.7   385.5   428.3   519.6   670.2  1565.5  66191.3    66010
read      249.3   112.4    74.4   122.7   136.3   229.6   279.7   311.2   335.3   361.2   391.5   434.4   531.5   786.1  3121.9  73818.0    73937
read      255.7    98.2    74.4   128.6   142.8   244.4   290.1   317.7   338.0   360.2   386.8   426.1   508.9   686.2  1487.6  55041.3    55020
read      256.7   117.2    80.4   129.0   143.2   245.1   290.1   317.2   336.9   358.2   383.4   422.7   506.2   859.8  4042.6  53204.3    53235
read      244.2   112.2    74.4   122.3   135.8   221.6   270.2   299.0   323.2   350.9   385.1   433.5   542.9   882.0  2765.6  98002.3    97743
read      232.0   131.0   101.3   161.7   173.6   221.1   239.9   251.3   259.8   269.9   284.1   311.4   415.1  1928.6  7085.4   5383.7     5419
read      240.9    98.6    86.8   157.3   174.5   235.9   256.8   268.5   276.2   288.4   303.9   333.4   398.9   920.4  3306.5  14749.3    14764
read      229.0    75.6    93.8   159.1   172.3   222.9   241.5   251.8   260.1   270.0   284.2   311.2   395.0   969.1  1998.2   7519.0     7451
read      255.2    99.9    74.4   131.0   145.8   247.2   287.9   312.8   331.4   351.9   375.8   414.0   492.5   628.6  2684.1  48078.7    48208
read      244.4   122.5    93.8   154.6   172.5   239.2   261.8   273.6   284.0   295.3   314.3   344.2   415.1   908.1  4775.3  16206.7    16149
read      247.5   114.5    74.4   122.5   135.8   226.7   276.6   307.2   331.5   358.8   391.0   435.6   533.6   780.6  2092.0  78703.0    78989
read      247.1   101.2    86.8   151.8   169.7   241.4   265.5   278.2   289.1   301.9   321.5   353.5   426.6  1007.1  3966.6  18987.3    18886
read      255.2   127.2    74.4   124.7   138.3   232.3   283.4   315.6   340.1   367.1   399.7   449.7   579.5  1150.9  3443.0  75542.7    75954
read      256.2    98.8    80.4   132.8   148.1   249.1   288.6   312.5   330.5   349.9   372.8   407.7   486.8   713.5  2308.3  44611.7    44409
read      246.7    78.3    86.8   154.9   173.2   241.7   265.0   277.4   288.2   300.4   320.7   354.0   424.4   904.5  2214.9  16380.3    16431
read      248.7   137.3    80.4   122.6   136.1   224.5   273.8   304.8   330.1   358.6   393.3   444.0   557.0  1074.9  4846.2  85741.0    85707
read      254.8   109.4    80.4   127.4   141.2   239.9   287.1   316.2   338.1   361.5   388.7   427.3   512.4  1181.7  2499.0  58382.0    58253
read      248.4   117.6    74.4   124.6   138.4   225.1   272.6   302.7   327.4   356.1   391.6   444.0   562.5   956.2  2429.1 103968.7   103867
read      248.1    72.5    86.8   149.4   166.6   244.8   270.0   284.4   294.6   310.1   330.3   360.3   424.1   612.4  1942.1  21705.3    21604
read      243.0   121.7    80.4   120.9   133.9   219.6   268.8   297.1   322.1   350.0   383.6   432.1   542.0  1039.2  2984.0  90528.7    90401
read      245.3   125.2    80.4   121.5   134.8   223.1   272.3   302.3   327.7   355.5   388.2   434.3   530.9   774.3  4059.6  84658.0    84467
read      245.0   121.6    74.4   121.8   135.1   220.6   268.9   297.6   322.4   351.2   386.3   436.9   561.4  1284.7  3148.1  99728.7    99700
read      252.6    89.5    80.4   139.4   155.4   248.1   280.3   298.4   313.9   331.7   353.5   385.8   451.1   591.2  3003.8  32098.7    32052
read      245.3    73.4    86.8   152.9   170.1   241.0   265.3   278.2   288.8   300.8   319.3   347.9   412.7   928.7  2287.7  18334.7    18173
read      252.4   117.6    74.4   124.4   138.2   234.1   283.1   314.4   337.6   362.4   392.0   434.0   528.1   908.8  3320.5  67640.3    67789
read      253.4    96.8    80.4   128.8   143.1   243.5   288.0   314.6   334.5   355.8   379.9   417.0   492.1   618.4  1397.9  51935.3    51929
read      243.3   115.0    74.4   120.2   133.3   221.4   270.8   299.5   325.1   352.5   384.3   431.2   535.8   916.5  2757.5  83995.0    83850
read      244.1    84.0    93.8   151.2   168.5   240.1   264.4   277.1   287.7   298.9   317.9   345.9   410.9   843.2  3168.6  18646.3    18614
read      252.4    87.1    86.8   141.4   158.1   248.6   278.3   295.2   309.8   326.8   347.3   380.0   447.1   759.9  2251.4  29423.0    29315
read      249.1   116.5    80.4   125.0   138.9   225.4   273.0   303.2   327.6   355.7   390.7   442.8   570.5  1129.7  2527.7 108021.7   108090
read      251.3    87.0    80.4   144.2   161.2   248.3   276.0   292.1   304.9   321.0   342.0   371.6   434.5   578.5  2665.5  26856.0    27024
read      255.0   115.5    74.4   129.6   144.0   245.3   288.1   313.9   333.0   353.9   378.6   413.5   491.7   686.9  3328.1  49625.3    49907
read      232.6   113.8    93.8   158.4   172.5   225.2   245.0   255.8   264.8   273.8   289.2   318.2   409.8   993.5  7041.2   9245.7     9150
read      254.5    86.7    80.4   139.0   154.8   251.0   283.9   302.7   318.1   336.1   357.8   390.2   456.0   581.0  1993.7  34286.7    34328
read      254.7    94.7    74.4   129.6   144.0   244.4   288.3   315.3   335.2   356.9   382.4   419.4   499.8   653.1  1626.2  51899.0    51881
read      239.7   106.6    93.8   154.6   171.1   233.4   254.9   267.6   275.8   288.7   305.6   336.1   402.1   932.3  5715.0  14715.3    14569
read      250.8   119.5    74.4   123.7   137.3   228.0   277.9   309.8   334.9   362.4   395.2   443.7   557.2  1115.2  3222.5  81487.0    81517
read      248.6   114.4    74.4   123.3   136.9   227.9   277.4   309.0   334.2   361.0   392.6   437.7   535.7   732.4  1871.6  78712.7    78694
read      246.8   117.1    74.4   122.4   135.8   223.2   271.5   301.8   326.9   356.2   391.1   441.3   557.5  1032.8  2668.5  93326.7    93409
read      257.3    87.4    80.4   136.0   151.4   251.9   289.2   312.6   330.0   348.5   371.2   403.3   470.9   626.7  1096.5  39059.7    39093
read      246.6    82.5    93.8   151.8   169.1   241.7   266.4   280.0   291.2   305.5   324.7   353.7   425.0   874.1  3529.4  18616.7    18729
read      251.0   121.9    74.4   123.7   137.4   231.3   280.7   312.2   335.9   361.0   391.2   434.5   529.4  1000.6  4128.9  70800.3    70818
read      249.7    99.1    93.8   150.4   167.6   245.7   270.8   285.4   295.7   311.8   331.7   360.5   422.9   792.6  3841.3  21757.3    21942
read      244.7   115.5    80.4   121.7   135.0   222.0   270.9   300.9   326.2   353.7   386.8   433.8   542.4  1012.7  2299.4  92005.0    91810
read      256.5    86.8    80.4   135.7   150.9   251.5   288.2   311.2   328.3   346.1   369.2   402.2   474.7   631.4  1165.2  39511.0    39588
read      257.7    89.4    80.4   135.2   150.6   251.8   289.9   313.6   331.4   350.9   374.0   408.7   484.3   607.4   913.7  40917.3    40957
read      252.9   121.7    80.4   126.2   139.9   236.0   284.1   314.1   336.1   360.2   388.9   429.4   519.2   921.1  3738.2  62658.0    62645
read      243.6    85.4    86.8   156.3   173.5   238.7   261.6   273.3   283.4   294.6   313.8   343.6   403.7   892.6  4434.6  15607.0    15539
read      246.7   116.8    74.4   124.5   138.2   223.3   270.4   299.0   323.1   351.0   386.1   436.3   558.6  1223.8  2296.9 107688.0   107672
read      255.7    83.8    80.4   140.5   156.9   252.0   284.6   303.9   319.8   338.1   359.7   391.0   460.6   575.7  1288.4  32859.0    32954
read      254.1   129.3    74.4   127.9   141.4   239.6   287.1   316.4   337.8   360.7   387.9   427.8   507.2   658.2  3788.9  58746.3    58866
read      251.1   106.7    86.8   148.6   165.2   245.9   272.2   287.7   298.4   315.2   336.2   365.4   428.8  1017.5  4472.7  23811.0    23739
read      255.3   102.9    80.4   129.7   143.8   243.7   289.4   317.3   337.2   359.2   385.9   424.9   504.9   668.6  1471.7  54581.0    54701
read      252.4   112.0    74.4   125.9   139.6   237.8   286.0   315.3   336.8   359.8   386.8   425.9   504.5   675.4  3758.3  60558.3    60706
read      251.5   105.4    74.4   124.1   137.9   231.9   282.4   314.2   338.4   364.6   395.9   440.5   537.5   778.5  1553.3  72179.0    72350
read      253.2   102.8    74.4   127.5   140.9   239.5   286.8   316.8   337.8   360.2   386.6   425.6   507.1   668.6  2082.2  58686.7    58661
read      258.5   107.6    86.8   139.6   155.5   253.7   287.7   308.6   324.5   342.4   364.5   396.8   468.7   811.0  4185.6  35164.7    34912
read      245.2   109.4    80.4   123.2   136.9   222.4   270.3   299.5   324.4   352.6   387.1   436.8   548.6   935.4  1974.9 103093.7   103268
read      259.2    86.3    80.4   138.4   153.8   254.3   290.7   313.8   330.8   349.0   371.5   404.3   477.4   598.9  1424.9  38838.0    38703
read      248.8   108.6    74.4   123.3   137.2   227.8   277.0   308.7   332.9   359.6   391.8   437.8   545.0   810.0  1483.9  83170.3    83358
read      256.0   135.0    74.4   128.7   142.6   242.1   288.3   317.1   338.6   361.3   388.1   427.9   511.6   666.1  6746.8  57454.7    57408
read      248.0   115.2    74.4   122.4   136.1   225.0   273.8   305.6   331.3   359.1   392.1   440.7   549.5   988.8  2809.6  86659.3    86837
read      256.1    79.0    80.4   143.2   159.6   253.0   283.6   302.2   317.9   335.3   356.0   387.0   456.2   601.3  1915.7  33377.0    33517
read      249.4   117.4    74.4   125.1   138.8   233.8   281.3   309.8   331.5   354.9   381.8   423.2   509.5   714.2  3777.8  66062.0    66204
read      249.1   126.5    74.4   123.6   137.3   229.9   278.3   308.0   331.2   356.8   387.6   431.2   525.0   802.3  5185.7  73903.3    73758
read      244.7   112.9    74.4   122.6   136.1   222.8   270.1   298.9   323.3   350.1   383.6   433.6   546.9   992.2  1873.4  99655.3    99742
read      253.6   135.1    80.4   127.2   140.8   228.7   275.7   306.8   330.5   358.0   393.3   448.5   577.0  1637.6  3575.9 109387.3   109462
read      247.2   107.8    74.4   123.8   137.4   225.7   273.4   303.7   327.9   355.6   389.7   437.9   543.9   832.5  1950.6  94763.3    94453
read      252.4    91.3    80.4   132.3   147.0   247.0   285.3   307.9   325.1   343.4   366.0   399.3   469.4   620.1  1520.1  44104.0    44096
read      245.4   112.5    74.4   122.8   136.4   223.0   270.2   299.3   323.6   350.8   384.6   435.8   551.0  1080.8  2166.5 100681.0   100467
read      221.8    73.9    93.8   153.3   166.1   215.7   233.4   244.3   251.9   262.0   273.9   297.9   372.3   959.7  2930.4   8541.7     8576
read      249.7   103.4    80.4   126.3   140.0   236.6   282.2   309.2   329.8   351.7   378.1   418.8   503.1   683.5  2689.5  59316.0    59359
read      219.1    82.7    93.8   152.7   164.7   212.0   230.0   240.2   248.2   256.9   270.2   293.3   381.9  1004.9  3416.8   7619.7     7614
read      251.4   112.1    80.4   127.3   141.1   238.0   283.7   311.2   332.1   354.5   380.7   421.3   503.7   674.2  3421.8  60222.3    60329
read      255.2    95.0    80.4   132.9   148.2   248.5   286.7   310.0   327.8   347.1   370.6   406.9   489.1   701.3  2225.3  43769.0    43762
read      252.8   115.3    74.4   125.7   139.4   235.9   284.4   314.7   337.1   361.6   391.1   433.2   523.0   732.5  2907.3  66948.7    67038
read      248.9    92.3    80.4   144.8   162.4   244.8   271.0   285.8   296.1   313.1   334.2   365.1   441.1   907.9  4418.8  26057.0    26095
read      244.8    99.3    74.4   122.5   136.2   228.4   275.8   303.3   325.5   349.5   378.1   421.8   508.3   674.4  1600.2  71393.0    71173
read      245.3   111.1    74.4   124.0   137.8   223.2   269.6   297.7   321.8   348.4   382.1   433.4   550.4  1018.7  2052.9 109393.3   109276
read      233.0    59.5    93.8   154.9   170.9   229.3   249.4   260.6   268.8   278.2   292.9   319.7   387.8   902.2  1937.5  13248.0    13150
read      250.2   130.2    74.4   126.1   139.7   236.1   281.4   308.6   329.6   352.0   378.0   419.4   506.1   744.3  4296.2  60805.0    61250
read      245.6   110.0    74.4   122.1   135.5   225.1   272.7   302.1   326.3   352.7   385.7   433.9   539.1   850.6  2827.6  84688.0    84472
read      247.5   107.1    80.4   122.4   135.9   226.6   275.3   306.2   330.5   357.1   389.4   435.9   547.1   936.5  1731.5  82347.7    82226
read      245.5    72.2    80.4   142.0   159.1   243.0   270.0   285.0   295.5   311.9   332.4   362.2   429.8   581.9  1307.5  27671.0    27671
read      243.6   112.5    74.4   122.1   135.5   221.3   268.7   296.6   320.2   347.4   381.4   432.7   547.6  1062.5  2088.9  98290.3    98736
read      245.4   112.5    80.4   124.1   137.9   223.0   270.1   298.6   322.5   349.6   383.3   433.9   544.2  1027.4  2873.8 106104.0   106314
read      248.1   139.3    80.4   123.5   137.3   223.3   270.1   299.0   322.7   350.3   386.6   440.0   566.2  1676.8  3853.8 105190.7   105027
read      246.3   116.5    74.4   123.2   136.7   224.0   271.6   301.7   326.4   354.2   388.3   437.0   545.8   904.1  2497.1  96587.7    96867
read      244.9   123.1    74.4   121.4   134.6   222.3   270.4   299.3   323.9   351.3   385.0   434.4   549.5   982.2  3837.6  89600.7    89493
read      251.9    93.8    80.4   129.8   144.3   244.2   285.1   309.5   328.0   347.9   371.7   406.1   485.4   647.4  1363.6  50344.3    50538
read      242.6   100.8    86.8   147.0   163.8   238.7   263.2   275.0   286.2   297.9   318.5   346.7   413.3   875.9  3744.5  22131.0    22083
read      251.7   124.3    80.4   129.8   144.1   243.3   283.3   306.4   324.5   344.4   368.8   403.8   486.9   679.5  3106.4  48587.7    48618
read      245.5   115.0    74.4   122.2   135.8   222.6   270.9   299.8   324.7   351.8   385.7   435.8   555.3  1009.4  2915.0  93861.3    94298
read      253.2   113.9    74.4   126.0   139.8   236.8   285.1   315.3   337.6   361.5   390.0   431.7   525.8   725.7  3382.9  63620.0    63579
read      251.0   104.4    74.4   124.6   138.6   234.8   283.5   312.9   334.7   358.7   387.1   428.7   523.5   747.3  2005.6  64136.0    64573
read      246.9   102.3    80.4   122.4   135.9   227.6   277.1   308.0   331.4   356.7   387.4   432.5   533.4   730.8  1469.9  77285.0    77178
read      247.4    96.5    86.8   140.5   156.5   243.9   271.9   287.8   299.0   316.1   337.3   368.3   436.4   720.8  3420.2  29697.7    29824
read      250.2   116.4    80.4   124.8   138.5   234.5   282.2   311.5   333.2   356.3   383.9   426.0   517.6   719.3  4243.3  64367.0    64495
read      240.3    83.9    80.4   148.3   164.7   237.0   260.4   272.5   282.8   294.7   314.5   343.9   404.7   753.6  2186.0  20844.0    20917
read      248.2   117.5    74.4   123.7   137.1   226.2   274.8   305.6   330.5   357.7   390.2   436.7   545.1   935.9  3107.4  85491.7    85651
read      250.1   120.5    74.4   126.0   139.8   235.9   282.7   309.8   330.6   353.2   379.7   418.8   501.0   680.1  6009.6  61827.3    61935
read      251.3   113.7    80.4   129.3   143.4   242.8   283.5   306.7   324.7   345.1   369.4   404.1   485.3   676.5  3391.2  50263.3    50216
read      249.7   104.3    74.4   124.4   138.1   231.2   280.0   310.6   334.2   359.7   390.1   433.6   531.2   779.9  1257.0  72245.3    72251
read      247.0   110.0    74.4   123.1   136.6   229.3   277.5   306.8   329.9   354.2   383.7   426.8   513.8   765.9  2720.8  71631.0    71798
read      238.2    72.3    86.8   149.8   165.8   235.2   257.9   269.8   278.3   290.4   307.2   336.9   400.5   879.2  2295.9  19692.7    19701
read      245.4    72.6    80.4   145.3   162.2   243.0   268.1   281.8   292.5   307.8   328.6   358.0   423.5   670.1  1148.4  24850.3    24952
read      246.9   114.4    74.4   122.2   135.6   225.6   274.2   304.5   328.8   356.1   388.8   434.9   543.7   927.6  2693.0  81545.7    81838
read      245.3    72.3    86.8   143.7   160.4   243.0   269.2   283.8   294.5   310.1   331.1   362.4   423.7   546.7  1441.3  26689.7    26648
read      242.1    71.0    86.8   143.6   160.6   240.1   265.3   278.1   288.8   301.1   320.5   351.6   417.4   600.8  1961.3  25003.7    24837
read      246.2    75.2    80.4   141.3   157.7   244.4   271.3   286.6   297.1   314.0   334.4   364.4   432.6   613.7  1010.9  29318.7    29420
read      249.5   130.4    74.4   125.4   139.2   226.6   273.6   303.8   327.4   354.7   388.8   439.9   555.9  1098.6  5173.7 103766.7   103882
read      250.0   116.1    80.4   123.9   137.7   231.5   280.8   311.9   334.8   359.3   388.5   430.8   529.0   814.4  3085.8  70743.3    70314
read      252.3   123.0    80.4   125.1   138.9   236.4   284.0   313.0   334.3   357.2   384.7   425.9   517.0  1205.6  3398.5  61890.7    61679
read      252.9   103.9    80.4   130.2   144.5   244.7   286.1   310.1   328.4   348.8   372.3   408.4   486.1   625.7  3774.5  49552.7    49557
read      242.5    71.2    86.8   150.5   167.5   239.0   262.5   274.3   284.9   296.2   316.4   345.4   405.6   886.5  1776.1  19287.7    19325
read      232.7    90.0    80.4   160.0   174.2   226.8   246.2   256.9   265.6   274.2   289.3   315.0   388.5   940.4  2800.1   9127.3     9128
read      248.7   125.3    74.4   123.1   136.7   224.4   272.6   303.1   328.1   355.8   390.7   442.7   580.0  1253.1  3310.3  94580.3    94933
read      248.8    86.4    86.8   146.0   163.0   245.5   271.4   286.5   296.9   314.1   334.6   364.0   433.1   593.7  3744.5  24550.7    24327
read      249.2   116.0    74.4   124.2   137.9   230.6   279.6   310.0   333.4   358.9   389.3   432.8   526.9   708.3  1607.8  72020.0    71896
read      243.8   105.4    74.4   121.4   134.8   221.9   269.9   299.4   323.6   351.5   385.8   435.3   543.6   834.0  1555.8  93667.0    93771
read      242.6    74.3    86.8   148.6   165.6   239.6   263.2   274.8   285.7   296.9   316.6   345.2   410.3   904.6  2251.1  20413.3    20452
read      254.6    94.5    80.4   134.2   149.3   249.3   286.4   308.6   325.3   343.5   366.8   401.2   481.1   636.2  2000.7  42247.0    42338
read      247.6   100.4    80.4   123.1   136.7   229.2   278.3   309.0   332.6   357.9   387.7   431.1   528.4   700.7  1084.8  72400.3    72627
read      249.7   115.8    74.4   123.6   137.3   227.9   278.0   310.0   334.8   361.9   393.9   439.7   541.5   820.8  3290.3  80670.0    80603
read      255.3   100.6    74.4   131.2   145.8   246.6   289.2   314.8   333.8   354.6   378.8   415.0   493.5   627.7  1326.3  49171.3    49049
read      267.2   222.7    74.4   124.3   138.3   229.4   280.1   313.8   340.5   370.9   410.5   480.4   868.8  2683.5  9576.1  92386.7    92305
read      253.1   106.4    80.4   127.6   141.3   240.7   286.5   314.0   334.9   357.7   384.4   423.6   503.0   696.1  2726.3  56971.7    56889
read      249.0   112.7    80.4   123.0   136.6   227.8   277.7   309.3   334.3   361.1   392.8   438.2   541.2   787.7  2798.1  78044.3    78036
read      247.8   108.4    74.4   121.9   135.5   229.1   279.2   309.8   333.7   359.0   388.3   431.4   524.6   707.8  1944.7  71471.3    71583
read      249.3   105.9    74.4   122.4   136.0   229.7   279.5   310.3   334.7   361.1   392.8   437.8   543.5   757.6  1893.5  72669.0    72609
read      241.9   118.8    74.4   121.5   135.0   219.9   266.6   294.3   317.7   344.9   378.6   428.7   541.8   910.9  3121.8 107420.0   107382
read      243.4   109.8    74.4   120.7   133.9   222.2   271.8   300.8   324.8   352.2   384.4   431.6   532.1   730.2  3113.8  86629.7    86530
read      236.5    81.9    93.8   150.5   166.8   232.0   253.4   265.7   273.7   286.0   301.5   333.0   401.3   928.2  2996.9  16552.3    16550
read      244.6   117.4    80.4   121.2   134.6   223.7   272.9   302.3   327.1   354.5   386.2   431.1   522.3   814.9  2406.5  84508.0    84534
read      246.9   104.6    74.4   121.6   135.2   228.4   278.6   309.1   332.9   358.1   387.6   429.6   518.6   736.5  1502.9  72849.7    72631
read      254.1    95.3    80.4   129.6   143.9   246.0   288.7   314.5   333.6   354.3   377.4   413.7   482.9   610.1  1709.9  49477.3    49291
read      252.7   130.4    80.4   125.5   139.3   237.0   285.3   314.1   335.5   358.6   385.7   425.2   504.9   731.2  5046.8  62265.0    62175
read      243.0   111.0    74.4   120.8   134.0   223.2   273.3   302.1   326.1   352.9   384.1   427.5   506.9   680.6  1705.5  79812.7    80213
read      234.6    70.0    93.8   149.0   165.1   230.6   252.8   265.4   273.6   285.9   301.0   330.9   395.8   893.2  2503.4  16615.0    16566
read      250.6    92.0    80.4   127.4   141.2   240.9   285.9   312.0   331.2   351.8   375.9   412.1   487.9   622.1   978.3  54109.0    53985
read      244.3   132.0    74.4   122.6   136.1   221.5   269.3   298.4   323.1   350.8   384.5   433.3   543.9   820.3  3875.4 101844.7   101949
read      243.7    73.4    86.8   144.4   161.0   241.2   267.5   281.6   291.8   306.0   326.1   354.8   409.7   583.9  2025.9  24058.0    24076
read      254.5   106.4    80.4   129.3   143.7   243.5   287.5   313.7   333.3   354.9   380.1   417.8   496.0   860.2  2357.1  52465.3    52574
read      241.0   110.9    74.4   121.8   135.3   218.4   265.7   294.0   318.0   345.8   380.5   428.6   530.5   998.6  2455.1 106372.3   106271
read      244.5   113.8    74.4   122.9   136.7   221.8   268.9   297.5   321.7   349.5   383.4   433.3   547.4  1006.7  3016.7 105672.0   105451
read      243.3   102.0    74.4   120.8   134.0   222.5   272.5   302.4   327.3   354.9   387.0   431.8   516.7   690.1  1227.2  85929.3    86087
read      247.2    84.5    80.4   140.0   155.9   244.6   273.2   289.5   301.4   317.2   338.2   368.6   430.7   617.9  2693.0  29200.7    29108
read      242.9   108.0    74.4   122.2   135.8   220.9   268.6   297.1   321.5   349.3   382.7   430.6   535.3   846.5  2240.2 100819.7   101115
read      247.4   103.4    74.4   122.8   136.4   228.6   278.8   309.3   332.7   358.1   388.2   430.0   518.7   713.2  1412.2  74732.0    74326
read      246.5   100.5    74.4   122.1   135.5   227.9   278.2   308.4   332.5   358.5   388.3   429.7   509.6   684.0  1268.9  75888.3    75832
read      245.9   113.5    74.4   123.0   136.5   223.5   272.4   303.5   328.9   357.0   390.0   436.1   533.3   757.6  3394.0  94580.0    94901
read      236.1   106.0    93.8   151.4   167.1   231.2   253.0   265.2   273.0   284.7   298.8   327.7   396.1   934.6  6050.6  15718.0    15809
read      247.4    92.0    86.8   140.0   156.2   244.2   273.2   289.1   300.6   316.7   337.6   367.5   431.1   820.3  2752.7  29057.0    28874
read      252.5   108.3    80.4   128.7   143.0   243.1   286.5   312.4   331.5   351.8   375.2   411.1   481.1   643.7  3174.7  51601.3    51882
read      250.5    79.8    80.4   139.2   154.9   248.0   279.0   295.8   311.1   328.5   348.5   378.8   435.3   553.6  1933.3  32484.0    32653
read      254.3   106.8    80.4   133.1   148.4   249.0   286.7   308.4   325.4   344.3   366.7   398.8   465.2   635.3  2836.2  41768.0    41676
read      249.2    98.4    74.4   124.5   138.3   234.7   283.8   312.1   333.8   357.3   384.2   423.1   498.8   642.2  1200.0  62928.7    63019
read      243.1   125.9    74.4   121.6   135.1   220.0   268.3   297.0   321.6   349.7   382.9   430.6   530.5   943.7  3926.5  99619.3    99164
read      253.0    95.3    80.4   130.9   145.3   245.8   287.2   311.7   329.9   349.2   372.3   404.8   470.4   585.6  2285.3  46854.3    47055
read      249.7    96.2    80.4   124.9   138.7   236.3   284.3   313.2   334.5   357.1   383.5   421.6   498.5   637.0  1164.9  62674.0    62394
read      243.7   109.5    74.4   122.3   135.8   221.4   269.6   298.6   323.5   351.8   386.2   433.9   535.8   806.6  2837.0  98463.7    98519
read      256.1   118.1    86.8   141.3   158.1   252.5   284.1   302.1   317.2   335.1   356.3   386.6   445.6   573.0  4289.8  32169.3    32122
read      257.7   106.7    80.4   133.6   149.0   249.2   290.6   315.6   334.2   354.5   377.4   413.0   490.7   686.8  3139.9  49509.0    49464
read      254.2    86.4    80.4   151.4   169.1   250.0   275.7   291.6   303.7   319.1   339.3   367.9   434.7   913.5  3346.7  24096.7    24034
read      246.7   102.8    80.4   123.6   137.6   227.6   276.9   306.9   330.5   356.6   386.9   430.0   517.1   693.5  1345.3  77319.7    77363
read      241.7   103.0    74.4   121.0   134.4   220.3   269.3   298.1   322.3   350.3   383.1   429.4   523.7   699.9  1868.2  91690.3    91698
read      256.5   110.9    80.4   138.0   153.5   252.0   287.1   307.7   323.6   341.9   364.1   395.3   463.7   590.8  4289.3  38826.0    38997
read      240.7   120.1    74.4   119.4   132.5   219.4   268.9   296.7   320.6   347.7   379.6   426.7   514.5   698.0  3782.7  85825.0    86028
read      243.3   105.7    74.4   120.3   133.4   222.1   271.8   301.1   326.3   353.7   385.3   430.3   528.6   836.0  2091.4  83300.0    83012
read      233.5    67.8    86.8   151.0   167.3   229.7   251.1   263.1   271.2   282.2   296.3   325.8   390.2   895.2  2663.0  15087.7    15024
read      250.2   126.8    74.4   126.0   140.1   238.6   284.5   310.6   330.4   351.8   376.6   414.5   485.9   615.9  2519.8  56557.7    56640
read      236.0   106.0    74.4   118.5   131.3   214.3   262.5   290.1   313.0   340.7   373.5   421.1   511.6   734.9  2546.2  97010.3    97362
read      242.8   126.0    74.4   121.4   134.9   218.6   266.2   294.3   318.2   346.3   381.0   430.6   542.2  1269.1  3263.1 107103.0   107412
read      248.4   104.6    74.4   123.3   137.1   233.1   282.2   310.9   333.0   356.7   383.6   423.3   501.0   641.1  1854.8  64819.0    65030
read      244.7   108.0    74.4   120.7   134.1   224.2   273.9   303.7   327.9   354.5   385.6   429.7   531.2   847.2  1751.9  79321.0    79278
read      253.7   104.5    74.4   130.4   144.9   247.0   288.4   312.3   330.0   349.4   372.8   407.3   477.0   612.8  1408.4  47338.7    47544
read      236.9   100.2    68.9   119.6   132.5   215.0   262.3   289.8   312.8   340.8   374.1   423.8   526.1   796.5  1280.8 105241.7   105368
read      250.5   115.2    80.4   125.3   139.4   238.4   283.6   309.7   329.6   351.3   376.9   416.7   498.6   711.5  3634.7  58072.7    58181
read      248.2    98.8    80.4   125.0   139.2   238.1   282.0   307.1   326.5   347.1   372.5   408.9   486.0   682.8  2337.8  56930.0    56960
read      229.8   151.8    93.8   149.4   164.7   224.5   244.7   255.1   264.0   272.9   287.5   312.3   374.1   939.5  7273.2  14904.0    14849
read      246.4   116.4    74.4   123.5   137.4   233.1   279.7   305.7   326.1   348.7   374.0   412.7   494.1   645.5  3556.6  63522.3    63672
read      249.9    95.4    74.4   128.7   143.0   243.7   283.8   306.2   323.2   343.1   367.0   401.7   471.5   591.4  2492.0  48507.7    48289
read      226.3    66.7    86.8   151.0   164.9   222.0   241.2   252.1   260.6   270.4   284.8   311.0   381.6   936.9  2307.7  11823.3    11797
read      226.3    81.1    93.8   152.3   166.5   220.4   239.1   250.4   258.7   269.3   284.0   311.5   387.7   978.3  3215.1  10712.3    10781
read      251.0    90.6    74.4   129.7   144.1   244.3   284.6   308.2   326.3   346.0   369.7   402.9   473.0   607.2  1025.6  49453.7    49362
read      244.7   109.6    74.4   123.5   137.2   223.4   270.7   299.3   323.1   350.4   384.3   432.7   538.0   793.4  2052.2 102392.0   102119
read      249.0    88.0    80.4   130.1   144.6   244.7   282.4   303.9   321.0   340.2   362.5   394.1   460.9   588.0  1567.9  46060.3    46213
read      243.4   107.9    74.4   122.3   135.7   222.6   270.4   299.0   323.4   350.7   382.4   428.7   527.2   814.3  2621.6  96990.7    97025
read      231.8    68.4    86.8   146.1   162.2   229.5   251.1   263.0   271.0   281.8   295.9   323.5   388.5   884.5  2113.4  18433.3    18351
read      243.0    72.2    80.4   147.1   163.6   240.1   265.1   278.0   288.8   301.3   320.4   350.8   411.8   587.1  1932.1  21293.7    21426
read      251.0   108.2    80.4   131.4   146.2   244.9   281.6   302.5   319.3   338.5   361.9   395.9   466.9   667.8  3319.9  43160.7    43013
read      246.0    97.0    74.4   122.9   136.7   231.2   278.8   307.0   329.1   352.1   379.0   418.9   499.8   645.4  1561.2  67514.0    67376
read      249.5    81.0    80.4   136.0   151.4   246.7   279.2   296.8   312.3   330.0   351.0   382.1   450.6   589.3  1023.0  35997.0    36043
read      215.6    82.9   101.3   149.9   161.2   208.3   226.9   236.1   245.3   254.6   269.3   293.8   376.3   973.2  2401.7   6212.0     6255
read      243.4   112.2    74.4   122.5   136.1   222.2   268.6   296.8   320.3   347.0   380.1   428.8   539.8   946.3  2458.7 101931.7   102499
read      239.6    73.2    80.4   140.6   157.1   238.5   263.4   275.2   286.5   298.1   318.3   345.9   408.8   575.6  2047.2  26243.3    26263
read      247.6    91.6    74.4   124.9   139.0   237.8   281.6   306.8   326.5   347.2   371.7   407.3   491.1   643.3   949.5  57039.3    56974
read      250.1    99.9    80.4   132.1   147.3   246.3   280.0   298.4   315.2   333.8   355.7   388.7   463.4   670.1  2513.2  40875.0    40869
read      249.0    89.5    80.4   129.5   144.0   244.8   282.2   302.8   320.2   339.7   362.8   395.2   464.4   604.5  1966.5  46440.7    46514
read      221.0    94.4    93.8   149.5   162.9   216.4   234.4   245.5   252.8   263.1   274.4   298.0   370.3   937.9  4333.8  11301.0    11431
read      248.1    97.6    74.4   125.8   139.6   237.6   281.9   307.6   327.5   348.5   372.6   409.5   487.1   631.8  2170.0  58490.3    58600
read      243.3   109.2    80.4   121.0   134.5   228.1   275.5   301.2   322.8   346.5   373.1   413.7   497.8   722.6  3385.9  68201.7    68058
read      245.3    95.8    80.4   125.0   139.0   237.1   279.2   301.5   319.6   340.0   363.7   398.3   477.0   708.1  2490.6  54502.3    54502
read      246.1   107.6    74.4   123.3   137.1   233.3   279.9   305.4   325.2   346.9   372.7   412.4   497.1   706.3  3211.7  63617.7    64022
read      246.8    96.9    74.4   125.8   140.0   239.6   281.2   303.9   321.8   342.2   365.2   398.6   469.3   600.8  2660.4  52316.7    52142
read      236.9   103.3    74.4   119.4   132.4   216.0   263.4   290.6   313.4   340.4   372.1   420.0   521.7   794.1  1630.4 101592.7   101375
read      248.4    92.6    80.4   131.9   147.2   245.7   279.9   297.5   313.6   331.8   353.9   386.2   457.5   564.2  1079.2  40533.0    40606
read      250.6    92.3    74.4   129.3   143.6   244.8   284.7   307.2   324.5   343.9   367.3   399.9   469.2   588.9  1877.3  47285.0    47485
read      252.4    97.1    74.4   129.2   143.7   245.0   286.4   310.2   328.2   348.1   371.3   406.8   481.3   661.3  2381.2  49139.3    48977
read      252.0   100.4    74.4   134.2   149.9   248.4   282.8   301.5   317.2   335.9   358.5   390.9   458.7   586.1  2747.4  38588.3    38615
read      243.3   109.2    74.4   120.7   133.9   223.6   272.9   301.7   326.0   352.3   382.2   425.9   514.3   768.5  3285.5  80584.7    80279
read      242.9   104.9    68.9   120.0   133.4   224.6   274.0   302.3   325.9   352.3   382.5   424.1   504.2   680.0  2780.7  75655.0    75843
read      246.3   100.8    74.4   121.8   135.6   230.6   279.4   307.5   330.0   355.3   383.7   423.1   502.9   663.8  1278.5  67017.0    67095
read      254.1   131.9    80.4   132.0   147.1   247.5   284.3   305.5   322.2   340.9   363.3   396.5   470.6  1076.7  4899.1  41402.0    41325
read      251.7   111.8    74.4   126.6   140.4   240.2   285.7   311.8   331.5   353.0   378.0   416.4   495.6   795.9  2743.9  55984.7    55752
read      241.2   103.1    74.4   119.8   132.8   220.6   270.4   298.2   322.2   349.7   381.3   426.5   518.7   757.8  1823.1  85661.3    85561
read      232.0    62.1    93.8   151.3   166.8   227.8   249.1   261.2   269.9   280.8   295.8   324.7   394.9   877.3  1468.4  14197.0    14194
read      244.8   111.0    80.4   122.0   135.3   223.8   273.1   302.8   327.5   355.2   386.4   430.3   525.6   779.6  1870.0  87898.7    88002
read      244.3   114.4    74.4   121.1   134.5   222.0   271.4   301.1   325.3   352.9   385.3   431.8   540.0   919.9  3482.6  90525.3    90515
read      244.0   104.0    74.4   123.7   137.4   222.3   269.1   297.4   321.0   349.0   383.2   433.2   542.6   817.2  1346.5 109242.7   109283
read      251.2   144.5    86.8   143.1   160.1   246.1   273.2   288.9   300.2   317.1   338.9   369.7   441.6   909.9  8129.6  26879.0    26699
read      251.7    84.7    80.4   134.6   150.3   248.7   282.3   300.9   316.7   335.6   358.2   390.3   457.9   605.3  2235.5  37289.3    37400
read      239.0    68.0    80.4   147.8   165.0   236.1   259.6   271.9   281.8   293.5   311.4   340.5   403.2   643.3  1901.9  19293.3    19307
read      228.4    91.6    93.8   152.9   166.8   222.8   242.9   254.1   263.1   272.4   287.3   314.1   389.5   925.3  3127.1  11462.3    11527
read      243.0   103.1    74.4   120.6   133.8   222.8   272.3   301.2   325.6   352.9   384.2   428.7   521.3   719.3  1531.3  83823.0    83787
read      244.3    93.8    80.4   146.1   163.1   240.4   265.8   279.3   290.0   303.2   322.2   353.9   417.1   878.6  4885.1  22140.0    22209
read      244.6    99.7    74.4   121.1   134.5   226.0   275.3   305.1   329.5   355.7   384.7   427.5   509.6   704.2  1114.8  75580.3    75169
read      247.5   110.5    74.4   122.6   136.4   228.4   278.1   307.5   331.4   357.4   387.3   429.9   516.1   758.0  3135.5  74102.0    73833
read      247.5   135.5    80.4   122.7   136.3   223.9   272.5   302.7   327.7   356.3   390.1   437.6   549.2   976.0  5706.8  94962.3    94641
read      252.2    97.0    80.4   126.3   140.3   238.0   286.2   315.7   337.9   361.2   388.3   427.2   503.8   683.7   991.5  61502.3    61338
read      244.6   107.7    74.4   122.3   135.9   222.9   272.1   301.7   326.2   354.1   386.9   432.8   528.3   792.4  1994.1  91819.3    91825
read      244.5   109.7    74.4   120.8   134.2   225.4   275.2   305.0   329.3   355.8   385.2   426.6   510.1   677.0  1845.7  77178.0    77235
read      251.5    88.4    80.4   135.8   151.0   248.7   282.6   300.6   316.3   334.6   356.3   386.9   449.3   577.3  2741.2  37151.3    37257
read      249.3   108.0    80.4   137.9   153.4   245.5   276.4   293.2   306.9   323.5   344.9   373.8   436.2   702.4  3730.7  32344.7    32057
read      247.1   112.6    74.4   124.5   138.7   224.6   271.3   300.0   323.9   351.7   386.5   435.9   549.0  1104.2  2284.2 108535.3   108618
read      245.7   104.5    74.4   121.8   135.3   227.6   277.3   306.6   330.2   355.8   385.3   427.5   508.3   688.3  1477.8  72900.7    72930
read      251.7    89.2    80.4   130.6   145.5   246.4   285.7   307.9   324.8   344.3   368.0   400.1   465.5   565.5   979.0  43715.0    43714
read      245.8   117.5    80.4   122.2   135.7   224.1   273.5   304.2   329.2   357.2   389.1   433.3   528.3   738.1  2639.4  87358.7    87369
read      253.2   120.2    74.4   125.7   139.7   239.3   286.4   314.4   335.2   357.9   384.7   423.1   499.9   974.8  3829.8  56696.0    56640
read      244.5   107.8    74.4   122.0   135.5   221.8   270.8   300.6   325.3   353.9   388.2   434.9   535.6   842.1  2329.7  96888.7    97360
read      247.6   111.1    74.4   122.7   136.1   227.0   277.5   308.8   333.2   359.9   391.3   433.9   525.8   738.6  3658.9  79930.0    79788
read      229.6    72.6    93.8   153.5   167.9   224.7   244.6   255.1   264.2   273.4   288.7   315.2   386.2   937.2  2528.4  11313.0    11352
read      245.8   112.2    74.4   122.3   135.6   224.1   273.5   304.5   330.0   358.3   390.5   433.9   522.1   743.7  2888.6  87630.3    87962
read      254.5   104.8    80.4   133.4   149.0   248.3   285.3   306.6   323.3   342.7   366.1   399.5   470.3   900.0  3910.0  40718.0    40663
read      251.7    97.9    74.4   126.0   139.9   239.0   286.6   315.0   336.1   358.9   385.2   423.1   498.0   633.4  1413.0  59306.0    59386
read      253.0    90.9    80.4   129.8   144.4   245.5   287.7   312.9   331.7   352.0   374.4   407.0   470.7   588.8  1563.7  48148.3    48302
read      242.1    73.9    86.8   149.3   165.4   238.7   263.6   276.3   287.1   298.2   317.9   345.5   404.0   550.0  2155.0  19413.0    19398
read      241.8   106.3    74.4   120.2   133.2   221.7   271.4   299.9   324.2   351.9   383.0   426.3   508.7   662.3  2049.7  82275.0    82197
read      240.8   101.1    74.4   119.0   132.2   222.7   272.1   299.0   322.1   347.7   376.6   420.5   505.0   697.7  2545.1  77392.3    77387
read      242.6    98.5    80.4   120.6   134.0   226.1   274.8   302.3   325.0   350.2   377.7   419.5   500.8   664.0  1175.2  73023.7    72753
read      220.1    86.3    93.8   151.5   163.7   214.0   232.0   242.8   250.8   261.0   273.6   297.2   373.7   934.9  3445.0   7847.3     7720
read      250.2   110.6    80.4   129.6   144.1   243.1   282.0   303.4   320.6   340.8   364.9   398.2   468.0   699.8  4405.4  46129.0    46279
read      249.1    84.8    80.4   131.5   146.5   244.6   280.7   300.6   317.4   337.1   360.4   393.4   461.8   593.8  1169.2  42188.0    42102
read      242.9   124.6    74.4   120.3   133.5   220.4   269.3   297.8   322.2   349.9   382.6   430.4   532.9  1006.5  4457.5  90873.0    90892
read      252.9    85.9    80.4   133.9   149.3   248.8   285.0   305.7   321.9   341.6   364.4   396.8   465.1   583.5  1615.2  40047.0    39976
read      250.6   100.0    80.4   125.0   139.0   237.2   285.3   313.3   334.3   357.1   384.0   422.9   500.1   644.3  1928.7  61005.0    61084
read      232.5    65.0    93.8   149.8   165.5   229.7   250.8   262.7   270.8   281.5   295.5   322.8   381.6   690.2  1495.0  16729.7    16735
read      249.7    92.5    74.4   130.0   144.7   244.4   282.7   303.4   319.9   339.7   363.1   396.2   466.2   626.3  2396.2  45950.3    45909
read      247.6    96.9    86.8   140.0   156.5   245.2   272.8   288.4   299.4   315.7   336.2   366.0   431.0   693.2  3257.3  29027.7    28976
read      243.4   102.6    80.4   121.3   134.7   223.5   272.5   301.3   325.8   353.1   383.5   427.3   520.1   773.0  1588.8  84494.0    84704
read      236.3   109.9    74.4   119.0   131.9   215.1   262.2   289.4   311.6   338.6   370.6   419.0   520.3   814.9  3252.4 101768.0   101822
read      239.8   113.3    74.4   119.3   132.2   218.0   267.3   295.1   319.1   346.2   378.3   425.3   525.1   833.7  2747.9  92638.3    92571
read      226.9    90.3    86.8   150.7   165.3   221.9   241.2   252.0   260.6   270.7   285.2   311.8   382.3   963.4  4812.7  12218.0    12106
read      247.3   109.8    74.4   124.0   138.3   235.1   280.2   304.9   324.2   345.9   371.1   408.3   492.4   866.9  3548.7  58367.7    58568
read      248.8    90.6    80.4   127.0   141.3   241.2   283.4   306.7   325.1   345.6   369.6   402.9   473.6   608.2  1632.3  51343.7    51319
read      242.5    73.3    80.4   147.4   164.1   239.9   264.1   276.2   287.1   298.4   318.0   346.9   412.0   708.2  2022.7  21556.7    21556
read      230.4    81.2    86.8   151.4   166.6   226.7   246.7   257.6   266.3   274.9   290.1   316.6   380.1   914.5  3203.8  14122.7    14191
read      247.4    75.4    80.4   141.5   158.2   245.3   272.7   288.3   299.3   315.5   335.9   365.5   430.8   620.6  2079.7  28945.3    29072
read      236.6   101.6    86.8   151.0   167.0   231.6   253.4   265.8   273.8   286.0   300.9   331.5   398.7   931.6  4435.9  16301.0    16350
read      242.5   102.3    74.4   120.8   134.1   222.1   271.2   300.0   323.9   351.2   382.9   429.3   525.3   767.9  1368.3  86825.7    86891
read      240.6   116.4    74.4   120.9   134.3   218.4   265.9   293.7   316.4   343.5   376.6   426.0   535.8   891.1  3377.8 104561.3   104441
read      223.4    90.1    93.8   152.0   164.9   217.0   235.2   247.0   254.6   265.4   277.7   304.4   389.5   980.3  3147.0   9038.0     8906
read      252.1    93.4    74.4   132.6   147.8   248.1   285.1   306.2   322.1   340.7   363.4   396.5   464.9   582.0  1462.4  42084.3    42175
read      252.9   105.0    74.4   128.4   142.4   244.0   286.8   311.3   329.7   349.8   373.0   410.0   491.9   750.5  2723.6  51813.3    51797
read      245.3   102.7    74.4   121.3   134.8   226.8   275.6   304.9   328.5   354.7   384.7   428.6   521.4   768.3  1616.5  76833.0    76678
read      237.8    69.9    80.4   146.5   163.3   234.7   258.8   271.4   281.2   292.8   310.8   341.1   402.6   544.2  1023.8  19604.3    19630
read      238.0   110.1    74.4   119.6   132.8   216.9   264.9   291.8   313.9   340.6   373.0   422.8   524.5   809.9  1664.1  99922.3   100132
read      249.7   104.9    80.4   132.2   147.5   245.7   280.3   298.6   314.7   333.2   355.4   388.2   458.9   652.0  3753.8  40387.3    40498
read      244.1   117.8    74.4   122.2   136.0   221.5   268.3   296.6   320.1   347.5   381.2   430.1   546.9  1242.2  2683.4 108543.0   108559
read      241.0    69.9    86.8   142.6   159.7   238.3   264.1   276.9   287.9   300.2   320.2   352.2   417.3   657.5  1185.8  23930.7    23964
read      245.3   111.7    74.4   121.3   134.7   228.5   277.6   305.9   328.2   353.2   381.3   422.3   504.3   646.0  3539.0  71028.7    70760
read      243.5   147.0    74.4   121.4   134.9   220.3   268.5   296.4   320.3   347.8   381.5   430.6   540.5   890.2  7063.7  99752.0    99567
read      242.7   114.9    74.4   122.3   136.1   219.8   267.3   295.4   318.9   346.6   380.5   430.0   540.5   948.5  3130.8 107954.0   107548
read      250.8   103.2    74.4   127.0   140.9   240.4   284.1   308.8   328.4   350.4   375.2   413.0   490.9   743.4  2563.0  53823.3    53742
read      240.3   113.2    74.4   120.7   134.1   218.0   265.5   293.1   316.3   344.6   377.8   427.0   533.0   943.0  2510.7 103866.3   103931
read      247.6   103.1    74.4   122.8   137.1   234.5   282.5   309.1   329.9   353.3   379.0   417.5   491.9   618.9  1917.8  60329.3    60359
read      226.0    95.7    93.8   153.3   166.9   220.4   239.7   250.7   258.8   269.1   282.7   307.6   379.7   936.3  6468.6   9855.3     9725
read      251.1    97.3    80.4   127.9   142.0   243.0   285.6   310.0   328.7   349.4   373.6   408.8   482.4   611.2  1678.9  51870.7    52014
read      251.3    93.3    74.4   132.3   147.8   246.8   282.1   301.5   317.4   336.1   358.9   392.8   464.6   908.1  2432.6  40033.0    40053
read      244.6   107.2    74.4   121.3   134.7   223.3   273.3   303.5   328.5   356.0   387.1   431.5   530.6   800.3  1672.3  86191.0    86436
read      244.3    93.3    86.8   143.7   160.7   240.9   266.6   280.2   290.9   304.6   324.5   356.5   422.4   732.8  4005.3  24066.7    23983
read      249.6   129.1    74.4   123.5   137.2   233.0   281.5   310.0   332.4   356.8   384.3   423.7   504.7   706.2  4768.4  66497.7    66595
read      245.1    79.0    86.8   142.5   159.3   242.4   269.4   284.1   294.6   309.9   330.1   360.8   423.1   563.5  3018.4  25952.7    26056
read      252.0   118.3    74.4   128.2   142.3   242.2   285.0   309.5   328.3   349.2   372.5   406.9   484.3   803.5  3789.9  51573.0    51764
read      249.5    89.1    80.4   132.5   147.7   245.9   280.9   299.5   315.3   333.7   356.0   389.2   458.3   603.2  2156.3  40225.7    40202
read      243.4   106.8    74.4   120.6   133.9   225.0   274.5   303.3   326.5   352.3   381.6   424.2   507.3   681.5  2724.3  76072.7    76665
read      224.8    67.6    93.8   151.1   164.6   219.7   239.0   250.7   259.2   269.6   283.8   310.0   384.5   923.9  1981.6  11220.0    11133
read      243.8   116.5    74.4   120.6   133.8   223.5   273.1   301.6   324.8   352.1   382.9   426.8   519.1   791.5  3686.6  79958.7    80405
read      243.5   108.5    74.4   121.3   134.6   224.7   273.5   302.1   325.2   351.3   381.4   425.4   512.0   709.1  1692.2  79197.7    79106
read      238.0   100.6    74.4   119.8   132.6   216.7   265.5   293.2   316.3   344.0   376.5   424.0   513.3   725.5  1806.4  97128.0    97258
read      250.9    85.1    80.4   135.6   151.2   247.7   281.4   299.4   314.7   332.4   353.9   385.8   451.4   589.8  1595.2  36353.3    36307
read      248.3    80.5    80.4   141.3   158.1   246.0   274.3   289.8   301.2   317.4   338.3   367.8   430.1   637.3  2349.2  28677.7    28636
read      253.1   119.7    80.4   132.3   147.6   247.5   284.2   304.5   320.3   340.1   363.4   396.3   469.3   690.1  5863.7  41787.0    41620
read      244.3   103.0    74.4   121.0   134.4   226.3   275.6   303.9   326.9   352.6   382.4   425.5   510.7   730.8  1907.5  75715.3    75736
read      253.4   112.0    74.4   130.7   145.5   245.9   285.0   307.1   324.5   344.6   368.6   403.0   486.5   877.1  3976.8  45045.0    44979
read      248.0    78.7    74.4   137.8   153.4   245.0   275.5   292.6   306.5   323.6   344.6   374.2   436.9   569.7  1687.5  31512.7    31478
read      248.1    81.9    80.4   133.4   148.9   245.2   278.6   296.5   312.0   329.8   351.5   383.5   446.5   576.8  1923.3  37522.3    37586
read      237.8   111.8    74.4   120.4   133.6   216.0   262.7   289.8   312.1   339.2   371.7   421.1   520.3   877.7  3608.7 108367.0   108330
read      265.6   207.4    80.4   125.6   140.0   239.3   289.6   320.5   343.8   369.4   401.0   452.8   666.5  2432.8  9631.0  63996.0    64301
read      230.6    73.2    86.8   155.5   169.8   225.2   245.2   256.4   265.5   274.6   290.2   316.7   390.0   925.1  3121.5  11287.3    11203
read      225.2    82.0   101.3   155.9   168.4   217.9   235.6   247.3   254.8   265.8   278.3   304.7   388.6  1007.6  3187.1   7294.3     7291
read      243.1   117.5    74.4   121.2   134.5   222.0   270.4   298.8   323.5   351.0   383.0   430.1   532.1   789.8  1879.0  87489.0    87477
read      247.4   116.6    74.4   122.2   135.8   227.2   276.8   307.3   331.4   357.7   388.8   433.1   528.5   752.0  3571.3  77506.3    77485
read      252.7    87.2    80.4   132.8   148.1   247.6   285.2   307.2   324.4   344.0   367.0   398.7   466.1   608.6  1462.2  42102.0    42055
read      248.4    74.1    86.8   144.1   161.0   246.1   273.2   288.8   300.0   316.5   337.5   367.6   426.5   539.5  1341.8  26771.3    26865
read      242.3   106.2    74.4   121.2   134.4   220.4   268.8   296.9   321.5   349.9   384.3   432.2   535.1   818.4  1899.9  94203.3    94592
read      248.5   121.3    74.4   123.0   136.6   230.7   279.4   308.3   331.2   356.0   384.4   425.5   508.5  1008.9  3205.4  67082.7    66869
read      238.5    70.5    86.8   150.5   167.0   235.2   257.9   270.0   278.8   290.5   306.8   335.6   396.5   907.2  2315.8  17801.7    17835
read      251.7    96.2    80.4   128.0   141.7   240.0   286.0   312.8   333.2   355.8   381.7   419.2   496.6   614.7  1933.2  55827.0    55977
read      247.7   127.5    80.4   122.3   135.7   225.3   275.0   305.7   330.4   358.4   391.0   436.2   540.2   935.6  4243.3  82250.7    82437
read      237.5    81.7    86.8   152.1   168.3   233.2   255.3   267.8   275.8   288.2   303.7   332.7   393.0   887.6  3672.9  15795.7    15775
read      244.3   115.8    74.4   120.9   134.2   222.2   271.1   300.2   324.9   352.8   386.1   433.6   535.4   973.4  3156.2  87238.7    87559
read      242.7   108.6    74.4   122.6   136.1   220.1   267.2   295.1   318.6   346.8   381.1   431.8   542.8   947.6  2205.9 105614.0   105401
read      244.9   118.4    74.4   121.3   134.8   222.2   271.7   301.4   326.3   355.0   388.7   435.2   534.9   880.0  3795.6  88585.0    88752
read      241.1   111.0    74.4   120.1   133.3   218.5   267.1   295.7   320.1   348.6   382.0   430.7   537.5   856.4  1796.6  94921.7    94531
read      239.7   106.8    74.4   120.1   133.3   217.5   265.1   293.0   316.8   345.7   379.8   428.5   532.6   814.5  1881.9 101167.3   101303
read      243.4   116.0    74.4   120.4   133.5   221.7   270.8   300.2   325.1   353.3   385.7   432.8   532.9   826.3  2038.0  86456.0    86640
read      241.9   107.0    74.4   120.4   133.5   221.3   271.2   299.9   323.8   351.5   383.2   428.7   513.3   679.1  1967.6  84863.0    84818
read      242.0    88.2    86.8   148.4   165.1   238.0   263.2   275.7   286.4   297.1   316.7   345.5   404.0   893.0  2755.1  20259.7    20221
read      252.8    91.1    80.4   132.1   147.0   247.6   286.4   308.5   325.3   344.5   367.3   400.5   469.6   584.5  1494.9  43530.7    43599
read      251.6   105.4    80.4   128.1   142.0   241.1   285.2   310.7   330.1   351.5   375.8   413.3   488.9   680.8  3544.0  52853.7    52779
read      242.5   114.7    74.4   119.8   133.1   220.0   269.6   298.5   323.1   351.5   385.2   431.8   534.3   846.4  2680.2  89949.0    89855
read      251.7    93.0    74.4   128.1   142.6   243.9   286.4   310.8   329.2   349.3   373.7   409.1   477.5   589.3  1773.4  48702.0    48532
read      239.1   117.4    74.4   120.4   133.5   215.9   262.8   290.9   314.5   342.7   376.4   427.1   536.1   935.8  4093.8 107498.0   107423
read      252.4    90.2    74.4   130.1   144.8   245.2   286.6   310.6   328.9   349.3   371.5   403.7   474.2   590.6  1252.8  46568.7    46535
read      253.0    90.9    80.4   129.1   143.8   245.7   287.0   311.7   330.3   350.6   374.4   410.6   484.4   593.9  1303.7  47383.3    47535
read      253.7   107.7    80.4   128.4   142.8   243.9   287.3   313.4   332.9   354.1   377.7   412.8   491.9   663.9  3338.9  49569.3    49633
read      252.2    86.4    86.8   140.6   156.8   249.4   279.9   296.3   311.1   328.0   348.4   377.9   436.9   573.7  2981.7  30331.0    30334
read      240.5    82.6    86.8   151.6   168.0   235.6   259.4   271.9   281.9   293.5   312.2   341.6   403.2   902.7  2325.6  17135.7    17207
read      256.9   120.7    74.4   125.6   140.0   233.1   283.1   314.7   338.9   368.2   404.7   462.0   593.0  1100.8  2206.5 105906.0   106074
read      254.2   105.9    74.4   126.4   140.7   238.7   285.1   313.6   336.2   361.2   391.5   437.3   531.8   679.0  1944.7  48883.7    48912
read      243.2   118.3    74.4   120.7   133.8   219.8   268.3   297.2   321.9   350.9   385.1   432.6   542.9  1086.2  3661.2  96325.3    96483
read      254.0   112.0    80.4   133.8   149.3   248.8   284.7   305.4   321.4   341.0   363.6   396.6   465.9   596.9  5162.9  39174.7    39228
read      240.9   111.1    74.4   119.4   132.3   218.3   267.3   295.7   320.1   348.3   381.6   430.4   538.0   958.5  2617.3  92485.7    92350
read      243.4   113.5    74.4   120.0   133.1   221.2   271.1   301.0   326.1   354.0   387.9   435.4   535.3   808.5  2028.6  85157.0    85084
read      238.9   102.0    74.4   118.0   130.9   218.3   268.4   296.4   320.8   347.8   379.2   425.1   513.8   712.5  1566.5  82279.3    81993
read      240.1   120.6    74.4   119.3   132.3   216.2   264.0   292.6   316.8   345.3   379.3   428.7   543.0  1171.4  3478.0 101811.0   101617
read      240.9    90.2    86.8   151.6   168.4   236.2   259.4   271.6   281.3   293.2   312.0   341.5   405.3   908.4  3845.3  16672.3    16730
read      245.0   101.2    74.4   120.7   134.2   227.6   277.0   306.5   329.3   354.3   383.7   426.3   508.7   697.4  1096.4  70819.0    71079
read      241.7   110.3    74.4   121.0   134.4   218.2   265.7   294.2   318.5   346.3   381.8   433.4   546.1  1046.4  2172.4 109029.0   108942
read      249.4   102.2    74.4   125.3   139.4   238.2   283.3   309.8   330.1   352.2   377.2   414.3   487.7   618.4  3321.8  55248.0    55406
read      253.7   101.4    80.4   131.9   147.2   247.2   285.9   308.2   325.5   345.2   368.0   400.7   467.9   758.8  2535.7  41951.0    42279
read      248.3    91.9    80.4   147.5   164.4   243.9   269.7   284.4   294.9   310.8   331.3   361.3   428.0   920.8  3622.7  21942.7    21876
read      252.1    82.5    74.4   137.0   152.8   248.8   281.9   300.3   316.3   334.6   356.1   386.8   449.8   556.6  1611.1  34142.7    34140
read      252.2    88.0    80.4   131.0   146.2   246.4   285.0   307.4   325.1   344.9   368.3   401.2   468.4   597.7  1254.0  42889.0    42897
read      244.2    67.5    93.8   151.4   168.5   240.1   264.8   277.8   288.6   300.9   320.5   350.1   407.5   886.7  1947.4  18514.3    18462
read      237.4   108.9    74.4   118.9   131.5   214.6   262.4   290.1   313.3   341.2   374.3   425.4   535.9   938.7  2446.3  99814.3   100375
read      252.5    99.1    74.4   131.7   147.2   246.7   284.3   305.7   322.7   343.1   366.6   400.2   466.7   585.3  2694.0  41251.3    41347
read      242.3   108.4    74.4   121.2   134.5   219.5   267.2   295.7   320.4   348.8   383.4   434.0   544.6   921.6  1816.8 101475.7   101594
read      252.9    90.2    80.4   129.2   143.7   245.1   287.5   312.8   332.0   352.8   374.3   408.7   478.0   595.5  1230.4  47450.3    47486
read      243.8   103.3    74.4   120.4   133.7   225.3   274.8   304.3   328.1   354.2   384.4   426.4   507.2   708.0  1826.5  73262.0    73393
read      251.3   110.3    74.4   127.8   141.6   240.9   284.4   309.6   328.8   349.9   374.6   409.6   479.2   699.2  3384.5  51146.7    51134
read      249.1    96.0    74.4   125.2   139.3   237.1   283.5   310.1   330.9   354.2   380.5   418.9   489.4   604.8  1118.7  57922.7    58201
read      247.8   141.8    74.4   122.0   135.8   229.0   278.4   308.4   332.3   358.0   387.0   429.0   513.9   695.7  4296.2  70808.0    71020
read      248.1   114.9    74.4   122.1   135.8   228.3   278.5   309.0   332.5   358.4   388.6   431.4   524.8   836.9  3627.2  72153.0    72071
read      239.1   101.6    74.4   119.6   132.5   217.5   266.1   294.2   318.6   346.7   380.1   427.8   524.3   746.0  1789.9  93734.7    93446
read      247.2    85.0    80.4   140.3   156.3   244.2   273.0   289.2   300.9   317.3   339.6   369.8   430.6   716.0  1913.3  28792.3    28724
read      248.9   104.1    74.4   124.9   138.8   236.0   282.7   309.5   330.3   353.3   378.9   416.9   491.0   631.0  3521.2  59329.0    59269
read      244.4   100.3    74.4   120.8   134.2   225.8   275.0   304.5   329.0   355.6   386.0   428.7   511.7   668.5  1015.0  74882.7    74624
read      255.4    92.9    74.4   131.1   145.7   245.5   289.4   316.4   336.5   358.1   382.7   418.4   492.4   625.9  1087.5  52633.3    52368
read      232.8    78.2    93.8   160.7   174.1   226.6   246.1   257.0   265.7   274.4   289.2   314.8   394.5   974.4  3778.0   9734.0     9687
read      257.3   116.0    80.4   135.8   150.9   249.7   288.6   312.3   330.2   349.7   372.6   405.6   470.8   614.6  4201.9  44000.7    44165
read      227.7   141.2   101.3   157.1   169.0   218.5   235.7   247.6   255.3   266.5   279.8   305.2   398.0  1447.3  7721.2   6932.7     6895
read      254.3    97.2    80.4   129.7   143.8   242.4   288.4   316.5   336.9   358.5   383.6   421.3   496.7   647.1  1957.3  55451.0    55457
read      250.8   108.4    80.4   125.0   138.8   236.2   284.1   312.3   334.0   357.6   384.7   424.5   507.9   735.8  1945.2  61426.7    61164
read      242.3   106.3    74.4   122.6   136.3   220.7   267.0   294.7   318.2   346.0   380.6   430.9   538.6   814.8  2193.4 108606.7   108384
read      251.5   104.6    80.4   137.3   152.8   247.0   278.6   295.9   311.2   329.0   350.6   383.3   454.0  1003.7  3330.4  33206.7    33319
read      243.8   110.9    80.4   121.9   135.6   221.9   269.6   297.9   322.5   351.0   385.2   434.4   536.1   805.4  2317.2  97767.3    97895
read      251.0    83.1    80.4   133.3   148.7   246.7   282.5   302.5   318.5   338.1   361.5   394.7   460.7   581.3  1462.7  39549.0    39720
read      247.0   121.4    74.4   122.6   136.3   229.9   279.3   308.4   331.2   356.2   384.7   425.1   503.7   659.3  2100.9  68690.0    68554
read      241.4   107.3    74.4   120.1   133.2   220.2   269.7   297.8   322.8   351.2   383.5   429.2   520.5   699.3  1593.8  87182.3    86849
read      251.4    99.3    74.4   140.1   156.5   247.0   276.8   293.6   307.6   324.5   346.6   378.8   448.9   707.5  3083.8  30325.3    30264
read      240.9   108.3    74.4   121.6   134.7   218.4   266.0   294.0   317.8   345.7   380.1   429.5   535.2   869.6  2162.6 100761.0   100754
read      241.8   116.4    74.4   120.5   133.8   219.3   266.9   295.1   320.1   348.6   381.5   431.8   537.6   839.4  2432.9  98323.3    98098
read      243.8   106.0    74.4   121.0   134.3   222.1   271.2   300.8   325.7   353.9   386.5   432.8   537.1   819.7  1970.8  86044.7    86028
read      243.4   103.5    74.4   121.2   134.5   221.8   270.5   299.9   324.7   352.7   386.1   433.1   537.2   787.5  1240.9  93119.3    93054
read      251.0    91.2    80.4   131.4   145.9   245.5   283.3   304.8   321.7   341.8   365.2   398.2   465.8   615.1  1401.8  42397.3    42348
read      247.0    86.4    80.4   139.2   154.9   244.1   273.1   289.3   301.1   317.4   338.3   367.8   428.5   872.7  2574.9  29704.3    29490
read      235.9    80.4    86.8   147.3   163.7   232.1   254.4   267.6   276.1   288.5   304.1   333.0   394.1   924.9  2367.6  18213.0    18187
read      238.4   101.4    74.4   120.0   132.9   217.1   265.2   292.8   316.3   344.8   377.5   424.7   519.0   728.8  1624.5  94910.0    95113
read      219.4    72.0    86.8   151.3   163.7   213.7   231.6   241.9   249.8   259.3   272.2   294.8   376.0   942.2  2276.7   8542.3     8570
read      248.4    99.2    80.4   123.8   137.7   233.8   282.1   310.0   332.0   355.8   382.8   422.0   497.2   641.4  2228.1  62261.7    62285
read      252.1   102.8    74.4   127.9   141.9   241.8   286.0   311.9   331.5   353.0   377.6   414.5   490.2   666.5  2522.5  52747.0    52582
read      251.6    83.9    80.4   137.2   152.5   247.9   281.1   299.2   315.0   333.2   354.9   385.8   452.3   575.5  1873.9  34198.0    34260
read      250.8   100.3    80.4   126.2   140.0   237.1   284.0   312.0   333.9   357.5   384.1   422.5   501.7   672.0  1932.6  59453.0    59493
read      247.1   108.1    74.4   124.2   138.1   234.6   281.0   306.7   326.9   349.0   374.5   413.7   493.3   628.2  1854.0  58192.7    58208
read      247.9   124.7    74.4   123.1   136.5   223.9   272.8   303.9   329.3   357.7   391.9   440.3   549.4  1182.8  3955.3  93376.3    93458
read      240.9   122.2    86.8   148.3   165.1   235.2   259.0   271.5   281.3   293.1   311.6   342.0   411.5   909.6  7608.6  17999.0    18056
read      256.9   208.6    74.4   122.4   136.1   225.2   273.7   305.1   330.9   360.4   397.0   455.5   671.8  2665.7  9044.6  93691.3    94134
read      251.7    93.1    80.4   133.7   149.3   246.5   281.9   302.1   319.0   338.2   360.9   393.4   461.7   636.0  3315.6  37850.0    37808
read      249.4   103.2    80.4   125.9   140.0   238.7   283.3   309.2   328.8   349.4   373.2   410.4   486.0   663.4  2767.2  53458.0    53481
read      244.4    87.6    80.4   141.2   157.6   241.8   268.6   283.2   293.7   309.0   329.1   358.6   421.2   585.8  2864.3  25794.7    25666
read      248.0   146.6    74.4   121.7   135.4   220.7   268.1   296.1   319.9   348.2   384.2   438.9   658.4  1604.8  4420.8 108667.7   108853
read      249.2    92.7    80.4   130.7   145.5   244.1   280.9   300.9   317.5   336.9   360.4   394.8   463.5   648.3  3101.1  41825.3    41576
read      246.9   125.1    68.9   120.7   134.3   227.5   276.5   306.2   330.3   355.4   384.7   429.7   538.0   897.9  3384.2  70407.0    70282
read      249.3    99.1    80.4   128.5   142.6   242.4   281.5   303.4   321.7   342.4   366.2   400.0   476.4   629.3  2834.7  45709.7    45769
read      241.9   105.0    74.4   120.3   133.2   219.7   268.7   297.3   322.5   350.9   384.8   432.1   534.3   881.5  1612.2  92345.7    92383
read      223.8    83.2    86.8   148.9   163.2   219.1   238.0   249.2   256.8   267.1   279.5   303.2   374.1   939.2  3157.7  12073.7    12100
read      246.4    97.6    74.4   122.4   136.1   230.8   279.3   307.5   329.8   354.3   381.9   423.1   506.2   681.0  1258.5  67716.7    67747
read      246.2   100.0    74.4   121.5   135.0   229.4   278.0   306.9   330.2   356.3   385.7   427.9   510.5   654.5  1422.5  68966.3    68933
read      248.1   107.5    68.9   123.1   137.0   232.3   280.9   309.3   331.9   355.9   382.5   422.0   503.5   700.9  3771.0  63218.3    63242
read      245.6   111.9    74.4   121.3   134.8   227.2   276.6   306.4   329.8   355.3   384.4   427.5   513.6   712.7  2204.4  72718.0    72993
read      251.7    98.0    74.4   128.2   142.3   242.1   285.9   311.2   330.4   351.2   374.6   411.1   483.9   652.8  2439.3  51057.3    51022
read      245.5   105.4    74.4   122.1   135.6   229.7   278.0   306.8   329.3   353.3   380.6   421.6   498.5   653.7  1277.2  67336.3    67069
read      242.8    74.0    80.4   142.2   158.4   240.2   267.1   281.6   292.2   306.8   327.1   357.5   415.0   549.7  1573.6  24820.3    24895
read      247.0   109.2    74.4   122.0   135.7   229.1   278.4   307.1   329.9   355.3   384.9   425.2   507.8   954.5  2097.7  68436.3    68588
read      250.6    97.6    74.4   131.1   145.9   244.9   283.0   304.8   322.5   341.6   363.9   395.0   460.1   622.4  2742.5  42784.3    42706
read      250.8   102.1    80.4   128.1   142.1   242.2   284.7   308.8   327.7   348.4   371.9   404.4   472.9   740.8  2495.5  49365.7    49479
read      245.7    96.2    68.9   122.2   136.1   231.0   279.8   307.7   329.6   353.2   379.7   418.8   492.0   626.0  1084.1  64675.0    64792
read      243.1   105.9    80.4   120.7   133.8   225.0   274.4   303.0   326.9   353.0   383.0   424.8   505.0   640.1  1157.0  73824.0    73879
read      250.7   166.0    86.8   137.3   153.5   245.9   277.4   294.5   309.1   326.3   347.2   377.7   438.2   591.9 11250.7  31991.3    31893
read      242.7   106.1    74.4   119.6   132.7   223.9   273.7   302.5   326.4   353.0   382.9   425.0   509.5   708.8  1783.1  74026.3    74262
read      252.2   100.6    80.4   125.6   139.8   239.4   286.8   315.1   336.2   358.8   385.0   422.5   497.8   755.6  2180.9  57437.7    57246
read      245.7   112.9    74.4   122.1   135.5   222.5   271.4   301.3   326.7   355.8   389.1   436.0   544.9  1057.5  2719.3  91707.3    91617
read      251.7   123.3    74.4   126.2   140.2   239.3   284.6   311.6   332.2   354.5   380.5   418.8   495.4   684.1  4030.7  55141.0    55173
read      242.1   106.4    74.4   122.1   135.8   220.3   266.4   294.4   318.1   346.5   381.3   431.3   540.2   846.9  1591.4 108915.0   108633
read      230.9    63.7    86.8   149.0   164.3   227.6   249.1   261.2   269.8   280.2   294.2   320.3   381.9   882.4  1928.0  15738.3    15720
read      236.2   107.3    74.4   119.2   132.0   214.6   262.4   289.5   311.8   339.4   372.0   421.2   518.5   774.9  1885.1 100081.3    99961
read      240.4   112.1    74.4   120.2   133.4   217.6   264.7   292.4   315.9   343.7   377.2   428.0   546.7  1083.2  2403.8 103003.7   102613
read      251.1   103.7    74.4   125.8   139.5   238.7   285.4   312.5   333.4   355.9   381.4   419.2   495.3   660.4  2748.9  57026.0    57169
read      250.5    96.9    74.4   125.5   139.6   239.0   285.1   312.3   332.8   354.6   379.6   417.0   498.2   653.0  1730.8  56908.0    56950
read      251.0   108.3    74.4   127.7   141.6   242.1   284.4   309.8   329.4   349.7   372.5   406.1   483.8   639.9  3550.8  49750.3    49938
read      218.4    92.2   101.3   151.2   162.1   209.8   228.5   238.7   247.7   257.8   272.3   297.1   388.8  1418.4  3590.7   5473.0     5383
read      261.0   179.8    74.4   133.8   149.1   248.4   286.1   309.0   326.9   346.3   371.3   411.8   527.1  1894.5  8799.4  39527.3    39719
read      251.7    83.9    86.8   136.1   151.4   247.9   282.2   301.1   317.2   335.7   357.9   390.4   456.8   621.8  1661.5  36549.3    36653
read      247.3   100.7    74.4   122.7   136.3   230.6   279.5   309.3   332.3   357.1   385.9   426.8   509.1   690.5  1802.9  69276.3    69482
read      250.1    88.1    74.4   129.2   143.6   243.8   284.2   307.1   324.9   345.4   368.5   401.1   467.9   572.9  1098.6  46740.7    46749
read      248.4   117.4    80.4   122.8   136.4   231.5   280.5   309.0   331.4   356.3   384.2   424.3   504.1   780.4  3510.1  65279.0    65109
read      253.1    94.6    74.4   129.8   144.3   245.4   286.6   311.6   330.5   350.7   373.5   408.4   485.5   620.8  2037.5  46624.3    46501
read      251.4   129.6    74.4   125.7   139.7   226.9   273.8   304.4   328.3   356.3   391.9   447.0   595.5  1159.8  3650.5 109010.0   109480
read      245.0   101.9    74.4   121.5   134.8   227.8   277.5   307.3   330.4   355.3   383.2   422.5   500.2   659.8  2339.3  69429.0    69433
read      249.0   103.5    74.4   124.4   138.5   236.8   283.1   310.3   331.3   353.8   378.9   415.1   490.3   646.1  2474.0  57931.7    58157
read      246.9   110.7    80.4   121.7   135.1   228.0   277.9   308.1   331.8   357.4   387.0   429.9   518.1   834.2  2113.4  70806.0    70737
read      249.1    87.3    80.4   135.1   150.8   246.1   278.7   295.9   311.3   329.1   350.5   381.0   439.8   584.6  2144.3  34468.3    34617
read      244.3   111.0    74.4   120.8   134.2   224.5   274.5   303.7   327.2   353.5   384.6   429.0   514.4   736.5  2338.7  77540.0    77563
read      238.9   111.8    74.4   118.8   131.8   217.1   266.3   294.3   318.2   346.3   378.6   425.7   517.7   745.3  3584.9  89816.3    90036
read      247.7    80.1    80.4   133.8   149.1   244.4   277.8   295.8   311.3   329.4   351.4   382.6   446.2   544.8  1753.8  36486.7    36689
read      248.5    94.3    80.4   128.2   142.6   241.5   281.5   303.5   321.8   342.4   366.2   400.0   466.0   593.8  2026.1  46649.3    46832
read      242.1   124.5    74.4   121.3   134.8   218.6   265.8   293.7   317.5   345.5   380.1   430.1   543.4  1073.9  3570.2 104845.3   104903
read      230.0    68.3    93.8   150.2   165.1   226.0   246.8   258.5   267.4   276.8   292.0   318.7   385.7   912.8  1467.9  14212.7    14153
read      238.3    73.2    86.8   143.1   159.3   235.9   261.2   274.0   284.8   296.1   315.6   343.6   398.4   541.5  3052.7  21664.3    21674
read      214.7    67.5    93.8   149.1   159.9   208.4   226.8   236.0   244.7   253.3   267.5   291.2   377.3   994.2  1927.1   5756.3     5689
read      249.1    85.7    80.4   133.9   149.2   245.8   280.0   298.2   314.4   332.7   354.4   385.9   449.1   576.9  1468.8  37595.3    37781
read      231.2    89.5    80.4   147.8   163.6   227.1   248.2   259.9   268.5   278.5   293.7   320.2   386.0   933.7  3903.8  15562.3    15507
read      241.2   105.2    74.4   121.3   134.7   219.5   266.5   294.4   318.4   346.4   379.5   428.5   538.3   856.7  1651.7 101921.7   102064
read      243.6    97.6    74.4   120.5   134.2   226.9   276.0   304.7   327.2   351.7   380.7   423.1   500.9   635.4   879.7  71580.7    71340
read      240.6   101.1    74.4   118.8   131.7   221.4   271.3   299.4   323.1   350.2   380.8   424.3   508.7   684.6  1447.7  80031.0    79815
read      249.0    89.8    80.4   129.5   144.0   243.9   282.1   303.2   320.2   340.5   363.8   396.5   462.8   579.6  1712.4  44364.7    44352
read      236.8   117.7    74.4   119.7   132.8   214.0   260.1   286.8   308.7   336.9   370.4   420.6   528.2  1123.9  3181.4 109395.3   109562
read      240.3   102.7    74.4   119.5   132.4   219.7   269.4   298.2   323.3   350.2   380.9   425.4   508.4   678.2  1063.9  85968.3    86219
read      249.3   112.6    80.4   128.0   142.0   241.6   282.9   305.8   324.2   344.1   368.0   400.9   467.0   580.3  3750.2  47374.7    47335
read      250.2    92.5    80.4   131.1   146.1   245.0   282.5   303.2   320.0   339.1   362.2   395.0   462.1   618.7  2457.0  41907.3    41962
read      249.9    92.8    74.4   128.9   143.4   244.2   284.2   306.1   322.7   342.5   366.8   400.2   466.7   577.8  1757.0  45642.0    45802
read      228.4    73.4    93.8   149.9   164.7   224.5   244.3   255.2   264.3   273.4   288.3   313.4   383.1   962.9  2436.7  13460.7    13389
read      238.3   117.2    74.4   118.4   131.2   216.4   264.6   292.0   315.5   343.1   375.6   424.7   530.3   825.1  3210.6  95394.7    95780
read      241.8   123.9    74.4   119.4   132.5   220.2   269.8   298.4   323.4   351.2   384.0   429.1   521.8   730.0  2502.2  87793.0    87844
read      245.3    91.6    74.4   123.6   137.7   235.5   280.7   305.1   324.5   344.7   369.7   403.2   471.8   624.1  1119.7  55625.7    55903
read      237.6   118.9    74.4   119.4   132.3   215.3   262.9   290.4   313.8   341.3   373.1   423.0   524.8   866.4  3888.8 100812.7   100902
read      243.7   100.9    74.4   121.2   134.5   226.5   275.8   304.2   326.9   351.1   379.2   421.6   504.4   694.5  1628.6  71213.3    70988
read      253.7   146.6    80.4   127.5   141.2   240.6   284.9   310.6   330.4   352.6   378.7   417.8   506.3   997.1  8105.9  53701.0    53831
read      250.8   136.8    86.8   141.6   157.8   243.4   271.7   288.0   299.8   317.4   339.5   370.9   461.1  1414.6  7250.6  26822.3    26948
read      247.4    92.0    80.4   137.5   152.6   244.8   275.2   292.0   305.3   321.9   342.9   372.2   434.3   659.8  3026.9  32383.7    32347
read      249.8    86.2    80.4   131.9   147.1   246.0   282.6   302.6   318.6   337.3   359.6   391.8   455.4   554.5  1179.8  40980.7    41050
read      250.6   114.6    74.4   126.1   139.9   238.3   283.6   309.7   329.8   352.0   377.7   415.8   494.8   797.0  3773.9  56192.7    56197
read      244.9   113.9    74.4   121.5   135.0   221.5   270.4   299.8   325.0   353.8   387.9   436.3   548.9  1039.9  2473.9  94293.3    94617
read      244.9   105.9    74.4   120.9   134.2   227.0   276.5   305.8   329.1   353.9   383.2   425.8   509.3   688.8  2796.0  71831.0    71839
read      243.4   103.7    68.9   120.0   133.2   223.2   273.1   302.8   327.1   353.3   384.4   429.0   525.7   808.3  1340.5  78913.0    79082
read      234.8   119.8    74.4   118.8   131.6   212.3   258.3   285.5   307.6   335.5   368.8   417.0   513.0   936.5  3458.5 107477.3   107630
read      247.4    94.4    74.4   123.3   137.3   235.0   282.2   309.4   330.4   353.2   379.3   417.1   492.6   622.5  1218.9  60131.3    60164
read      234.5   100.4    74.4   118.1   130.6   213.2   261.1   288.6   311.7   340.4   372.5   419.2   507.7   707.5  1577.5  97716.0    97878
read      245.9   100.7    74.4   122.7   136.4   231.1   279.4   307.6   329.8   353.3   379.4   418.7   495.7   643.7  1614.9  63607.0    63680
read      244.9   125.4    74.4   120.0   133.3   225.1   274.8   304.2   327.9   354.1   383.9   425.9   508.4   837.6  3421.1  74369.0    73888
read      245.9   105.8    74.4   122.0   135.6   230.3   278.7   306.6   328.7   352.3   379.6   418.5   494.2   715.5  2688.7  65421.0    65499
read      239.7   126.0    74.4   119.5   132.3   216.2   264.7   292.8   316.9   345.2   378.8   427.1   532.0  1040.8  3035.6  97014.0    96906
read      243.5   117.5    74.4   121.6   135.1   220.0   267.6   296.0   320.8   349.7   384.2   433.5   551.1   990.8  2605.4 103454.3   103287
read      247.3    89.6    74.4   126.8   140.8   239.8   281.2   304.4   322.8   344.0   368.1   401.4   467.5   586.5  1286.1  49592.3    49664
read      247.3    88.7    80.4   136.1   151.7   244.5   274.9   292.1   305.8   322.5   343.7   373.5   433.8   580.0  3094.5  32416.3    32535
read      250.2    94.6    74.4   129.2   143.5   243.1   283.5   306.6   325.2   345.1   368.2   400.9   469.5   624.9  2036.3  46678.7    46477
read      217.1    74.6    93.8   149.6   161.4   211.1   229.4   239.7   248.3   258.0   271.3   294.0   371.9   980.3  3081.0   7542.3     7459
read      242.8    99.0    74.4   121.0   134.2   224.9   274.2   302.9   325.8   351.6   381.5   423.6   502.8   644.0  1364.8  74030.3    74137
read      247.6    94.7    74.4   124.4   138.2   235.9   281.8   307.8   328.5   351.5   376.8   414.9   487.6   610.9  1100.4  56680.0    57061
read      248.6    89.4    80.4   135.2   151.0   245.1   277.7   295.4   310.9   328.9   350.7   381.5   439.1   558.0  3813.0  34299.7    34213
read      219.1   102.4    93.8   150.9   162.6   212.8   231.3   241.6   249.3   258.4   271.4   293.3   365.8  1302.7  4003.6   7418.3     7432
read      249.1    90.6    80.4   131.5   146.3   244.6   281.9   302.2   318.8   338.1   360.6   392.0   455.5   545.6  1687.1  41523.3    41605
read      247.6    80.3    80.4   136.5   151.9   244.6   275.7   293.5   307.9   324.9   345.8   375.1   435.5   579.3  1516.1  32805.3    32998
read      247.4    96.4    80.4   123.7   137.2   233.1   280.7   309.3   331.4   355.2   382.0   421.7   498.2   655.9  1093.3  61612.0    61636
read      247.3    97.6    80.4   123.2   136.7   232.4   281.3   310.2   332.6   356.1   382.7   421.6   498.8   631.9  1478.1  64477.7    64695
read      232.5   102.7    86.8   149.5   164.6   227.0   248.2   260.1   268.8   279.1   293.7   319.5   378.3  1390.3  3934.7  14234.7    14063
read      239.8   102.6    74.4   119.4   132.3   218.1   267.3   295.7   321.2   349.2   381.0   428.1   529.5   761.0  1312.8  91444.0    91302
read      216.5    78.9    93.8   149.3   160.0   208.8   227.6   237.7   247.2   257.4   271.7   296.0   389.7  1115.7  3037.5   6043.7     6064
read      250.3    91.8    80.4   131.6   146.3   245.5   283.2   304.4   321.3   340.6   363.2   394.6   455.0   569.5  2316.2  41128.0    41354
read      240.0    89.7    86.8   145.7   162.6   236.0   260.5   273.2   283.9   295.5   314.7   343.9   403.8   898.2  4181.8  19900.7    19863
read      236.3    79.9    80.4   145.3   161.5   233.0   257.2   269.9   279.0   290.6   307.0   335.3   399.1   880.7  2539.0  19483.0    19488
read      231.5    69.4    86.8   150.2   165.7   227.4   248.7   260.6   269.2   279.6   294.4   320.7   379.8   919.7  2369.4  14176.7    14040
read      238.3    64.2    86.8   145.8   162.3   235.5   259.8   272.4   282.6   294.2   312.7   340.7   399.7   791.5  1076.7  19580.3    19538
read      241.3    83.6    80.4   146.3   163.0   237.0   262.2   274.8   285.5   296.4   315.8   345.3   416.3   944.9  3049.1  20194.7    20199
read      241.9   118.6    74.4   121.4   134.9   218.9   266.0   294.2   318.0   346.5   380.9   430.1   538.6   968.2  2964.5 106311.3   106657
read      242.8   113.2    80.4   120.8   134.0   220.0   269.2   298.1   323.3   351.9   384.7   431.2   532.4   875.6  2796.9  92401.0    92457
read      243.3   106.2    74.4   121.0   134.2   220.6   269.9   299.0   324.8   354.0   387.7   434.4   538.5   856.6  1852.9  92785.7    92780
read      245.4    99.7    80.4   121.4   134.8   229.2   278.6   308.4   331.6   355.7   383.4   422.3   497.7   644.9  1270.4  68044.0    68203
read      241.6   109.8    74.4   119.0   132.1   221.4   270.9   299.3   323.9   351.3   382.9   426.8   519.7   735.7  1681.9  81630.0    81753
read      248.7   117.6    74.4   124.2   138.2   235.3   282.1   309.1   329.8   352.0   377.6   414.1   489.7   719.7  3144.7  57953.7    57748
read      237.7    67.2    80.4   143.4   160.6   234.8   259.8   272.6   282.9   294.4   312.8   341.4   403.6   757.3  1971.3  21009.3    21027
read      249.8    90.1    74.4   128.0   142.0   241.7   284.3   309.5   328.9   349.2   372.3   404.1   469.7   585.2   929.9  49772.7    49680
read      245.0   106.6    74.4   121.3   134.5   223.9   273.7   304.3   329.7   357.2   388.7   432.5   526.6   784.5  1894.6  81991.7    82042
read      240.8   110.0    74.4   120.2   133.3   218.8   267.6   296.7   321.6   349.3   382.7   429.2   525.4   776.1  2054.2  93825.3    93691
read      251.6    90.7    80.4   130.2   144.7   245.2   285.1   308.3   326.4   346.5   369.8   402.7   469.9   577.5  2048.0  45298.7    45291
read      247.6    92.8    80.4   138.3   154.0   244.3   274.0   290.9   303.9   320.1   341.3   370.7   433.1   727.7  3858.5  30400.7    30437
read      247.4    99.5    74.4   123.1   136.6   230.8   280.5   309.8   333.0   358.3   386.3   425.8   502.7   660.5  1760.0  67365.0    67422
read      244.1   100.2    74.4   121.2   134.5   227.0   277.1   306.1   328.9   353.9   382.2   422.7   501.1   630.6  1189.4  69933.0    69956
read      249.9    87.3    80.4   134.7   150.1   246.3   280.0   298.1   315.0   333.6   354.9   384.0   445.8   615.5  2490.5  35282.3    35404
read      245.5   110.3    80.4   121.6   134.8   224.7   274.0   304.9   330.3   357.3   388.4   431.3   521.2   799.9  2992.3  80020.3    80225
read      241.0   132.2    74.4   120.0   133.1   216.3   263.3   291.0   314.3   342.6   376.2   426.9   547.0  1659.2  3226.5 105482.0   105585
read      236.8    82.2    86.8   144.8   162.1   233.6   257.7   270.5   280.0   291.9   309.7   338.2   396.6   721.1  1681.5  20004.3    20088
read      226.1    76.7    93.8   150.7   164.8   222.8   242.2   252.9   261.5   271.0   284.4   306.6   367.6   915.2  3015.0  12712.7    12672
read      232.0    68.2    93.8   148.7   164.4   228.3   250.0   262.3   270.9   282.3   296.5   326.2   389.6   759.7  1909.9  15606.7    15696
read      246.5   135.0    80.4   140.5   156.7   240.4   267.8   282.5   293.2   308.6   329.5   362.3   448.6  1224.2  7332.5  26083.0    25951
read      254.2   172.2    74.4   123.3   137.2   232.8   281.4   311.2   334.1   358.6   387.6   431.4   565.9  1950.4  8452.6  65062.0    65007
read      225.1   125.0    93.8   150.3   163.6   217.6   236.3   248.5   256.6   267.5   281.2   307.1   384.7  1011.9  6215.9  10249.3    10189
read      239.8   100.6    74.4   119.0   131.9   221.2   270.7   298.5   322.1   348.2   377.9   421.1   501.9   639.2  1536.3  77885.3    78008
read      225.1    70.2    80.4   148.9   162.9   221.4   241.2   252.6   261.5   271.3   285.5   309.5   374.0   898.7  3259.2  12635.3    12678
read      235.9    99.9    86.8   149.5   165.4   231.2   253.3   266.0   274.1   286.5   301.6   332.0   397.6   926.0  6102.8  15829.0    15922
read      249.6    85.3    74.4   131.5   146.5   245.3   282.5   303.0   319.3   338.6   361.3   394.2   459.8   562.2  1031.9  41738.0    41774
read      251.7   103.2    80.4   132.8   147.9   246.6   282.6   301.9   317.8   336.9   360.1   393.7   462.0   882.2  3151.0  38925.7    38788
read      247.1    89.2    80.4   134.4   149.9   243.8   275.8   293.1   307.3   324.2   345.2   377.8   440.9   615.3  3177.7  34551.7    34559
read      248.2    95.3    80.4   124.9   138.9   237.4   282.9   309.1   329.1   350.4   374.4   411.1   483.0   608.8  1915.2  54821.3    54825
read      248.8    92.2    74.4   130.0   144.5   243.7   281.4   303.0   319.8   339.1   362.0   394.4   462.2   587.5  1977.0  42585.7    42697
read      227.0    94.6    93.8   149.8   164.1   222.0   241.5   252.7   261.5   271.2   285.4   310.0   374.1  1030.9  3835.7  12607.3    12669
read      249.4   101.4    74.4   124.1   137.7   231.3   280.9   311.4   335.4   361.1   391.0   433.6   524.0   682.5  1286.4  69814.3    70047
read      245.4   114.4    74.4   122.2   135.6   221.9   270.6   300.9   326.6   355.6   389.7   438.3   551.6   909.8  2018.4  96095.7    96137
read      249.2   122.2    74.4   122.7   136.2   224.4   273.4   305.1   331.1   360.4   395.5   448.8   583.4  1023.6  3732.1  92716.3    92934
read      245.4   151.0    86.8   145.6   162.2   238.4   263.8   277.0   288.3   301.3   320.9   353.1   432.6   933.2  7918.7  20645.7    20597
read      248.8   100.2    74.4   122.4   136.2   233.5   282.8   311.7   334.0   358.5   386.8   426.6   502.8   635.1  2196.8  66788.3    66597
read      250.6   101.2    74.4   124.7   138.9   238.0   285.2   312.3   333.1   356.1   382.6   421.7   495.5   613.5  2529.2  59877.0    59987
read      249.7    98.1    74.4   124.3   138.8   237.7   284.5   311.1   331.5   354.4   381.1   418.5   489.3   614.0  1605.4  58454.3    58456
read      250.7   101.1    74.4   123.7   138.0   238.3   285.8   313.8   334.8   357.5   383.9   423.1   500.3   626.4  1935.0  60080.3    59958
read      241.1    99.2    74.4   120.1   133.5   220.7   269.4   297.5   321.7   350.1   382.3   430.4   519.4   650.2  1104.4  98056.0    98221
read      252.5   123.1    74.4   126.0   139.9   240.4   286.3   312.5   332.9   355.5   382.0   419.5   492.7   687.5  4246.2  55947.0    55912

Total QPS = 57627.5 (103729512 / 1800.0s)

Total connections = 64
Misses = 0 (0.0%)
Skipped TXs = 0 (0.0%)

RX 25621189217 bytes :   13.6 MB/s
TX          0 bytes :    0.0 MB/s
Warning! Detected max cpu usage > 95%
CPU Usage Stats (avg/min/max): 99.89%,2.00%,100.00%
