Random waveform, supplied seed
Total number of intervals = 60 (6927, 52892, 98921, 61129, 40613, 53226, 38560, 103465, 104758, 94759, 37799, 8296, 69443, 12517, 43591, 20430, 93758, 10485, 16518, 83230, 5484, 55611, 20774, 96726, 32442, 73039, 74055, 51197, 59442, 35654, 78747, 42212, 52488, 36950, 16762, 79473, 61431, 87172, 108181, 80515, 37149, 13444, 72057, 70041, 90162, 52082, 24258, 72013, 58012, 45398, 50177, 34504, 66010, 73937, 55020, 53235, 97743, 5419, 14764, 7451)
Average QPS expected = 53209
Timestamp start: 1778686667002
Timestamp end: 1778686967310

#type       avg     std     min      p5     p10     p50     p67     p75     p80     p85     p90     p95     p99    p999   p9999      QPS   target
read      385.4   632.7   109.4   192.8   208.5   274.0   301.9   318.1   332.7   351.6   396.6   871.7  2973.2  8029.9  9301.3   6918.8     6927
read      450.2   632.7    93.8   165.5   184.0   322.7   402.3   453.5   494.5   548.6   634.7   997.3  3126.2  8099.7 13634.3  52796.8    52892
read      789.4  1169.1    93.8   205.5   236.8   361.4   427.8   487.4   585.3  1440.7  2377.4  3354.9  6192.9  8574.4 13235.0  99027.6    98921
read      489.2   670.6   101.3   176.1   198.4   335.0   403.6   450.8   491.6   551.1   677.5  1407.7  3483.5  7913.2 10690.2  61074.6    61129
read      461.0   617.4    93.8   166.3   185.8   334.3   413.6   458.4   491.1   533.3   598.7  1069.8  3454.9  7561.6  8438.7  40676.4    40613
read      433.9   525.0   101.3   166.3   185.5   328.7   409.9   460.3   500.1   552.3   633.2   899.3  2673.4  7641.2 12619.5  53291.8    53226
read      431.2   485.0   101.3   165.9   185.1   333.3   409.5   451.5   482.5   522.9   584.7   964.1  2770.1  5606.3  8137.3  38739.6    38560
read      852.1  1361.2    93.8   209.7   238.0   351.5   429.6   535.1  1182.0  1546.6  1987.8  3331.4  7690.1 11586.3 12947.9 103575.6   103465
read      992.0  1846.2    93.8   221.0   247.7   362.2   451.2   652.6  1309.7  1512.9  1741.6  3811.6 10176.4 12609.6 15174.3 104930.0   104758
read      633.3   881.7   101.3   209.5   235.6   345.8   431.9   533.4   690.3  1114.5  1478.5  1747.8  4563.2  9246.7 15449.3  94836.0    94759
read      497.6   836.3    93.8   173.9   192.4   298.0   371.5   438.8   506.9   614.7   819.9  1259.5  4417.6  8988.4 15312.7  37778.4    37799
read      355.0   473.3   101.3   164.0   178.0   251.8   292.1   318.5   343.2   382.6   486.6   996.9  2146.6  7584.8  8136.7   8340.4     8296
read      919.5  1238.7   101.3   197.0   221.4   329.3   514.5  1168.6  1537.3  2066.2  2617.2  3192.8  6172.2  9468.2 11897.8  69321.8    69443
read      347.7   375.4   109.4   183.3   202.7   292.2   328.0   347.8   363.8   383.7   418.4   626.1  1625.4  7131.5 10560.5  12500.4    12517
read      422.9   478.5    93.8   166.5   185.8   330.1   405.9   450.8   484.6   528.8   590.5   798.6  2696.1  6452.2  8087.4  43652.8    43591
read      395.7   404.4   109.4   175.6   195.9   321.2   370.8   398.6   421.1   450.6   502.6   923.8  2138.9  5266.3  8094.4  20466.2    20430
read      695.4  1070.7   101.3   206.4   235.5   359.0   421.9   468.9   521.1   688.8  1561.8  3196.0  6090.0  8998.3 11348.2  93721.6    93758
read      338.8   318.8   101.3   187.1   204.5   287.1   320.3   340.1   355.3   373.5   404.0   605.3  1606.6  4204.1  7967.2  10556.0    10485
read      379.9   381.1    86.8   182.8   203.4   312.1   356.8   381.6   399.8   426.3   470.5   806.3  1942.4  6385.5  8087.0  16484.6    16518
read      861.4  1432.9    93.8   197.4   224.8   340.0   423.7   579.1  1038.2  1506.1  2256.6  3298.2  8530.6 11622.0 13538.7  83148.8    83230
read      375.2   743.2   109.4   181.1   196.6   260.4   287.4   303.8   317.2   338.1   378.6   777.1  2667.0  8821.6 15441.3   5502.0     5484
read      447.9   535.0    93.8   165.0   183.8   323.3   406.6   461.2   505.9   567.2   665.7  1103.1  2942.8  6730.1  9538.2  55412.2    55611
read      414.1   487.8    93.8   176.1   195.5   320.9   371.2   398.9   421.3   450.4   501.2   963.9  2745.8  7056.4  8108.5  20816.8    20774
read      717.0  1056.0   101.3   207.6   235.2   352.8   421.7   479.9   556.5  1117.3  1745.4  3130.6  5325.2  8751.2 14081.4  96647.6    96726
read      456.4   550.0   101.3   170.0   189.6   329.6   405.5   449.8   484.3   535.9   656.2  1275.3  2805.1  7626.0  9158.0  32405.6    32442
read      959.4  1487.6    93.8   203.4   228.7   323.8   395.6   662.7  1389.4  2116.3  2832.5  4013.1  7482.5 10677.8 13165.8  72933.4    73039
read      879.9  1327.9   101.3   203.5   229.2   339.8   465.5   848.9  1267.9  1598.8  2479.8  3209.8  7670.3 10831.7 12689.6  74115.8    74055
read      612.2  1179.2    93.8   170.2   191.0   330.9   416.0   475.4   531.5   623.6   868.2  1846.4  7820.6 10663.1 14412.5  51202.8    51197
read      585.8   745.6    93.8   175.4   198.1   359.6   493.0   590.8   678.8   823.5  1124.2  1757.6  3907.6  7993.5 10656.5  59242.0    59442
read      444.0   573.2   101.3   167.6   187.2   336.3   411.1   452.5   482.3   522.7   589.1  1018.2  2900.5  7752.2 16002.9  35774.2    35654
read      804.1  1100.4   101.3   197.1   224.5   343.9   440.6   627.3  1141.7  1595.8  2369.9  3107.5  5300.8  8124.4 11018.4  78827.4    78747
read      490.6   617.5   101.3   166.7   187.2   336.0   422.2   474.9   519.1   580.6   734.6  1484.7  3242.9  7649.1  9084.7  42278.6    42212
read      473.6   626.1   101.3   168.1   188.8   341.7   428.6   484.3   530.0   589.9   689.8  1120.7  3101.4  8009.5 13706.1  52456.8    52488
read      426.5   470.5    93.8   164.4   184.1   334.4   409.3   450.8   480.6   519.5   580.4   895.4  2785.2  5578.4  8079.5  37013.0    36950
read      396.1   463.4   101.3   178.0   198.8   311.6   356.5   381.0   399.3   426.1   471.4   894.8  2435.4  7555.1  9306.7  16781.2    16762
read      829.7  1576.6    93.8   189.3   217.7   348.9   452.4   595.6   799.0  1131.1  1525.2  2881.5  9332.3 12114.1 15531.6  79417.6    79473
read      594.1   760.5    93.8   173.1   194.5   332.5   454.1   590.1   734.7   965.5  1303.5  1992.4  3486.7  7997.7 12168.0  61448.4    61431
read      984.7  1301.1    93.8   214.7   240.0   337.2   440.3  1340.5  1720.3  2494.2  2851.5  3662.2  5923.7  8183.6 10248.6  87049.4    87172
read      651.6   869.9    93.8   230.3   263.0   402.1   468.2   512.9   552.8   625.9  1276.3  2880.8  4183.6  7902.3 10378.2 108227.2   108181
read      535.2   613.6   101.3   203.0   228.6   370.2   452.9   511.5   569.2   681.6   994.5  1482.1  3306.7  7684.2  8906.7  80370.6    80515
read      447.2   577.6   101.3   167.8   187.3   325.0   401.1   445.4   477.3   520.6   590.4  1090.4  3240.4  7557.7  9318.0  36987.8    37149
read      371.5   410.3   109.4   182.6   201.7   297.6   335.5   356.7   371.8   394.6   432.2   799.4  2193.3  5512.8  8123.5  13451.8    13444
read     1000.9  1321.1    93.8   211.2   235.0   326.4   430.3  1409.2  1806.4  2515.7  2867.1  3727.3  5980.2  8622.8 11644.6  72007.8    72057
read      954.2  1309.0    93.8   203.9   229.2   333.6   472.2  1197.2  1574.9  2200.1  2743.0  3458.9  6302.4  9815.3 12733.4  70119.6    70041
read     1007.0  1321.1   101.3   216.7   240.9   339.2   469.4  1430.8  1741.7  2480.0  2817.2  3644.8  5864.3  9769.7 12655.8  89797.0    90162
read      929.0  1248.7    93.8   204.4   229.1   336.2   537.5  1190.2  1520.5  1950.1  2633.1  3341.6  6321.4  9268.4 11771.6  52158.6    52082
read      448.3   583.6   101.3   171.3   189.6   315.7   382.9   426.3   463.7   532.0   739.1  1222.8  2683.0  7882.1 12894.7  24354.0    24258
read      926.9  1395.9   101.3   205.0   231.5   345.1   462.6   903.2  1399.3  1776.6  2610.3  3523.8  6992.1 12620.1 17127.2  71877.4    72013
read      576.3   830.4    93.8   175.9   198.8   353.4   475.0   566.9   645.4   774.9  1064.5  1694.9  3714.5 10059.0 16481.0  58168.8    58012
read      441.1   525.4    93.8   167.7   187.3   334.3   414.3   461.2   496.6   540.9   608.1   925.2  2942.8  7154.2 10223.0  45422.4    45398
read      444.8   531.9    93.8   167.6   187.4   335.9   420.1   470.6   511.3   564.0   640.5   944.8  2845.6  7445.8  9421.9  50141.8    50177
read      445.0   564.7   101.3   170.2   190.3   337.3   409.5   449.6   478.4   514.7   572.6   897.4  3178.5  7450.1  8106.2  34531.4    34504
read      473.5   569.9   101.3   168.0   186.7   319.8   403.7   467.3   527.0   622.0   826.1  1336.2  2908.7  7241.4  8929.6  66111.6    66010
read      865.7  1321.9    93.8   205.6   233.5   345.3   422.2   508.5   766.2  1641.8  2707.4  3594.0  6460.3  8858.3 10694.9  73829.6    73937
read      482.5   579.1    93.8   169.5   191.3   347.9   446.1   507.7   556.9   621.0   728.0  1162.4  3146.5  7620.7 10116.3  55160.4    55020
read      406.2   426.0    93.8   163.4   182.3   327.5   406.3   455.8   493.2   540.0   603.8   743.3  2147.6  5985.8  8712.9  53327.0    53235
read      799.9  1234.3    93.8   207.9   235.5   357.7   449.2   559.3   878.8  1431.1  1882.7  3154.8  6456.1 11214.2 15772.1  97891.4    97743
read      363.7   622.8   109.4   182.3   199.2   269.0   299.8   319.0   336.6   361.5   409.5   661.7  2136.9  8003.3  8135.4   5358.0     5419
read      396.7   460.0   109.4   181.4   202.6   308.4   350.5   373.5   392.8   418.6   469.0   994.9  2425.7  7379.1  8900.1  14751.2    14764
read      321.9   295.1   109.4   191.1   207.0   275.0   303.3   318.8   332.3   347.6   375.7   530.1  1465.2  2744.3  8989.1   7434.6     7451

Total QPS = 53210.7 (15963215 / 300.0s)

Total connections = 64
Misses = 0 (0.0%)
Skipped TXs = 0 (0.0%)

RX 3942914105 bytes :   12.5 MB/s
TX          0 bytes :    0.0 MB/s
Warning! Detected max cpu usage > 95%
CPU Usage Stats (avg/min/max): 99.73%,50.25%,100.00%
